rental_id,rental_date,inventory_id,customer_id,return_date,staff_id,film_id,store_id,category_id,name,rental_duration,rental_rate,replacement_cost,name_customer
2,2005-05-24 22:54:33,1525,459,2005-05-28 19:40:33,1,333,2,12,Music,7,2.99,16.99,Tommy Collazo
3045,2005-06-20 12:42:00,3065,459,2005-06-23 10:49:00,2,673,2,12,Music,3,0.99,19.99,Tommy Collazo
1977,2005-06-17 09:38:22,2468,459,2005-06-23 14:19:22,2,540,1,12,Music,7,2.99,10.99,Tommy Collazo
10233,2005-08-01 01:54:23,4571,459,2005-08-10 00:23:23,2,999,2,3,Children,5,2.99,28.99,Tommy Collazo
2075,2005-06-17 16:40:33,2415,459,2005-06-19 13:55:33,2,527,1,11,Horror,4,4.99,24.99,Tommy Collazo
6206,2005-07-11 12:32:14,1368,459,2005-07-15 15:01:14,2,301,2,11,Horror,4,0.99,24.99,Tommy Collazo
3506,2005-07-06 00:22:29,19,459,2005-07-07 22:15:29,1,4,1,11,Horror,5,2.99,26.99,Tommy Collazo
10255,2005-08-01 02:46:13,4558,459,2005-08-03 05:54:13,1,995,1,11,Horror,5,4.99,11.99,Tommy Collazo
7717,2005-07-28 04:33:54,730,459,2005-07-30 02:46:54,2,159,2,5,Comedy,5,4.99,12.99,Tommy Collazo
7913,2005-07-28 11:47:23,4001,459,2005-08-05 06:36:23,1,871,2,5,Comedy,6,4.99,19.99,Tommy Collazo
8289,2005-07-29 02:23:24,4579,459,2005-08-06 03:23:24,2,1000,2,5,Comedy,3,4.99,18.99,Tommy Collazo
8557,2005-07-29 11:19:59,1481,459,2005-08-07 12:50:59,1,324,1,5,Comedy,3,4.99,11.99,Tommy Collazo
7820,2005-07-28 08:28:51,4475,459,2005-08-05 10:00:51,1,978,1,5,Comedy,3,0.99,12.99,Tommy Collazo
7639,2005-07-28 01:14:36,767,459,2005-07-29 00:19:36,1,167,1,16,Travel,6,4.99,10.99,Tommy Collazo
8897,2005-07-30 01:00:17,1964,459,2005-08-01 03:41:17,1,428,2,8,Family,6,2.99,21.99,Tommy Collazo
3234,2005-06-21 02:39:44,3252,459,2005-06-29 07:27:44,1,715,2,8,Family,3,4.99,25.99,Tommy Collazo
9744,2005-07-31 09:15:38,839,459,2005-08-03 10:31:38,2,183,2,8,Family,4,4.99,14.99,Tommy Collazo
10117,2005-07-31 21:14:31,1894,459,2005-08-01 15:59:31,2,412,2,6,Documentary,6,4.99,25.99,Tommy Collazo
3041,2005-06-20 12:35:44,2676,459,2005-06-23 18:28:44,2,587,1,6,Documentary,6,4.99,20.99,Tommy Collazo
1876,2005-06-17 02:50:51,384,459,2005-06-18 07:21:51,1,85,2,6,Documentary,4,0.99,29.99,Tommy Collazo
4519,2005-07-08 02:51:23,4425,459,2005-07-12 06:52:23,2,967,2,14,Sci-Fi,5,2.99,26.99,Tommy Collazo
5301,2005-07-09 15:42:10,245,459,2005-07-16 21:27:10,2,55,1,14,Sci-Fi,6,2.99,27.99,Tommy Collazo
2899,2005-06-20 02:39:21,1919,459,2005-06-23 06:47:21,1,417,1,1,Action,5,0.99,29.99,Tommy Collazo
7623,2005-07-28 00:37:41,1146,459,2005-08-04 19:38:41,2,253,2,1,Action,5,4.99,18.99,Tommy Collazo
5695,2005-07-10 09:43:40,440,459,2005-07-13 15:04:40,2,97,2,1,Action,7,0.99,24.99,Tommy Collazo
10531,2005-08-01 12:06:30,3846,459,2005-08-04 10:23:30,2,842,2,10,Games,4,2.99,13.99,Tommy Collazo
9639,2005-07-31 05:32:10,1373,459,2005-08-03 07:04:10,2,302,1,10,Games,5,2.99,29.99,Tommy Collazo
6750,2005-07-12 14:49:39,3838,459,2005-07-18 18:43:39,2,841,1,15,Sports,5,2.99,9.99,Tommy Collazo
10499,2005-08-01 11:00:20,3293,459,2005-08-10 11:52:20,2,725,1,4,Classics,6,4.99,25.99,Tommy Collazo
9137,2005-07-30 10:09:24,840,459,2005-08-06 04:30:24,2,184,1,4,Classics,3,2.99,24.99,Tommy Collazo
1449,2005-06-15 19:19:16,1525,471,2005-06-18 15:24:16,2,333,2,12,Music,7,2.99,16.99,Dean Sauer
9560,2005-07-31 02:17:27,4236,471,2005-08-07 03:33:27,1,921,1,12,Music,7,2.99,29.99,Dean Sauer
616,2005-05-28 15:45:39,989,471,2005-06-02 09:55:39,1,220,2,12,Music,7,2.99,13.99,Dean Sauer
6912,2005-07-12 22:17:16,1701,471,2005-07-19 18:18:16,1,370,2,3,Children,4,2.99,26.99,Dean Sauer
9502,2005-07-31 00:02:10,2700,471,2005-08-01 19:47:10,1,593,2,11,Horror,6,0.99,13.99,Dean Sauer
2165,2005-06-17 23:51:10,2392,471,2005-06-21 23:54:10,1,522,2,5,Comedy,4,2.99,9.99,Dean Sauer
8199,2005-07-28 23:10:25,404,471,2005-08-04 23:30:25,1,89,2,2,Animation,7,0.99,22.99,Dean Sauer
6336,2005-07-11 19:30:13,1229,471,2005-07-20 21:27:13,2,272,1,7,Drama,5,4.99,9.99,Dean Sauer
9077,2005-07-30 08:00:19,4324,471,2005-08-08 11:21:19,1,942,1,7,Drama,7,0.99,27.99,Dean Sauer
10828,2005-08-01 23:16:10,2448,471,2005-08-09 21:17:10,1,534,2,8,Family,5,0.99,18.99,Dean Sauer
1447,2005-06-15 19:13:51,984,471,2005-06-21 22:56:51,1,219,1,6,Documentary,6,4.99,20.99,Dean Sauer
6293,2005-07-11 17:24:57,4260,471,2005-07-13 18:45:57,2,926,2,6,Documentary,5,2.99,11.99,Dean Sauer
3917,2005-07-06 20:19:29,2747,471,2005-07-11 00:49:29,1,602,2,14,Sci-Fi,5,0.99,14.99,Dean Sauer
4020,2005-07-07 01:42:22,3760,471,2005-07-10 00:53:22,1,823,1,1,Action,4,2.99,21.99,Dean Sauer
10430,2005-08-01 08:37:06,1150,471,2005-08-03 07:25:06,1,254,2,15,Sports,4,2.99,11.99,Dean Sauer
2350,2005-06-18 12:25:29,1179,471,2005-06-23 11:35:29,1,263,1,15,Sports,6,4.99,14.99,Dean Sauer
3073,2005-06-20 14:33:26,3164,471,2005-06-26 08:42:26,2,694,2,4,Classics,6,4.99,15.99,Dean Sauer
5499,2005-07-10 00:27:45,1525,127,2005-07-17 06:11:45,1,333,2,12,Music,7,2.99,16.99,Elaine Stevens
2412,2005-06-18 16:58:58,1946,127,2005-06-27 22:57:58,1,424,1,3,Children,6,0.99,12.99,Elaine Stevens
708,2005-05-29 03:23:47,3133,127,2005-05-31 21:27:47,2,688,2,3,Children,6,0.99,12.99,Elaine Stevens
9859,2005-07-31 13:02:55,4094,127,2005-08-05 11:04:55,1,892,1,2,Animation,3,4.99,18.99,Elaine Stevens
5983,2005-07-11 00:34:11,351,127,2005-07-15 05:37:11,1,78,1,2,Animation,7,2.99,12.99,Elaine Stevens
8209,2005-07-28 23:29:28,2484,127,2005-08-07 04:22:28,2,545,1,9,Foreign,4,0.99,14.99,Elaine Stevens
4811,2005-07-08 17:04:24,4032,127,2005-07-12 16:41:24,2,878,2,16,Travel,3,4.99,25.99,Elaine Stevens
452,2005-05-27 19:30:33,2993,127,2005-05-30 20:53:33,2,656,2,16,Travel,3,0.99,9.99,Elaine Stevens
10973,2005-08-02 04:09:42,3562,127,2005-08-08 05:24:42,2,778,1,8,Family,3,4.99,24.99,Elaine Stevens
10787,2005-08-01 21:35:01,3246,127,2005-08-10 23:30:01,1,715,1,8,Family,3,4.99,25.99,Elaine Stevens
10197,2005-08-01 00:35:25,1186,127,2005-08-07 06:04:25,2,264,2,10,Games,6,2.99,13.99,Elaine Stevens
1293,2005-06-15 09:06:24,2882,127,2005-06-18 06:58:24,1,632,1,13,New,5,4.99,10.99,Elaine Stevens
7912,2005-07-28 11:46:58,745,127,2005-08-05 12:50:58,1,163,2,13,New,4,0.99,29.99,Elaine Stevens
4652,2005-07-08 09:47:51,4198,127,2005-07-16 04:09:51,2,913,1,13,New,3,0.99,20.99,Elaine Stevens
1803,2005-06-16 20:32:47,3784,127,2005-06-21 02:03:47,1,828,2,4,Classics,7,2.99,12.99,Elaine Stevens
9711,2005-07-31 08:06:41,1525,231,2005-08-02 10:30:41,2,333,2,12,Music,7,2.99,16.99,Georgia Jacobs
5560,2005-07-10 03:13:24,720,231,2005-07-19 06:03:24,2,158,1,12,Music,6,2.99,16.99,Georgia Jacobs
3561,2005-07-06 02:54:33,213,231,2005-07-14 07:44:33,2,48,1,3,Children,3,4.99,24.99,Georgia Jacobs
6877,2005-07-12 20:32:58,3968,231,2005-07-18 18:01:58,1,864,2,3,Children,5,0.99,21.99,Georgia Jacobs
8556,2005-07-29 11:18:27,2793,231,2005-07-30 05:21:27,2,613,1,5,Comedy,5,0.99,19.99,Georgia Jacobs
329,2005-05-27 01:57:14,2659,231,2005-05-31 04:19:14,2,583,2,2,Animation,3,4.99,26.99,Georgia Jacobs
512,2005-05-28 03:07:50,2176,231,2005-06-05 02:12:50,2,470,1,2,Animation,4,4.99,24.99,Georgia Jacobs
2423,2005-06-18 17:32:08,1744,231,2005-06-21 11:58:08,1,379,2,7,Drama,7,0.99,14.99,Georgia Jacobs
3839,2005-07-06 16:30:30,3230,231,2005-07-11 19:00:30,1,709,2,7,Drama,7,2.99,19.99,Georgia Jacobs
4969,2005-07-08 23:51:26,4563,231,2005-07-12 03:21:26,2,996,1,6,Documentary,6,0.99,9.99,Georgia Jacobs
4289,2005-07-07 15:45:58,3172,231,2005-07-09 11:11:58,2,697,1,1,Action,7,0.99,16.99,Georgia Jacobs
479,2005-05-27 22:39:10,2060,231,2005-06-05 22:46:10,2,447,1,10,Games,5,2.99,28.99,Georgia Jacobs
6862,2005-07-12 19:58:09,3477,231,2005-07-18 15:48:09,2,762,2,10,Games,6,0.99,29.99,Georgia Jacobs
8949,2005-07-30 03:17:02,2876,231,2005-08-08 07:38:02,1,631,1,15,Sports,4,0.99,11.99,Georgia Jacobs
5096,2005-07-09 06:08:23,490,231,2005-07-14 11:36:23,1,109,2,13,New,3,0.99,17.99,Georgia Jacobs
769,2005-05-29 12:51:44,1523,575,2005-06-01 17:43:44,1,333,1,12,Music,7,2.99,16.99,Isaac Oglesby
454,2005-05-27 19:31:36,3499,575,2005-05-30 15:46:36,1,767,1,12,Music,6,4.99,13.99,Isaac Oglesby
3558,2005-07-06 02:49:06,1742,575,2005-07-15 01:38:06,2,378,2,12,Music,5,2.99,24.99,Isaac Oglesby
6907,2005-07-12 22:03:49,2516,575,2005-07-18 19:18:49,1,553,2,3,Children,4,0.99,12.99,Isaac Oglesby
9733,2005-07-31 08:57:35,1255,575,2005-08-04 04:47:35,1,277,1,11,Horror,4,4.99,24.99,Isaac Oglesby
10629,2005-08-01 15:33:32,997,575,2005-08-08 12:40:32,2,222,2,11,Horror,4,4.99,27.99,Isaac Oglesby
774,2005-05-29 13:19:43,1188,575,2005-06-01 18:51:43,1,265,1,5,Comedy,5,4.99,28.99,Isaac Oglesby
1866,2005-06-17 01:53:19,2579,575,2005-06-19 06:14:19,2,565,1,9,Foreign,6,4.99,9.99,Isaac Oglesby
7139,2005-07-27 06:52:21,846,575,2005-07-30 01:45:21,1,185,1,9,Foreign,3,2.99,10.99,Isaac Oglesby
7083,2005-07-27 04:28:39,2663,575,2005-07-30 04:35:39,2,585,2,7,Drama,4,0.99,25.99,Isaac Oglesby
8904,2005-07-30 01:08:33,3622,575,2005-08-04 02:33:33,1,790,2,7,Drama,6,0.99,22.99,Isaac Oglesby
17,2005-05-25 01:06:36,830,575,2005-05-27 00:43:36,1,181,2,16,Travel,7,2.99,10.99,Isaac Oglesby
395,2005-05-27 11:45:49,752,575,2005-05-31 13:42:49,1,164,2,6,Documentary,4,0.99,20.99,Isaac Oglesby
1494,2005-06-15 21:54:20,244,575,2005-06-19 18:46:20,1,55,1,14,Sci-Fi,6,2.99,27.99,Isaac Oglesby
8989,2005-07-30 04:39:19,954,575,2005-08-06 02:11:19,1,212,2,1,Action,7,4.99,14.99,Isaac Oglesby
5875,2005-07-10 19:06:47,964,575,2005-07-18 17:33:47,2,215,1,10,Games,4,4.99,27.99,Isaac Oglesby
10331,2005-08-01 04:57:14,4152,575,2005-08-07 06:46:14,1,902,1,15,Sports,6,4.99,22.99,Isaac Oglesby
8711,2005-07-29 17:27:15,3471,575,2005-07-31 12:57:15,1,760,2,13,New,5,2.99,21.99,Isaac Oglesby
1824,2005-06-16 21:51:04,2269,575,2005-06-18 18:12:04,1,490,1,13,New,4,2.99,13.99,Isaac Oglesby
2060,2005-06-17 15:42:42,1523,64,2005-06-22 16:39:42,1,333,1,12,Music,7,2.99,16.99,Judith Cox
6744,2005-07-12 14:30:28,2565,64,2005-07-14 16:20:28,1,562,1,12,Music,6,0.99,12.99,Judith Cox
1001,2005-05-31 00:46:31,1498,64,2005-06-06 06:14:31,2,328,2,3,Children,7,2.99,28.99,Judith Cox
7045,2005-07-27 03:27:35,1788,64,2005-08-01 06:31:35,2,388,2,5,Comedy,5,0.99,16.99,Judith Cox
8602,2005-07-29 13:04:27,4002,64,2005-08-03 12:21:27,2,871,2,5,Comedy,6,4.99,19.99,Judith Cox
7082,2005-07-27 04:27:32,2032,64,2005-07-30 06:06:32,2,443,1,5,Comedy,6,2.99,11.99,Judith Cox
6457,2005-07-12 01:06:35,2970,64,2005-07-14 03:27:35,1,651,1,2,Animation,3,0.99,20.99,Judith Cox
4288,2005-07-07 15:38:25,1508,64,2005-07-13 16:23:25,2,330,1,2,Animation,7,4.99,22.99,Judith Cox
5114,2005-07-09 07:07:05,3734,64,2005-07-15 03:06:05,1,816,2,2,Animation,3,0.99,27.99,Judith Cox
9924,2005-07-31 15:04:57,1986,64,2005-08-05 20:07:57,2,433,1,2,Animation,4,2.99,23.99,Judith Cox
10889,2005-08-02 00:54:33,2098,64,2005-08-07 19:42:33,1,455,1,9,Foreign,7,4.99,11.99,Judith Cox
494,2005-05-28 00:39:31,1850,64,2005-06-02 19:35:31,1,403,1,7,Drama,5,4.99,18.99,Judith Cox
3982,2005-07-06 23:14:16,4327,64,2005-07-08 21:21:16,2,942,2,7,Drama,7,0.99,27.99,Judith Cox
7476,2005-07-27 19:08:56,2288,64,2005-07-31 16:36:56,2,496,1,16,Travel,3,0.99,10.99,Judith Cox
9880,2005-07-31 13:49:02,3590,64,2005-08-08 10:31:02,2,785,1,16,Travel,6,4.99,20.99,Judith Cox
4690,2005-07-08 11:04:02,3304,64,2005-07-15 10:27:02,2,727,2,8,Family,6,0.99,12.99,Judith Cox
587,2005-05-28 12:05:33,1413,64,2005-05-30 13:45:33,2,309,2,8,Family,6,0.99,29.99,Judith Cox
4819,2005-07-08 17:19:15,1342,64,2005-07-16 14:32:15,1,295,2,6,Documentary,3,0.99,14.99,Judith Cox
6698,2005-07-12 12:45:00,4419,64,2005-07-16 11:16:00,2,966,2,6,Documentary,3,0.99,14.99,Judith Cox
4971,2005-07-08 23:54:49,460,64,2005-07-16 00:15:49,1,101,1,6,Documentary,3,0.99,26.99,Judith Cox
9832,2005-07-31 12:01:49,3126,64,2005-08-08 09:21:49,1,687,2,6,Documentary,6,0.99,15.99,Judith Cox
5432,2005-07-09 21:21:25,1958,64,2005-07-14 21:34:25,2,427,1,6,Documentary,5,0.99,19.99,Judith Cox
1335,2005-06-15 11:51:30,1713,64,2005-06-16 16:42:30,2,374,1,14,Sci-Fi,3,0.99,29.99,Judith Cox
6372,2005-07-11 21:35:06,741,64,2005-07-15 02:30:06,2,162,2,1,Action,4,2.99,13.99,Judith Cox
10185,2005-08-01 00:12:11,1266,64,2005-08-03 03:03:11,1,281,1,10,Games,6,0.99,9.99,Judith Cox
5279,2005-07-09 14:46:36,709,64,2005-07-17 10:04:36,2,155,1,13,New,6,0.99,26.99,Judith Cox
10714,2005-08-01 18:51:29,1465,64,2005-08-04 18:49:29,2,320,2,13,New,4,4.99,28.99,Judith Cox
5270,2005-07-09 14:23:46,1523,128,2005-07-13 15:04:46,1,333,1,12,Music,7,2.99,16.99,Marjorie Tucker
888,2005-05-30 07:13:14,387,128,2005-06-06 09:50:14,1,86,1,12,Music,6,4.99,11.99,Marjorie Tucker
3751,2005-07-06 12:23:41,3652,128,2005-07-10 06:58:41,1,797,2,12,Music,7,0.99,23.99,Marjorie Tucker
9952,2005-07-31 15:52:37,1634,128,2005-08-06 10:50:37,2,356,2,3,Children,5,2.99,10.99,Marjorie Tucker
6687,2005-07-12 12:19:23,2736,128,2005-07-19 17:12:23,1,600,2,11,Horror,5,0.99,16.99,Marjorie Tucker
8415,2005-07-29 06:52:27,2903,128,2005-08-02 10:40:27,1,638,1,5,Comedy,7,2.99,23.99,Marjorie Tucker
6481,2005-07-12 01:50:15,2392,128,2005-07-20 03:03:15,1,522,2,5,Comedy,4,2.99,9.99,Marjorie Tucker
5997,2005-07-11 01:19:50,3542,128,2005-07-16 06:29:50,1,774,1,5,Comedy,3,2.99,22.99,Marjorie Tucker
9433,2005-07-30 21:28:17,1082,128,2005-08-08 18:20:17,2,241,1,2,Animation,4,0.99,20.99,Marjorie Tucker
1131,2005-05-31 18:44:19,2654,128,2005-06-01 20:13:19,1,582,2,2,Animation,3,2.99,19.99,Marjorie Tucker
7582,2005-07-27 23:15:14,3941,128,2005-07-29 03:18:14,2,859,1,2,Animation,3,4.99,20.99,Marjorie Tucker
6186,2005-07-11 11:26:41,2086,128,2005-07-17 12:02:41,2,452,2,9,Foreign,4,0.99,15.99,Marjorie Tucker
9215,2005-07-30 13:11:11,3591,128,2005-08-06 13:06:11,1,785,1,16,Travel,6,4.99,20.99,Marjorie Tucker
10011,2005-07-31 18:02:41,606,128,2005-08-08 17:04:41,1,132,1,14,Sci-Fi,6,0.99,25.99,Marjorie Tucker
3995,2005-07-06 23:43:03,3990,128,2005-07-13 04:13:03,2,869,2,1,Action,4,2.99,22.99,Marjorie Tucker
9858,2005-07-31 13:02:07,252,128,2005-08-03 15:14:07,2,56,2,1,Action,6,2.99,15.99,Marjorie Tucker
2565,2005-06-19 03:44:03,2347,128,2005-06-24 01:26:03,2,511,1,1,Action,7,0.99,23.99,Marjorie Tucker
9234,2005-07-30 13:45:54,1660,128,2005-08-02 15:33:54,1,362,1,10,Games,7,2.99,13.99,Marjorie Tucker
10394,2005-08-01 06:58:17,1655,128,2005-08-05 02:09:17,1,361,2,15,Sports,5,2.99,25.99,Marjorie Tucker
2519,2005-06-19 00:19:21,1172,128,2005-06-25 01:46:21,1,260,2,15,Sports,3,4.99,9.99,Marjorie Tucker
5647,2005-07-10 07:08:40,1466,128,2005-07-13 05:19:40,2,321,1,13,New,3,4.99,21.99,Marjorie Tucker
7208,2005-07-27 09:16:28,1523,138,2005-07-28 09:40:28,1,333,1,12,Music,7,2.99,16.99,Hazel Warren
5679,2005-07-10 08:44:02,389,138,2005-07-14 05:30:02,1,86,1,12,Music,6,4.99,11.99,Hazel Warren
6892,2005-07-12 21:10:04,1567,138,2005-07-13 23:03:04,2,344,1,3,Children,3,0.99,28.99,Hazel Warren
523,2005-05-28 03:53:26,1905,138,2005-05-31 05:58:26,2,415,1,11,Horror,3,2.99,23.99,Hazel Warren
10268,2005-08-01 03:08:56,2755,138,2005-08-08 02:41:56,1,604,2,5,Comedy,4,0.99,10.99,Hazel Warren
10431,2005-08-01 08:41:54,1074,138,2005-08-07 09:44:54,2,239,2,2,Animation,5,4.99,16.99,Hazel Warren
11015,2005-08-02 05:13:00,4331,138,2005-08-08 04:18:00,2,944,2,7,Drama,6,4.99,29.99,Hazel Warren
11088,2005-08-02 07:48:31,2739,138,2005-08-05 08:09:31,2,601,1,16,Travel,4,0.99,20.99,Hazel Warren
8160,2005-07-28 21:10:30,2446,138,2005-08-05 16:52:30,2,534,1,8,Family,5,0.99,18.99,Hazel Warren
9619,2005-07-31 04:17:02,1730,138,2005-08-05 06:36:02,2,377,1,8,Family,7,0.99,20.99,Hazel Warren
5378,2005-07-09 19:05:56,1570,138,2005-07-10 18:03:56,2,345,1,8,Family,3,0.99,17.99,Hazel Warren
8424,2005-07-29 07:06:03,366,138,2005-08-06 12:00:03,2,80,1,8,Family,7,2.99,21.99,Hazel Warren
6458,2005-07-12 01:08:52,2809,138,2005-07-16 20:22:52,1,616,2,6,Documentary,4,2.99,19.99,Hazel Warren
5600,2005-07-10 04:55:45,3713,138,2005-07-18 03:10:45,2,812,2,6,Documentary,7,0.99,13.99,Hazel Warren
1316,2005-06-15 10:26:23,3891,138,2005-06-21 09:25:23,2,850,1,1,Action,7,0.99,27.99,Hazel Warren
9259,2005-07-30 14:37:44,97,138,2005-08-06 18:05:44,2,19,2,1,Action,6,0.99,20.99,Hazel Warren
10190,2005-08-01 00:27:53,4411,138,2005-08-01 20:32:53,2,964,1,1,Action,4,4.99,17.99,Hazel Warren
1020,2005-05-31 03:06:08,3402,138,2005-06-02 08:57:08,2,746,1,10,Games,3,0.99,10.99,Hazel Warren
8123,2005-07-28 19:28:23,2256,138,2005-08-04 19:41:23,1,488,1,15,Sports,3,0.99,23.99,Hazel Warren
3481,2005-07-05 23:13:07,3575,138,2005-07-07 20:36:07,2,782,2,15,Sports,6,2.99,26.99,Hazel Warren
9947,2005-07-31 15:49:40,1173,138,2005-08-08 11:11:40,1,260,2,15,Sports,3,4.99,9.99,Hazel Warren
10110,2005-07-31 21:06:12,4081,138,2005-08-03 02:03:12,2,890,1,15,Sports,5,0.99,14.99,Hazel Warren
2731,2005-06-19 15:14:55,4218,138,2005-06-27 14:30:55,2,917,1,15,Sports,3,2.99,24.99,Hazel Warren
2038,2005-06-17 14:00:51,4231,138,2005-06-19 11:54:51,2,920,1,13,New,3,0.99,16.99,Hazel Warren
7754,2005-07-28 06:10:55,1981,138,2005-07-29 02:46:55,1,432,1,4,Classics,4,2.99,22.99,Hazel Warren
2303,2005-06-18 08:27:59,1524,329,2005-06-22 10:58:59,1,333,2,12,Music,7,2.99,16.99,Frank Waggoner
2702,2005-06-19 13:35:56,1736,329,2005-06-20 14:07:56,2,378,1,12,Music,5,2.99,24.99,Frank Waggoner
2024,2005-06-17 13:00:51,2566,329,2005-06-22 07:03:51,1,562,1,12,Music,6,0.99,12.99,Frank Waggoner
9219,2005-07-30 13:15:21,771,329,2005-08-01 11:39:21,1,168,1,3,Children,5,0.99,23.99,Frank Waggoner
10473,2005-08-01 09:56:24,3034,329,2005-08-10 12:36:24,2,665,2,11,Horror,4,2.99,22.99,Frank Waggoner
9024,2005-07-30 05:44:42,164,329,2005-08-05 03:15:42,2,35,2,11,Horror,4,2.99,24.99,Frank Waggoner
3976,2005-07-06 23:00:20,2424,329,2005-07-07 21:51:20,2,529,1,5,Comedy,3,2.99,12.99,Frank Waggoner
3053,2005-06-20 13:10:30,818,329,2005-06-25 17:22:30,2,178,1,5,Comedy,6,0.99,25.99,Frank Waggoner
8941,2005-07-30 02:59:21,4147,329,2005-08-02 05:18:21,2,901,1,2,Animation,3,0.99,29.99,Frank Waggoner
1183,2005-06-15 00:49:19,706,329,2005-06-20 04:33:19,1,154,2,2,Animation,6,2.99,12.99,Frank Waggoner
9381,2005-07-30 19:23:04,4064,329,2005-07-31 23:37:04,2,886,1,2,Animation,5,0.99,9.99,Frank Waggoner
4674,2005-07-08 10:19:28,1617,329,2005-07-12 12:54:28,2,353,2,9,Foreign,6,2.99,22.99,Frank Waggoner
4415,2005-07-07 22:01:43,1403,329,2005-07-13 03:09:43,2,307,2,16,Travel,6,4.99,9.99,Frank Waggoner
3052,2005-06-20 13:09:19,2359,329,2005-06-29 11:55:19,2,513,2,16,Travel,6,2.99,21.99,Frank Waggoner
8172,2005-07-28 21:34:36,1237,329,2005-08-06 23:53:36,1,274,1,6,Documentary,4,2.99,20.99,Frank Waggoner
3268,2005-06-21 04:55:49,4366,329,2005-06-30 00:23:49,2,952,1,6,Documentary,7,2.99,17.99,Frank Waggoner
8460,2005-07-29 08:08:03,2826,329,2005-08-07 06:53:03,2,620,2,14,Sci-Fi,5,2.99,23.99,Frank Waggoner
2010,2005-06-17 11:54:15,2845,329,2005-06-21 05:55:15,1,624,1,10,Games,3,4.99,25.99,Frank Waggoner
4465,2005-07-08 00:07:45,2877,329,2005-07-13 18:08:45,2,631,1,15,Sports,4,0.99,11.99,Frank Waggoner
9827,2005-07-31 11:56:55,3840,329,2005-08-09 16:29:55,1,841,2,15,Sports,5,2.99,9.99,Frank Waggoner
4076,2005-07-07 04:52:15,3148,329,2005-07-13 23:22:15,1,691,1,15,Sports,6,4.99,29.99,Frank Waggoner
2151,2005-06-17 22:52:37,407,329,2005-06-20 22:00:37,1,90,1,13,New,3,0.99,11.99,Frank Waggoner
10490,2005-08-01 10:37:11,4365,329,2005-08-03 10:01:11,2,951,2,4,Classics,6,0.99,28.99,Frank Waggoner
7980,2005-07-28 14:16:49,1019,329,2005-08-05 09:20:49,1,228,2,4,Classics,4,0.99,16.99,Frank Waggoner
5870,2005-07-10 18:40:25,1524,438,2005-07-12 15:39:25,2,333,2,12,Music,7,2.99,16.99,Barry Lovelace
2206,2005-06-18 02:14:45,3651,438,2005-06-24 23:20:45,2,797,2,12,Music,7,0.99,23.99,Barry Lovelace
6138,2005-07-11 08:36:04,1808,438,2005-07-13 10:30:04,2,392,2,3,Children,5,4.99,13.99,Barry Lovelace
1431,2005-06-15 18:26:29,3193,438,2005-06-21 17:33:29,1,702,1,11,Horror,4,2.99,12.99,Barry Lovelace
4355,2005-07-07 19:21:19,4557,438,2005-07-09 00:55:19,2,995,1,11,Horror,5,4.99,11.99,Barry Lovelace
10607,2005-08-01 14:44:43,3999,438,2005-08-02 16:39:43,2,871,1,5,Comedy,6,4.99,19.99,Barry Lovelace
9782,2005-07-31 10:14:26,2397,438,2005-08-06 16:11:26,1,524,1,5,Comedy,6,0.99,13.99,Barry Lovelace
3368,2005-06-21 13:18:38,548,438,2005-06-23 11:13:38,1,119,2,5,Comedy,6,0.99,22.99,Barry Lovelace
6563,2005-07-12 05:34:09,87,438,2005-07-21 07:37:09,1,18,1,2,Animation,6,0.99,27.99,Barry Lovelace
9082,2005-07-30 08:11:22,4042,438,2005-08-06 09:26:22,2,880,1,2,Animation,6,2.99,9.99,Barry Lovelace
1138,2005-05-31 19:30:27,3944,438,2005-06-05 21:42:27,1,859,2,2,Animation,3,4.99,20.99,Barry Lovelace
8547,2005-07-29 11:10:15,875,438,2005-08-03 12:50:15,1,193,1,2,Animation,5,2.99,20.99,Barry Lovelace
23,2005-05-25 02:40:21,4441,438,2005-05-29 06:34:21,1,971,1,9,Foreign,4,4.99,11.99,Barry Lovelace
1036,2005-05-31 05:21:10,2164,438,2005-06-04 04:19:10,1,467,2,9,Foreign,6,0.99,10.99,Barry Lovelace
2591,2005-06-19 05:32:22,4481,438,2005-06-25 23:42:22,1,979,1,7,Drama,6,4.99,10.99,Barry Lovelace
1779,2005-06-16 18:55:11,1044,438,2005-06-17 20:11:11,1,233,1,16,Travel,3,0.99,17.99,Barry Lovelace
6615,2005-07-12 08:36:22,23,438,2005-07-20 09:03:22,1,5,2,8,Family,6,2.99,22.99,Barry Lovelace
4446,2005-07-07 23:12:16,2629,438,2005-07-13 19:42:16,1,576,2,6,Documentary,7,2.99,13.99,Barry Lovelace
7374,2005-07-27 15:20:57,3184,438,2005-08-05 13:09:57,2,698,2,6,Documentary,3,2.99,29.99,Barry Lovelace
7598,2005-07-27 23:36:01,4545,438,2005-07-29 23:35:01,2,992,2,6,Documentary,5,0.99,17.99,Barry Lovelace
3315,2005-06-21 08:17:04,4108,438,2005-06-24 11:04:04,1,893,2,14,Sci-Fi,4,4.99,11.99,Barry Lovelace
5426,2005-07-09 21:04:47,251,438,2005-07-17 00:55:47,1,56,2,1,Action,6,2.99,15.99,Barry Lovelace
7357,2005-07-27 14:48:31,1917,438,2005-08-02 18:07:31,2,417,1,1,Action,5,0.99,29.99,Barry Lovelace
5316,2005-07-09 16:09:42,3856,438,2005-07-11 15:20:42,1,844,1,15,Sports,6,4.99,16.99,Barry Lovelace
10512,2005-08-01 11:36:19,3294,438,2005-08-09 06:52:19,2,725,1,4,Classics,6,4.99,25.99,Barry Lovelace
9026,2005-07-30 05:55:31,1524,423,2005-08-01 03:19:31,1,333,2,12,Music,7,2.99,16.99,Alfred Casillas
7290,2005-07-27 12:28:45,3652,423,2005-08-01 16:18:45,1,797,2,12,Music,7,0.99,23.99,Alfred Casillas
1827,2005-06-16 21:54:40,3804,423,2005-06-19 21:28:40,2,833,2,3,Children,5,0.99,20.99,Alfred Casillas
7849,2005-07-28 09:30:02,996,423,2005-08-06 12:41:02,2,222,2,11,Horror,4,4.99,27.99,Alfred Casillas
4679,2005-07-08 10:33:14,3610,423,2005-07-15 14:30:14,2,789,1,9,Foreign,7,2.99,15.99,Alfred Casillas
7539,2005-07-27 21:39:42,1849,423,2005-08-06 00:12:42,1,403,1,7,Drama,5,4.99,18.99,Alfred Casillas
1504,2005-06-15 22:08:06,3621,423,2005-06-24 01:16:06,2,790,2,7,Drama,6,0.99,22.99,Alfred Casillas
3072,2005-06-20 14:21:31,4131,423,2005-06-27 18:46:31,2,897,2,7,Drama,3,4.99,27.99,Alfred Casillas
2600,2005-06-19 06:07:25,469,423,2005-06-28 03:37:25,2,103,2,16,Travel,7,4.99,27.99,Alfred Casillas
7141,2005-07-27 06:55:27,3579,423,2005-08-01 11:10:27,1,783,1,16,Travel,5,2.99,22.99,Alfred Casillas
8082,2005-07-28 18:08:02,3089,423,2005-08-04 14:33:02,2,679,1,8,Family,6,2.99,17.99,Alfred Casillas
8595,2005-07-29 12:47:43,3225,423,2005-08-07 13:51:43,2,708,2,6,Documentary,4,4.99,19.99,Alfred Casillas
6506,2005-07-12 03:28:22,386,423,2005-07-17 22:43:22,1,85,2,6,Documentary,4,0.99,29.99,Alfred Casillas
7157,2005-07-27 07:20:28,1353,423,2005-08-02 07:19:28,1,298,2,14,Sci-Fi,4,2.99,13.99,Alfred Casillas
7016,2005-07-27 02:15:16,1425,423,2005-08-01 23:08:16,2,312,2,14,Sci-Fi,4,4.99,20.99,Alfred Casillas
4105,2005-07-07 06:31:00,439,423,2005-07-09 03:52:00,1,97,1,1,Action,7,0.99,24.99,Alfred Casillas
10488,2005-08-01 10:27:27,297,423,2005-08-02 11:05:27,2,67,2,1,Action,5,2.99,24.99,Alfred Casillas
4250,2005-07-07 14:08:11,2556,423,2005-07-13 08:09:11,2,560,1,10,Games,6,0.99,21.99,Alfred Casillas
11091,2005-08-02 07:56:41,1659,423,2005-08-07 05:35:41,2,362,1,10,Games,7,2.99,13.99,Alfred Casillas
2758,2005-06-19 17:04:35,3558,423,2005-06-26 14:45:35,2,777,2,15,Sports,5,4.99,10.99,Alfred Casillas
4322,2005-07-07 17:54:37,1522,568,2005-07-14 13:56:37,1,333,1,12,Music,7,2.99,16.99,Alberto Henning
3227,2005-06-21 02:18:25,1156,568,2005-06-27 00:59:25,1,255,1,12,Music,6,4.99,21.99,Alberto Henning
8185,2005-07-28 22:23:49,2452,568,2005-07-31 00:07:49,1,535,1,11,Horror,6,0.99,21.99,Alberto Henning
3462,2005-06-21 21:52:52,547,568,2005-06-28 21:41:52,1,119,2,5,Comedy,6,0.99,22.99,Alberto Henning
9738,2005-07-31 09:04:14,2278,568,2005-08-05 14:40:14,2,493,2,9,Foreign,5,0.99,18.99,Alberto Henning
10340,2005-08-01 05:07:03,3608,568,2005-08-06 01:03:03,1,789,1,9,Foreign,7,2.99,15.99,Alberto Henning
9583,2005-07-31 03:05:21,3543,568,2005-08-06 00:14:21,2,775,1,7,Drama,4,4.99,18.99,Alberto Henning
1658,2005-06-16 10:07:10,272,568,2005-06-21 09:23:10,2,61,1,7,Drama,5,4.99,28.99,Alberto Henning
5776,2005-07-10 13:35:22,3592,568,2005-07-12 17:58:22,1,785,2,16,Travel,6,4.99,20.99,Alberto Henning
7068,2005-07-27 03:57:50,4465,568,2005-07-30 04:27:50,1,975,2,8,Family,6,2.99,22.99,Alberto Henning
10689,2005-08-01 18:04:18,1442,568,2005-08-05 21:17:18,2,315,2,8,Family,4,0.99,10.99,Alberto Henning
10869,2005-08-02 00:26:54,2967,568,2005-08-04 03:40:54,2,650,2,6,Documentary,3,0.99,27.99,Alberto Henning
2668,2005-06-19 11:28:47,3127,568,2005-06-24 10:12:47,2,687,2,6,Documentary,6,0.99,15.99,Alberto Henning
2382,2005-06-18 15:03:52,915,568,2005-06-20 10:16:52,2,203,2,14,Sci-Fi,5,4.99,9.99,Alberto Henning
5622,2005-07-10 05:39:37,1783,568,2005-07-15 00:48:37,2,387,2,10,Games,7,0.99,27.99,Alberto Henning
5332,2005-07-09 16:59:23,3269,568,2005-07-10 16:01:23,2,720,2,13,New,3,2.99,20.99,Alberto Henning
9493,2005-07-30 23:52:30,1522,5,2005-08-08 05:22:30,1,333,1,12,Music,7,2.99,16.99,Elizabeth Brown
1085,2005-05-31 11:15:43,301,5,2005-06-07 12:02:43,1,68,1,3,Children,5,4.99,26.99,Elizabeth Brown
731,2005-05-29 07:25:16,4124,5,2005-05-30 05:21:16,1,896,2,3,Children,3,0.99,10.99,Elizabeth Brown
1142,2005-05-31 19:46:38,3998,5,2005-06-05 14:03:38,1,870,2,11,Horror,4,0.99,12.99,Elizabeth Brown
1502,2005-06-15 22:03:14,3277,5,2005-06-23 18:42:14,2,722,2,11,Horror,5,0.99,26.99,Elizabeth Brown
10609,2005-08-01 14:48:45,2587,5,2005-08-04 13:41:45,2,568,1,5,Comedy,4,4.99,11.99,Elizabeth Brown
6685,2005-07-12 12:16:28,1434,5,2005-07-19 17:03:28,1,314,1,2,Animation,3,0.99,13.99,Elizabeth Brown
2570,2005-06-19 04:20:13,1105,5,2005-06-25 07:00:13,1,245,2,2,Animation,4,0.99,28.99,Elizabeth Brown
7652,2005-07-28 01:50:29,92,5,2005-07-30 22:23:29,2,18,2,2,Animation,6,0.99,27.99,Elizabeth Brown
8263,2005-07-29 01:11:23,28,5,2005-07-31 01:53:23,2,6,1,9,Foreign,3,2.99,17.99,Elizabeth Brown
1631,2005-06-16 08:01:02,2466,5,2005-06-19 09:04:02,1,539,1,7,Drama,7,2.99,21.99,Elizabeth Brown
5118,2005-07-09 07:13:52,957,5,2005-07-18 05:18:52,2,213,1,8,Family,4,0.99,19.99,Elizabeth Brown
4889,2005-07-08 20:04:43,4463,5,2005-07-13 17:57:43,2,975,2,8,Family,6,2.99,22.99,Elizabeth Brown
11001,2005-08-02 04:56:45,3701,5,2005-08-11 08:04:45,1,810,1,8,Family,5,0.99,21.99,Elizabeth Brown
5721,2005-07-10 11:09:35,2348,5,2005-07-17 16:41:35,2,511,1,1,Action,7,0.99,23.99,Elizabeth Brown
2063,2005-06-17 15:56:53,4323,5,2005-06-21 14:19:53,1,941,2,10,Games,4,4.99,10.99,Elizabeth Brown
5016,2005-07-09 01:57:57,1871,5,2005-07-09 22:07:57,1,408,2,10,Games,4,4.99,28.99,Elizabeth Brown
7293,2005-07-27 12:37:28,3333,5,2005-07-30 15:12:28,2,733,1,15,Sports,4,0.99,29.99,Elizabeth Brown
3126,2005-06-20 18:38:22,1183,5,2005-06-26 00:00:22,1,263,2,15,Sports,6,4.99,14.99,Elizabeth Brown
6042,2005-07-11 03:17:04,2153,5,2005-07-19 07:08:04,1,465,2,13,New,4,4.99,17.99,Elizabeth Brown
8978,2005-07-30 04:14:28,711,5,2005-08-06 09:08:28,1,155,2,13,New,6,0.99,26.99,Elizabeth Brown
7829,2005-07-28 08:43:39,111,5,2005-08-04 14:33:39,1,22,1,13,New,6,2.99,10.99,Elizabeth Brown
10625,2005-08-01 15:27:10,3022,5,2005-08-02 13:16:10,1,663,2,4,Classics,7,0.99,29.99,Elizabeth Brown
6663,2005-07-12 11:27:35,4364,5,2005-07-21 16:35:35,1,951,2,4,Classics,6,0.99,28.99,Elizabeth Brown
3677,2005-07-06 09:11:58,600,5,2005-07-08 10:50:58,2,131,1,4,Classics,5,4.99,12.99,Elizabeth Brown
9888,2005-07-31 14:00:53,4400,5,2005-08-08 18:51:53,2,962,1,4,Classics,7,2.99,18.99,Elizabeth Brown
5156,2005-07-09 08:51:42,416,5,2005-07-15 03:59:42,2,91,2,4,Classics,5,0.99,17.99,Elizabeth Brown
16,2005-05-25 00:43:11,389,316,2005-05-26 04:42:11,2,86,1,12,Music,6,4.99,11.99,Steven Curley
1065,2005-05-31 08:54:56,3379,316,2005-06-08 09:21:56,1,741,1,12,Music,7,0.99,28.99,Steven Curley
7339,2005-07-27 14:17:48,3343,316,2005-07-31 12:47:48,2,735,1,3,Children,7,2.99,26.99,Steven Curley
9903,2005-07-31 14:31:44,1621,316,2005-08-08 20:03:44,1,354,1,3,Children,6,4.99,18.99,Steven Curley
644,2005-05-28 18:59:12,4304,316,2005-06-04 18:06:12,1,938,1,5,Comedy,3,4.99,14.99,Steven Curley
4379,2005-07-07 20:32:30,2773,316,2005-07-11 20:40:30,2,609,1,16,Travel,7,2.99,23.99,Steven Curley
8564,2005-07-29 11:33:00,2830,316,2005-08-05 15:35:00,1,621,1,8,Family,5,2.99,23.99,Steven Curley
2338,2005-06-18 11:24:54,3165,316,2005-06-19 07:34:54,1,695,1,8,Family,6,4.99,12.99,Steven Curley
7586,2005-07-27 23:19:29,15,316,2005-07-29 23:04:29,1,3,2,6,Documentary,7,2.99,18.99,Steven Curley
7592,2005-07-27 23:26:04,4105,316,2005-07-29 23:48:04,2,893,2,14,Sci-Fi,4,4.99,11.99,Steven Curley
5102,2005-07-09 06:25:48,242,316,2005-07-16 11:32:48,2,55,1,14,Sci-Fi,6,2.99,27.99,Steven Curley
5618,2005-07-10 05:28:58,757,316,2005-07-18 01:38:58,1,165,2,14,Sci-Fi,7,4.99,27.99,Steven Curley
6988,2005-07-27 01:00:08,756,316,2005-07-31 04:35:08,2,165,2,14,Sci-Fi,7,4.99,27.99,Steven Curley
1350,2005-06-15 12:50:25,4261,316,2005-06-23 11:35:25,1,927,1,1,Action,6,2.99,16.99,Steven Curley
7945,2005-07-28 12:53:58,3326,316,2005-08-03 14:04:58,1,732,1,1,Action,5,0.99,17.99,Steven Curley
2491,2005-06-18 22:01:31,1779,316,2005-06-26 02:46:31,1,387,1,10,Games,7,0.99,27.99,Steven Curley
5544,2005-07-10 02:48:07,1014,316,2005-07-17 01:08:07,1,227,2,10,Games,4,4.99,17.99,Steven Curley
2820,2005-06-19 20:20:33,851,316,2005-06-26 20:32:33,1,187,2,15,Sports,5,2.99,12.99,Steven Curley
1317,2005-06-15 10:30:19,3696,316,2005-06-24 08:18:19,1,809,2,15,Sports,5,0.99,14.99,Steven Curley
10438,2005-08-01 08:53:04,4217,316,2005-08-09 06:39:04,2,917,1,15,Sports,3,2.99,24.99,Steven Curley
9508,2005-07-31 00:22:39,1204,316,2005-08-04 05:40:39,1,267,2,13,New,4,4.99,14.99,Steven Curley
2032,2005-06-17 13:24:07,425,316,2005-06-18 18:18:07,1,93,2,13,New,4,4.99,27.99,Steven Curley
3373,2005-06-21 13:35:32,2219,316,2005-06-30 12:03:32,1,480,1,4,Classics,3,2.99,29.99,Steven Curley
1620,2005-06-16 07:21:30,389,561,2005-06-17 09:46:30,1,86,1,12,Music,6,4.99,11.99,Ian Still
7698,2005-07-28 03:44:14,3650,561,2005-08-04 03:44:14,2,797,1,12,Music,7,0.99,23.99,Ian Still
1193,2005-06-15 01:24:20,4504,561,2005-06-21 02:29:20,2,983,1,12,Music,7,2.99,18.99,Ian Still
10907,2005-08-02 01:51:48,1430,561,2005-08-02 19:53:48,1,313,1,11,Horror,5,4.99,11.99,Ian Still
3427,2005-06-21 18:31:09,560,561,2005-06-22 14:18:09,2,122,1,11,Horror,7,0.99,11.99,Ian Still
6361,2005-07-11 21:09:14,2903,561,2005-07-14 18:26:14,2,638,1,5,Comedy,7,2.99,23.99,Ian Still
1505,2005-06-15 22:12:50,2961,561,2005-06-17 21:37:50,2,649,2,2,Animation,4,2.99,14.99,Ian Still
9839,2005-07-31 12:21:16,1591,561,2005-08-09 13:41:16,2,349,1,2,Animation,4,2.99,27.99,Ian Still
2950,2005-06-20 06:08:36,1438,561,2005-06-27 07:45:36,2,314,2,2,Animation,3,0.99,13.99,Ian Still
2119,2005-06-17 20:34:42,2104,561,2005-06-22 00:05:42,1,456,2,2,Animation,6,4.99,18.99,Ian Still
8504,2005-07-29 09:20:16,2295,561,2005-08-07 04:27:16,2,499,1,8,Family,3,4.99,24.99,Ian Still
971,2005-05-30 20:10:52,2911,561,2005-06-06 20:47:52,1,639,2,8,Family,7,4.99,9.99,Ian Still
3160,2005-06-20 21:20:51,4333,561,2005-06-29 18:06:51,2,945,1,6,Documentary,5,0.99,22.99,Ian Still
6435,2005-07-12 00:16:19,1957,561,2005-07-17 19:15:19,1,427,1,6,Documentary,5,0.99,19.99,Ian Still
2357,2005-06-18 12:59:41,1323,561,2005-06-26 16:40:41,1,292,2,1,Action,3,0.99,20.99,Ian Still
902,2005-05-30 09:53:36,1514,561,2005-06-07 12:10:36,1,331,1,10,Games,6,2.99,25.99,Ian Still
10317,2005-08-01 04:35:34,110,561,2005-08-06 02:27:34,2,22,1,13,New,6,2.99,10.99,Ian Still
2548,2005-06-19 02:45:35,4292,561,2005-06-22 06:52:35,2,935,2,13,New,5,0.99,17.99,Ian Still
6843,2005-07-12 19:14:05,746,561,2005-07-20 23:15:05,1,163,2,13,New,4,0.99,29.99,Ian Still
6621,2005-07-12 08:57:30,2229,561,2005-07-14 09:47:30,1,482,1,4,Classics,3,0.99,12.99,Ian Still
9289,2005-07-30 15:57:04,389,453,2005-08-07 18:46:04,1,86,1,12,Music,6,4.99,11.99,Calvin Martel
9900,2005-07-31 14:15:05,3132,453,2005-08-07 11:58:05,2,688,2,3,Children,6,0.99,12.99,Calvin Martel
9406,2005-07-30 20:24:00,3419,453,2005-08-07 19:50:00,1,749,1,11,Horror,6,4.99,19.99,Calvin Martel
2853,2005-06-19 23:09:41,2578,453,2005-06-28 00:51:41,2,564,2,2,Animation,4,2.99,11.99,Calvin Martel
2887,2005-06-20 01:39:43,1073,453,2005-06-25 05:22:43,2,239,2,2,Animation,5,4.99,16.99,Calvin Martel
7563,2005-07-27 22:25:36,2709,453,2005-08-01 03:59:36,2,595,1,9,Foreign,7,0.99,20.99,Calvin Martel
3929,2005-07-06 20:52:39,1235,453,2005-07-12 00:27:39,2,273,2,8,Family,6,0.99,14.99,Calvin Martel
4805,2005-07-08 16:59:12,377,453,2005-07-09 15:02:12,1,83,2,8,Family,5,2.99,18.99,Calvin Martel
5359,2005-07-09 18:10:52,4392,453,2005-07-18 13:34:52,2,960,2,6,Documentary,5,2.99,15.99,Calvin Martel
4717,2005-07-08 12:22:43,1491,453,2005-07-11 10:24:43,2,327,1,1,Action,3,4.99,24.99,Calvin Martel
2852,2005-06-19 23:08:50,2695,453,2005-06-26 04:00:50,1,591,2,10,Games,6,4.99,20.99,Calvin Martel
4033,2005-07-07 02:35:46,203,453,2005-07-16 01:12:46,1,45,1,13,New,5,4.99,14.99,Calvin Martel
6752,2005-07-12 14:53:15,3392,453,2005-07-20 09:23:15,1,744,2,4,Classics,4,0.99,23.99,Calvin Martel
488,2005-05-28 00:07:50,393,168,2005-06-03 22:30:50,2,86,2,12,Music,6,4.99,11.99,Regina Berry
9418,2005-07-30 21:00:52,241,168,2005-08-08 15:56:52,2,54,2,12,Music,5,0.99,15.99,Regina Berry
4363,2005-07-07 19:43:28,3202,168,2005-07-13 00:15:28,2,704,1,5,Comedy,3,2.99,25.99,Regina Berry
4308,2005-07-07 17:29:16,1482,168,2005-07-11 21:47:16,1,324,1,5,Comedy,3,4.99,11.99,Regina Berry
5459,2005-07-09 22:43:56,1847,168,2005-07-12 18:05:56,1,402,2,2,Animation,3,0.99,15.99,Regina Berry
8659,2005-07-29 15:26:31,558,168,2005-08-06 19:05:31,2,121,2,2,Animation,4,2.99,15.99,Regina Berry
10270,2005-08-01 03:10:24,2025,168,2005-08-07 03:04:24,2,440,2,9,Foreign,6,0.99,21.99,Regina Berry
8352,2005-07-29 04:52:01,2710,168,2005-08-06 07:39:01,2,595,1,9,Foreign,7,0.99,20.99,Regina Berry
8883,2005-07-30 00:24:48,1421,168,2005-08-04 00:24:48,2,311,2,9,Foreign,4,0.99,14.99,Regina Berry
9197,2005-07-30 12:31:36,3214,168,2005-08-03 09:05:36,1,706,2,7,Drama,5,4.99,22.99,Regina Berry
5907,2005-07-10 20:41:41,4432,168,2005-07-15 21:18:41,2,969,1,7,Drama,4,4.99,29.99,Regina Berry
9899,2005-07-31 14:12:36,3352,168,2005-08-08 08:59:36,1,736,1,8,Family,4,0.99,21.99,Regina Berry
6444,2005-07-12 00:36:02,2214,168,2005-07-18 05:53:02,1,479,1,8,Family,7,0.99,12.99,Regina Berry
6809,2005-07-12 17:51:54,3455,168,2005-07-17 15:10:54,1,757,2,6,Documentary,4,2.99,28.99,Regina Berry
404,2005-05-27 13:31:51,1293,168,2005-05-30 16:58:51,1,285,2,14,Sci-Fi,3,0.99,18.99,Regina Berry
3530,2005-07-06 01:22:45,4542,168,2005-07-10 03:23:45,1,991,2,1,Action,4,2.99,26.99,Regina Berry
1222,2005-06-15 03:38:49,2799,168,2005-06-17 22:30:49,1,614,2,10,Games,5,4.99,11.99,Regina Berry
6334,2005-07-11 19:20:44,948,168,2005-07-19 18:49:44,2,211,1,10,Games,7,4.99,20.99,Regina Berry
9857,2005-07-31 13:00:53,3316,168,2005-08-09 15:56:53,1,730,1,13,New,3,0.99,28.99,Regina Berry
8527,2005-07-29 10:21:00,709,168,2005-08-05 16:05:00,2,155,1,13,New,6,0.99,26.99,Regina Berry
4953,2005-07-08 23:09:48,2460,168,2005-07-11 02:08:48,2,537,2,4,Classics,3,2.99,29.99,Regina Berry
2927,2005-06-20 04:41:41,393,403,2005-06-23 01:59:41,1,86,2,12,Music,6,4.99,11.99,Mike Way
9794,2005-07-31 10:47:01,1771,403,2005-08-02 06:52:01,2,384,2,12,Music,5,4.99,19.99,Mike Way
8013,2005-07-28 15:30:26,2074,403,2005-08-05 16:29:26,1,450,1,3,Children,5,2.99,29.99,Mike Way
4096,2005-07-07 06:09:11,3911,403,2005-07-08 09:17:11,2,853,1,3,Children,3,4.99,12.99,Mike Way
5982,2005-07-11 00:24:44,2329,403,2005-07-14 04:42:44,2,506,1,11,Horror,4,4.99,14.99,Mike Way
3737,2005-07-06 11:45:53,123,403,2005-07-13 15:27:53,1,24,1,11,Horror,6,2.99,19.99,Mike Way
3644,2005-07-06 07:20:11,4309,403,2005-07-11 10:26:11,2,938,2,5,Comedy,3,4.99,14.99,Mike Way
9058,2005-07-30 07:15:45,4214,403,2005-07-31 02:57:45,2,916,1,2,Animation,3,2.99,10.99,Mike Way
10789,2005-08-01 21:37:55,3298,403,2005-08-07 17:01:55,2,726,2,9,Foreign,7,2.99,29.99,Mike Way
517,2005-05-28 03:17:57,234,403,2005-05-29 06:33:57,1,52,2,9,Foreign,6,0.99,29.99,Mike Way
1221,2005-06-15 03:35:16,2124,403,2005-06-18 03:11:16,1,460,2,9,Foreign,3,4.99,26.99,Mike Way
1249,2005-06-15 05:38:09,2120,403,2005-06-22 10:29:09,1,460,1,9,Foreign,3,4.99,26.99,Mike Way
6342,2005-07-11 19:48:24,1851,403,2005-07-13 14:09:24,2,403,1,7,Drama,5,4.99,18.99,Mike Way
3356,2005-06-21 11:38:45,4532,403,2005-06-26 17:18:45,1,989,1,16,Travel,4,4.99,22.99,Mike Way
10443,2005-08-01 09:01:04,1965,403,2005-08-04 09:07:04,2,428,2,8,Family,6,2.99,21.99,Mike Way
11038,2005-08-02 05:59:42,4452,403,2005-08-08 04:37:42,2,973,1,6,Documentary,3,4.99,27.99,Mike Way
2488,2005-06-18 21:38:26,1338,403,2005-06-24 02:08:26,2,295,1,6,Documentary,3,0.99,14.99,Mike Way
3049,2005-06-20 12:51:01,518,403,2005-06-29 10:53:01,1,114,2,14,Sci-Fi,3,0.99,26.99,Mike Way
442,2005-05-27 18:12:13,1457,403,2005-05-30 12:30:13,2,319,2,14,Sci-Fi,4,2.99,22.99,Mike Way
10109,2005-07-31 21:04:49,2852,403,2005-08-08 19:25:49,1,625,1,14,Sci-Fi,3,0.99,18.99,Mike Way
7103,2005-07-27 05:08:59,1697,403,2005-07-29 03:42:59,2,369,2,14,Sci-Fi,4,4.99,22.99,Mike Way
10547,2005-08-01 12:44:17,1707,403,2005-08-08 06:53:17,1,372,1,15,Sports,5,4.99,26.99,Mike Way
9486,2005-07-30 23:35:42,2787,403,2005-08-09 02:08:42,2,611,1,4,Classics,7,4.99,17.99,Mike Way
6322,2005-07-11 18:58:20,4115,403,2005-07-14 16:41:20,2,895,1,4,Classics,3,2.99,21.99,Mike Way
6546,2005-07-12 04:57:17,393,105,2005-07-17 09:29:17,2,86,2,12,Music,6,4.99,11.99,Dawn Sullivan
5429,2005-07-09 21:14:03,2467,105,2005-07-18 01:33:03,1,540,1,12,Music,7,2.99,10.99,Dawn Sullivan
473,2005-05-27 21:36:34,802,105,2005-06-05 17:02:34,1,174,2,12,Music,6,4.99,13.99,Dawn Sullivan
9210,2005-07-30 12:56:44,101,105,2005-08-08 09:41:44,2,20,1,12,Music,4,4.99,23.99,Dawn Sullivan
327,2005-05-27 01:18:57,2678,105,2005-06-04 04:06:57,1,588,2,3,Children,4,4.99,11.99,Dawn Sullivan
1991,2005-06-17 10:49:23,3963,105,2005-06-25 10:48:23,1,864,1,3,Children,5,0.99,21.99,Dawn Sullivan
9124,2005-07-30 09:43:12,4552,105,2005-08-06 06:17:12,1,993,2,3,Children,6,2.99,10.99,Dawn Sullivan
10513,2005-08-01 11:37:34,4057,105,2005-08-02 17:15:34,2,883,2,3,Children,6,4.99,17.99,Dawn Sullivan
485,2005-05-27 23:40:52,2392,105,2005-05-28 22:40:52,2,522,2,5,Comedy,4,2.99,9.99,Dawn Sullivan
8980,2005-07-30 04:22:15,3061,105,2005-08-04 08:16:15,1,672,2,5,Comedy,7,2.99,17.99,Dawn Sullivan
7442,2005-07-27 17:47:00,2471,105,2005-07-28 21:37:00,1,541,2,2,Animation,5,2.99,21.99,Dawn Sullivan
5542,2005-07-10 02:45:53,1713,105,2005-07-15 23:23:53,2,374,1,14,Sci-Fi,3,0.99,29.99,Dawn Sullivan
5261,2005-07-09 14:06:56,2899,105,2005-07-11 14:21:56,2,637,2,14,Sci-Fi,7,4.99,16.99,Dawn Sullivan
1789,2005-06-16 19:49:18,4264,105,2005-06-23 17:07:18,2,927,1,1,Action,6,2.99,16.99,Dawn Sullivan
779,2005-05-29 14:17:17,533,105,2005-06-06 16:46:17,1,117,1,10,Games,6,4.99,15.99,Dawn Sullivan
9198,2005-07-30 12:37:08,2371,105,2005-08-07 16:37:08,2,517,2,15,Sports,3,0.99,28.99,Dawn Sullivan
2635,2005-06-19 09:08:45,3332,105,2005-06-26 09:20:45,1,733,1,15,Sports,4,0.99,29.99,Dawn Sullivan
5677,2005-07-10 08:41:28,2647,105,2005-07-12 09:05:28,2,580,1,13,New,3,4.99,12.99,Dawn Sullivan
11014,2005-08-02 05:12:22,393,269,2005-08-07 09:33:22,1,86,2,12,Music,6,4.99,11.99,Cassandra Walters
10908,2005-08-02 01:53:06,1284,269,2005-08-04 02:46:06,2,284,2,12,Music,5,4.99,23.99,Cassandra Walters
2493,2005-06-18 22:12:09,4121,269,2005-06-27 23:44:09,1,896,1,3,Children,3,0.99,10.99,Cassandra Walters
7,2005-05-24 23:11:53,3995,269,2005-05-29 20:34:53,2,870,2,11,Horror,4,0.99,12.99,Cassandra Walters
6626,2005-07-12 09:16:24,2418,269,2005-07-17 04:06:24,2,527,2,11,Horror,4,4.99,24.99,Cassandra Walters
750,2005-05-29 09:41:40,730,269,2005-05-30 13:31:40,1,159,2,5,Comedy,5,4.99,12.99,Cassandra Walters
98,2005-05-25 16:48:24,2970,269,2005-05-27 11:29:24,2,651,1,2,Animation,3,0.99,20.99,Cassandra Walters
7972,2005-07-28 14:07:46,2930,269,2005-08-01 11:28:46,2,644,1,2,Animation,7,2.99,29.99,Cassandra Walters
6440,2005-07-12 00:25:04,2148,269,2005-07-13 04:52:04,2,464,2,2,Animation,3,2.99,13.99,Cassandra Walters
4880,2005-07-08 19:36:17,4178,269,2005-07-13 00:01:17,1,908,2,9,Foreign,3,4.99,11.99,Cassandra Walters
4804,2005-07-08 16:57:30,3756,269,2005-07-10 18:25:30,1,821,2,9,Foreign,6,0.99,17.99,Cassandra Walters
678,2005-05-28 23:15:48,3741,269,2005-06-03 04:43:48,2,818,1,7,Drama,4,4.99,17.99,Cassandra Walters
4125,2005-07-07 07:20:29,4131,269,2005-07-15 06:41:29,2,897,2,7,Drama,3,4.99,27.99,Cassandra Walters
1909,2005-06-17 05:11:04,2599,269,2005-06-19 04:33:04,2,571,1,6,Documentary,6,2.99,26.99,Cassandra Walters
7537,2005-07-27 21:36:09,4456,269,2005-08-01 01:51:09,1,973,2,6,Documentary,3,4.99,27.99,Cassandra Walters
1334,2005-06-15 11:43:09,1242,269,2005-06-20 15:45:09,2,274,2,6,Documentary,4,2.99,20.99,Cassandra Walters
10566,2005-08-01 13:12:11,3988,269,2005-08-05 11:16:11,2,869,2,1,Action,4,2.99,22.99,Cassandra Walters
1099,2005-05-31 13:54:48,924,269,2005-06-05 13:04:48,2,205,1,1,Action,3,0.99,22.99,Cassandra Walters
7032,2005-07-27 03:03:09,3397,269,2005-07-28 22:57:09,1,745,2,15,Sports,5,4.99,23.99,Cassandra Walters
703,2005-05-29 02:29:36,1123,269,2005-06-03 04:54:36,2,249,2,4,Classics,7,0.99,26.99,Cassandra Walters
6804,2005-07-12 17:22:06,1554,269,2005-07-21 11:37:06,1,341,1,4,Classics,5,0.99,13.99,Cassandra Walters
2527,2005-06-19 01:10:31,387,463,2005-06-20 05:37:31,2,86,1,12,Music,6,4.99,11.99,Darrell Power
5026,2005-07-09 02:32:34,989,463,2005-07-13 04:39:34,2,220,2,12,Music,7,2.99,13.99,Darrell Power
1284,2005-06-15 08:27:33,1387,463,2005-06-17 03:58:33,1,304,1,3,Children,3,2.99,28.99,Darrell Power
8762,2005-07-29 19:30:02,2765,463,2005-08-04 18:38:02,1,608,1,3,Children,6,2.99,11.99,Darrell Power
7361,2005-07-27 14:53:55,4567,463,2005-07-31 19:48:55,2,998,2,11,Horror,6,0.99,10.99,Darrell Power
6932,2005-07-26 23:08:04,4517,463,2005-08-05 01:35:04,1,986,1,2,Animation,6,2.99,24.99,Darrell Power
10906,2005-08-02 01:47:04,3139,463,2005-08-07 20:41:04,2,689,2,9,Foreign,5,2.99,14.99,Darrell Power
3217,2005-06-21 01:28:12,1027,463,2005-06-25 02:51:12,2,230,1,7,Drama,7,2.99,20.99,Darrell Power
10275,2005-08-01 03:20:08,669,463,2005-08-08 06:48:08,1,146,1,7,Drama,6,2.99,24.99,Darrell Power
10405,2005-08-01 07:35:25,3641,463,2005-08-05 05:38:25,2,795,1,8,Family,7,0.99,23.99,Darrell Power
6294,2005-07-11 17:25:55,1732,463,2005-07-15 17:48:55,1,377,2,8,Family,7,0.99,20.99,Darrell Power
7013,2005-07-27 02:03:21,3919,463,2005-07-31 22:12:21,1,855,2,6,Documentary,7,0.99,28.99,Darrell Power
9954,2005-07-31 15:57:07,1830,463,2005-08-05 12:04:07,2,397,2,14,Sci-Fi,5,2.99,26.99,Darrell Power
5157,2005-07-09 08:52:12,637,463,2005-07-12 04:32:12,2,138,2,14,Sci-Fi,5,2.99,29.99,Darrell Power
560,2005-05-28 08:53:02,644,463,2005-06-04 12:27:02,2,140,1,14,Sci-Fi,6,0.99,23.99,Darrell Power
5448,2005-07-09 22:11:14,646,463,2005-07-15 21:08:14,2,140,2,14,Sci-Fi,6,0.99,23.99,Darrell Power
3309,2005-06-21 08:00:49,248,463,2005-06-29 04:11:49,2,56,1,1,Action,6,2.99,15.99,Darrell Power
9405,2005-07-30 20:22:17,1983,463,2005-08-08 16:55:17,1,432,2,4,Classics,4,2.99,22.99,Darrell Power
5751,2005-07-10 12:25:11,387,479,2005-07-11 15:23:11,1,86,1,12,Music,6,4.99,11.99,Zachary Hite
1947,2005-06-17 08:02:20,3344,479,2005-06-25 10:25:20,1,735,1,3,Children,7,2.99,26.99,Zachary Hite
3798,2005-07-06 14:57:53,1942,479,2005-07-07 10:48:53,2,423,1,3,Children,7,0.99,29.99,Zachary Hite
9439,2005-07-30 21:38:12,290,479,2005-08-06 00:03:12,1,65,2,11,Horror,3,4.99,20.99,Zachary Hite
2376,2005-06-18 14:55:30,3664,479,2005-06-25 17:40:30,1,800,2,11,Horror,7,2.99,19.99,Zachary Hite
7060,2005-07-27 03:51:04,3912,479,2005-08-03 07:53:04,1,854,2,11,Horror,4,4.99,22.99,Zachary Hite
5481,2005-07-09 23:51:57,562,479,2005-07-11 05:28:57,2,122,1,11,Horror,7,0.99,11.99,Zachary Hite
1902,2005-06-17 04:35:52,2905,479,2005-06-20 06:52:52,2,638,2,5,Comedy,7,2.99,23.99,Zachary Hite
6849,2005-07-12 19:29:19,4307,479,2005-07-19 22:03:19,1,938,1,5,Comedy,3,4.99,14.99,Zachary Hite
7893,2005-07-28 10:49:27,3058,479,2005-08-02 06:46:27,1,672,2,5,Comedy,7,2.99,17.99,Zachary Hite
6421,2005-07-11 23:45:25,4477,479,2005-07-15 20:45:25,2,978,1,5,Comedy,3,0.99,12.99,Zachary Hite
9754,2005-07-31 09:23:43,3751,479,2005-08-08 06:04:43,1,820,2,2,Animation,3,2.99,11.99,Zachary Hite
132,2005-05-25 21:46:54,3367,479,2005-05-31 21:02:54,1,738,2,9,Foreign,3,0.99,27.99,Zachary Hite
10303,2005-08-01 04:13:33,936,479,2005-08-06 02:16:33,2,207,1,9,Foreign,7,4.99,26.99,Zachary Hite
6597,2005-07-12 07:37:02,979,479,2005-07-16 10:24:02,2,218,2,7,Drama,7,0.99,22.99,Zachary Hite
6084,2005-07-11 05:16:20,1334,479,2005-07-19 01:38:20,2,294,2,16,Travel,5,4.99,26.99,Zachary Hite
4183,2005-07-07 10:28:33,3342,479,2005-07-15 12:29:33,1,734,2,6,Documentary,4,4.99,12.99,Zachary Hite
2764,2005-06-19 17:27:25,1718,479,2005-06-28 17:18:25,2,374,2,14,Sci-Fi,3,0.99,29.99,Zachary Hite
2071,2005-06-17 16:33:17,2867,479,2005-06-23 21:51:17,1,628,2,15,Sports,5,2.99,24.99,Zachary Hite
9347,2005-07-30 18:16:03,3557,479,2005-08-05 18:35:03,1,777,2,15,Sports,5,4.99,10.99,Zachary Hite
3537,2005-07-06 01:36:53,4220,479,2005-07-13 07:01:53,2,917,2,15,Sports,3,2.99,24.99,Zachary Hite
1987,2005-06-17 10:40:36,110,479,2005-06-23 14:23:36,1,22,1,13,New,6,2.99,10.99,Zachary Hite
709,2005-05-29 03:48:01,2459,479,2005-06-06 05:21:01,1,537,2,4,Classics,3,2.99,29.99,Zachary Hite
9697,2005-07-31 07:23:11,762,479,2005-08-05 08:04:11,2,166,2,4,Classics,6,2.99,19.99,Zachary Hite
9507,2005-07-31 00:22:29,387,525,2005-08-07 05:59:29,2,86,1,12,Music,6,4.99,11.99,Adrian Clary
8960,2005-07-30 03:36:31,391,525,2005-08-01 23:46:31,2,86,2,12,Music,6,4.99,11.99,Adrian Clary
6388,2005-07-11 22:17:16,3506,525,2005-07-19 23:50:16,2,767,2,12,Music,6,4.99,13.99,Adrian Clary
6689,2005-07-12 12:22:13,1568,525,2005-07-16 07:44:13,1,344,2,3,Children,3,0.99,28.99,Adrian Clary
8007,2005-07-28 15:22:27,1942,525,2005-07-30 13:06:27,2,423,1,3,Children,7,0.99,29.99,Adrian Clary
6098,2005-07-11 06:23:28,3016,525,2005-07-17 04:05:28,1,662,2,7,Drama,3,4.99,9.99,Adrian Clary
437,2005-05-27 17:47:22,1800,525,2005-06-05 14:22:22,2,391,1,8,Family,6,2.99,25.99,Adrian Clary
5841,2005-07-10 17:11:31,1230,525,2005-07-18 15:50:31,2,273,1,8,Family,6,0.99,14.99,Adrian Clary
9702,2005-07-31 07:34:07,3353,525,2005-08-02 06:13:07,2,736,1,8,Family,4,0.99,21.99,Adrian Clary
7591,2005-07-27 23:25:54,651,525,2005-08-02 22:54:54,1,141,1,10,Games,6,4.99,11.99,Adrian Clary
3993,2005-07-06 23:37:06,1061,525,2005-07-14 19:31:06,1,236,2,10,Games,4,2.99,19.99,Adrian Clary
1772,2005-06-16 18:12:54,1269,525,2005-06-24 19:55:54,1,281,2,10,Games,6,0.99,9.99,Adrian Clary
7337,2005-07-27 14:12:04,3314,525,2005-08-03 14:57:04,2,729,2,15,Sports,5,2.99,28.99,Adrian Clary
10496,2005-08-01 10:53:16,411,525,2005-08-08 10:34:16,2,91,1,4,Classics,5,0.99,17.99,Adrian Clary
987,2005-05-30 22:59:12,390,11,2005-06-07 20:56:12,1,86,1,12,Music,6,4.99,11.99,Lisa Anderson
5835,2005-07-10 16:44:58,800,11,2005-07-17 16:03:58,2,174,2,12,Music,6,4.99,13.99,Lisa Anderson
9292,2005-07-30 16:08:21,1702,11,2005-08-07 10:38:21,2,370,2,3,Children,4,2.99,26.99,Lisa Anderson
8100,2005-07-28 18:43:11,2859,11,2005-08-02 15:56:11,2,626,2,3,Children,5,2.99,12.99,Lisa Anderson
6146,2005-07-11 09:09:59,3374,11,2005-07-20 11:42:59,2,740,2,11,Horror,5,2.99,13.99,Lisa Anderson
1470,2005-06-15 20:53:07,4044,11,2005-06-25 02:12:07,1,880,2,2,Animation,6,2.99,9.99,Lisa Anderson
8950,2005-07-30 03:17:13,3015,11,2005-08-07 00:20:13,1,662,1,7,Drama,3,4.99,9.99,Lisa Anderson
8447,2005-07-29 07:38:14,930,11,2005-08-05 02:27:14,2,206,2,6,Documentary,6,0.99,25.99,Lisa Anderson
3192,2005-06-20 23:49:12,3713,11,2005-06-24 03:00:12,1,812,2,6,Documentary,7,0.99,13.99,Lisa Anderson
10812,2005-08-01 22:41:16,3762,11,2005-08-07 00:50:16,1,823,2,1,Action,4,2.99,21.99,Lisa Anderson
7314,2005-07-27 13:13:32,1376,11,2005-08-03 09:24:32,2,302,2,10,Games,5,2.99,29.99,Lisa Anderson
8715,2005-07-29 17:33:45,860,11,2005-08-01 17:30:45,1,189,2,10,Games,3,0.99,23.99,Lisa Anderson
8014,2005-07-28 15:32:07,2339,11,2005-07-31 20:52:07,1,508,2,10,Games,6,4.99,18.99,Lisa Anderson
4943,2005-07-08 22:43:05,2732,11,2005-07-15 18:17:05,2,599,2,15,Sports,3,0.99,20.99,Lisa Anderson
1939,2005-06-17 07:26:45,605,11,2005-06-25 13:06:45,2,131,2,4,Classics,5,4.99,12.99,Lisa Anderson
4608,2005-07-08 07:19:11,758,11,2005-07-11 01:37:11,1,166,1,4,Classics,6,2.99,19.99,Lisa Anderson
1649,2005-06-16 09:20:33,390,352,2005-06-18 13:42:33,1,86,1,12,Music,6,4.99,11.99,Albert Crouse
7886,2005-07-28 10:37:55,237,352,2005-08-04 13:22:55,2,54,1,12,Music,5,0.99,15.99,Albert Crouse
7845,2005-07-28 09:18:07,38,352,2005-08-04 10:23:07,2,8,2,11,Horror,6,4.99,15.99,Albert Crouse
7033,2005-07-27 03:03:25,2803,352,2005-07-28 01:57:25,2,615,2,2,Animation,6,2.99,21.99,Albert Crouse
7579,2005-07-27 23:06:41,501,352,2005-07-31 20:08:41,2,112,1,9,Foreign,4,4.99,22.99,Albert Crouse
3331,2005-06-21 09:37:53,2913,352,2005-06-26 04:01:53,2,640,2,9,Foreign,5,4.99,21.99,Albert Crouse
1678,2005-06-16 11:08:28,1856,352,2005-06-19 15:44:28,1,403,2,7,Drama,5,4.99,18.99,Albert Crouse
784,2005-05-29 14:44:22,2936,352,2005-06-01 17:28:22,2,645,1,16,Travel,7,2.99,18.99,Albert Crouse
1780,2005-06-16 19:11:45,146,352,2005-06-19 15:34:45,2,31,1,8,Family,5,4.99,16.99,Albert Crouse
4116,2005-07-07 06:56:13,666,352,2005-07-11 11:13:13,2,145,2,8,Family,5,4.99,25.99,Albert Crouse
7419,2005-07-27 17:04:15,3454,352,2005-08-05 21:54:15,2,757,2,6,Documentary,4,2.99,28.99,Albert Crouse
7512,2005-07-27 20:40:40,1343,352,2005-08-05 01:44:40,1,296,1,14,Sci-Fi,5,2.99,23.99,Albert Crouse
9463,2005-07-30 22:30:57,883,352,2005-08-03 22:53:57,1,194,2,1,Action,6,0.99,22.99,Albert Crouse
1498,2005-06-15 21:58:00,3690,352,2005-06-17 21:50:00,1,807,1,10,Games,4,0.99,25.99,Albert Crouse
6329,2005-07-11 19:10:38,2763,352,2005-07-19 14:46:38,2,606,2,15,Sports,3,0.99,15.99,Albert Crouse
4762,2005-07-08 14:54:42,390,36,2005-07-12 18:08:42,1,86,1,12,Music,6,4.99,11.99,Kathleen Adams
8391,2005-07-29 05:52:50,2134,36,2005-08-03 04:45:50,2,462,1,12,Music,5,2.99,17.99,Kathleen Adams
7919,2005-07-28 11:59:45,2138,36,2005-08-06 11:19:45,1,462,2,12,Music,5,2.99,17.99,Kathleen Adams
2741,2005-06-19 16:05:41,1662,36,2005-06-20 20:48:41,1,363,1,12,Music,3,0.99,12.99,Kathleen Adams
716,2005-05-29 04:35:29,85,36,2005-06-01 07:42:29,2,17,2,12,Music,3,0.99,14.99,Kathleen Adams
4560,2005-07-08 04:58:48,303,36,2005-07-10 04:27:48,1,68,2,3,Children,5,4.99,26.99,Kathleen Adams
10761,2005-08-01 20:25:35,3967,36,2005-08-08 15:20:35,2,864,2,3,Children,5,0.99,21.99,Kathleen Adams
5403,2005-07-09 20:07:09,3991,36,2005-07-12 18:33:09,1,870,1,11,Horror,4,0.99,12.99,Kathleen Adams
4135,2005-07-07 08:15:03,3384,36,2005-07-11 10:56:03,1,743,2,2,Animation,7,0.99,27.99,Kathleen Adams
8952,2005-07-30 03:20:38,4397,36,2005-08-02 02:54:38,1,961,1,9,Foreign,7,4.99,22.99,Kathleen Adams
349,2005-05-27 04:53:11,2920,36,2005-05-28 06:33:11,2,641,2,9,Foreign,4,0.99,21.99,Kathleen Adams
9805,2005-07-31 11:11:10,4179,36,2005-08-03 07:36:10,2,910,2,7,Drama,3,0.99,19.99,Kathleen Adams
7205,2005-07-27 09:06:13,2828,36,2005-08-05 07:11:13,1,621,1,8,Family,5,2.99,23.99,Kathleen Adams
10963,2005-08-02 03:48:17,4501,36,2005-08-02 22:15:17,1,982,2,1,Action,4,0.99,23.99,Kathleen Adams
6030,2005-07-11 02:37:51,95,36,2005-07-16 22:34:51,2,19,1,1,Action,6,0.99,20.99,Kathleen Adams
10525,2005-08-01 11:53:17,3811,36,2005-08-07 07:24:17,1,835,1,10,Games,6,2.99,13.99,Kathleen Adams
9369,2005-07-30 18:52:19,3538,36,2005-08-01 12:53:19,1,773,2,15,Sports,6,2.99,28.99,Kathleen Adams
7647,2005-07-28 01:35:17,3079,36,2005-08-01 00:14:17,1,677,1,13,New,6,0.99,25.99,Kathleen Adams
10964,2005-08-02 03:56:23,2356,36,2005-08-09 23:11:23,2,512,2,4,Classics,5,4.99,25.99,Kathleen Adams
8099,2005-07-28 18:35:12,3694,36,2005-07-30 15:44:12,2,808,2,4,Classics,5,0.99,10.99,Kathleen Adams
7911,2005-07-28 11:46:45,390,3,2005-07-29 07:19:45,1,86,1,12,Music,6,4.99,11.99,Linda Williams
9816,2005-07-31 11:32:58,4560,3,2005-08-04 17:12:58,2,995,1,11,Horror,5,4.99,11.99,Linda Williams
1546,2005-06-16 01:34:05,3913,3,2005-06-24 04:27:05,1,854,2,11,Horror,4,4.99,22.99,Linda Williams
1911,2005-06-17 05:15:15,910,3,2005-06-24 11:05:15,2,202,1,5,Comedy,5,4.99,26.99,Linda Williams
1726,2005-06-16 15:19:10,116,3,2005-06-25 11:39:10,2,23,1,2,Animation,3,0.99,9.99,Linda Williams
7703,2005-07-28 03:59:21,2150,3,2005-08-05 08:52:21,1,464,2,2,Animation,3,2.99,13.99,Linda Williams
9443,2005-07-30 21:45:46,1675,3,2005-08-05 21:22:46,1,366,1,7,Drama,3,0.99,29.99,Linda Williams
9595,2005-07-31 03:27:58,2829,3,2005-08-03 05:58:58,1,621,1,8,Family,5,2.99,23.99,Linda Williams
2628,2005-06-19 08:34:53,3917,3,2005-06-28 04:19:53,2,855,1,6,Documentary,7,0.99,28.99,Linda Williams
435,2005-05-27 17:17:09,3328,3,2005-06-02 11:20:09,2,732,1,1,Action,5,0.99,17.99,Linda Williams
7503,2005-07-27 20:23:12,579,3,2005-08-05 18:46:12,2,126,2,1,Action,3,4.99,16.99,Linda Williams
8545,2005-07-29 11:07:04,3261,3,2005-08-06 13:30:04,2,717,2,1,Action,6,0.99,23.99,Linda Williams
4180,2005-07-07 10:23:25,1704,3,2005-07-10 13:18:25,1,371,1,1,Action,5,4.99,17.99,Linda Williams
7096,2005-07-27 04:54:42,2575,3,2005-08-03 01:42:42,2,563,2,10,Games,6,4.99,16.99,Linda Williams
4725,2005-07-08 12:47:11,2058,3,2005-07-15 09:08:11,2,447,1,10,Games,5,2.99,28.99,Linda Williams
8086,2005-07-28 18:17:14,1182,3,2005-07-30 18:22:14,2,263,1,15,Sports,6,4.99,14.99,Linda Williams
9226,2005-07-30 13:31:20,4315,3,2005-08-06 16:42:20,1,940,1,15,Sports,6,0.99,19.99,Linda Williams
7724,2005-07-28 04:46:30,346,3,2005-08-04 08:41:30,1,77,1,13,New,5,4.99,15.99,Linda Williams
830,2005-05-29 22:43:55,3464,3,2005-06-01 17:43:55,1,759,2,13,New,4,2.99,29.99,Linda Williams
10597,2005-08-01 14:19:48,3292,3,2005-08-08 20:01:48,1,725,1,4,Classics,6,4.99,25.99,Linda Williams
4973,2005-07-08 23:58:18,391,432,2005-07-14 21:42:18,1,86,2,12,Music,6,4.99,11.99,Edwin Burk
3194,2005-06-20 23:59:57,1835,432,2005-06-24 19:21:57,1,398,2,12,Music,5,4.99,21.99,Edwin Burk
5944,2005-07-10 22:51:44,3904,432,2005-07-18 17:54:44,2,852,1,3,Children,4,0.99,27.99,Edwin Burk
897,2005-05-30 09:10:01,1334,432,2005-06-08 03:43:01,1,294,2,16,Travel,5,4.99,26.99,Edwin Burk
5990,2005-07-11 01:03:14,1561,432,2005-07-15 19:32:14,1,342,1,16,Travel,7,4.99,28.99,Edwin Burk
326,2005-05-27 01:10:11,3979,432,2005-06-04 20:25:11,2,867,1,8,Family,5,4.99,10.99,Edwin Burk
8079,2005-07-28 17:58:36,3564,432,2005-07-29 14:48:36,2,778,2,8,Family,3,4.99,24.99,Edwin Burk
5322,2005-07-09 16:28:13,4420,432,2005-07-18 14:53:13,1,966,2,6,Documentary,3,0.99,14.99,Edwin Burk
7681,2005-07-28 03:07:09,1176,432,2005-07-29 08:30:09,2,261,1,6,Documentary,5,0.99,13.99,Edwin Burk
8094,2005-07-28 18:30:28,4276,432,2005-08-05 17:37:28,2,930,2,14,Sci-Fi,4,2.99,23.99,Edwin Burk
550,2005-05-28 07:39:16,3632,432,2005-06-06 12:20:16,2,793,1,1,Action,6,2.99,14.99,Edwin Burk
1597,2005-06-16 05:47:03,743,432,2005-06-18 04:21:03,1,162,2,1,Action,4,2.99,13.99,Edwin Burk
4965,2005-07-08 23:46:57,535,432,2005-07-15 18:47:57,1,117,1,10,Games,6,4.99,15.99,Edwin Burk
7326,2005-07-27 13:50:40,2844,432,2005-07-30 08:16:40,1,624,1,10,Games,3,4.99,25.99,Edwin Burk
9916,2005-07-31 14:54:52,949,432,2005-08-07 13:18:52,1,211,1,10,Games,7,4.99,20.99,Edwin Burk
5204,2005-07-09 10:54:14,1791,432,2005-07-12 14:29:14,2,389,1,15,Sports,3,2.99,9.99,Edwin Burk
1180,2005-06-15 00:39:01,3119,432,2005-06-21 22:44:01,2,686,1,13,New,5,4.99,9.99,Edwin Burk
9984,2005-07-31 17:12:23,433,432,2005-08-01 21:04:23,2,96,1,13,New,4,2.99,21.99,Edwin Burk
8386,2005-07-29 05:45:30,388,435,2005-08-05 03:56:30,2,86,1,12,Music,6,4.99,11.99,Ricky Shelby
9829,2005-07-31 11:58:38,231,435,2005-08-07 08:11:38,2,51,2,12,Music,5,2.99,10.99,Ricky Shelby
757,2005-05-29 10:29:47,1067,435,2005-06-07 15:27:47,1,238,1,3,Children,4,2.99,29.99,Ricky Shelby
11041,2005-08-02 06:03:53,1897,435,2005-08-03 11:57:53,1,413,1,5,Comedy,7,2.99,16.99,Ricky Shelby
9269,2005-07-30 15:02:33,548,435,2005-08-02 16:32:33,1,119,2,5,Comedy,6,0.99,22.99,Ricky Shelby
5220,2005-07-09 11:59:04,2577,435,2005-07-15 06:20:04,1,564,2,2,Animation,4,2.99,11.99,Ricky Shelby
3690,2005-07-06 09:46:03,4405,435,2005-07-07 12:12:03,1,963,1,2,Animation,5,0.99,12.99,Ricky Shelby
1443,2005-06-15 18:57:51,2485,435,2005-06-18 14:18:51,2,545,1,9,Foreign,4,0.99,14.99,Ricky Shelby
3918,2005-07-06 20:26:15,1111,435,2005-07-15 20:32:15,1,246,2,9,Foreign,5,4.99,16.99,Ricky Shelby
806,2005-05-29 18:31:30,2386,435,2005-05-31 00:18:30,2,521,1,7,Drama,7,4.99,28.99,Ricky Shelby
6935,2005-07-26 23:13:10,2771,435,2005-07-27 18:09:10,1,609,1,16,Travel,7,2.99,23.99,Ricky Shelby
6051,2005-07-11 03:46:41,2675,435,2005-07-11 22:36:41,2,587,1,6,Documentary,6,4.99,20.99,Ricky Shelby
2984,2005-06-20 08:43:44,1819,435,2005-06-22 03:08:44,2,395,2,1,Action,4,0.99,28.99,Ricky Shelby
9655,2005-07-31 05:57:54,3403,435,2005-08-06 02:00:54,1,746,2,10,Games,3,0.99,10.99,Ricky Shelby
10998,2005-08-02 04:50:55,1479,435,2005-08-11 03:43:55,1,323,2,15,Sports,7,4.99,22.99,Ricky Shelby
8891,2005-07-30 00:46:55,4093,435,2005-08-06 23:32:55,2,891,2,4,Classics,3,0.99,13.99,Ricky Shelby
8613,2005-07-29 13:30:58,394,411,2005-08-05 16:21:58,2,86,2,12,Music,6,4.99,11.99,Norman Currier
2712,2005-06-19 14:20:13,3132,411,2005-06-22 19:08:13,1,688,2,3,Children,6,0.99,12.99,Norman Currier
7102,2005-07-27 05:07:21,1081,411,2005-08-01 09:41:21,2,241,1,2,Animation,4,0.99,20.99,Norman Currier
7813,2005-07-28 08:08:27,4216,411,2005-07-30 03:08:27,2,916,2,2,Animation,3,2.99,10.99,Norman Currier
1985,2005-06-17 10:31:37,87,411,2005-06-22 11:17:37,1,18,1,2,Animation,6,0.99,27.99,Norman Currier
7513,2005-07-27 20:51:04,939,411,2005-08-03 20:15:04,2,208,1,2,Animation,7,2.99,16.99,Norman Currier
5357,2005-07-09 18:08:59,1988,411,2005-07-16 17:28:59,2,433,2,2,Animation,4,2.99,23.99,Norman Currier
8023,2005-07-28 15:53:29,2133,411,2005-07-31 12:26:29,1,461,2,2,Animation,3,0.99,14.99,Norman Currier
1997,2005-06-17 11:19:43,846,411,2005-06-19 14:18:43,1,185,1,9,Foreign,3,2.99,10.99,Norman Currier
5800,2005-07-10 14:58:36,2466,411,2005-07-11 19:50:36,2,539,1,7,Drama,7,2.99,21.99,Norman Currier
7395,2005-07-27 16:03:11,2888,411,2005-07-31 20:26:11,2,634,2,8,Family,6,0.99,14.99,Norman Currier
3928,2005-07-06 20:52:09,1960,411,2005-07-08 18:51:09,1,428,1,8,Family,6,2.99,21.99,Norman Currier
972,2005-05-30 20:21:07,2,411,2005-06-06 00:36:07,1,1,1,6,Documentary,6,0.99,20.99,Norman Currier
4146,2005-07-07 08:30:16,176,411,2005-07-12 07:52:16,1,39,1,14,Sci-Fi,5,0.99,10.99,Norman Currier
4246,2005-07-07 13:49:03,1141,411,2005-07-09 13:01:03,1,252,2,1,Action,6,2.99,18.99,Norman Currier
686,2005-05-29 00:27:10,2441,411,2005-05-30 02:29:10,1,532,2,15,Sports,5,4.99,28.99,Norman Currier
9622,2005-07-31 04:21:45,2255,411,2005-08-02 09:20:45,1,488,1,15,Sports,3,0.99,23.99,Norman Currier
9040,2005-07-30 06:31:45,392,33,2005-08-03 12:20:45,1,86,2,12,Music,6,4.99,11.99,Anna Hill
9254,2005-07-30 14:26:11,495,33,2005-08-04 16:12:11,1,110,1,3,Children,4,0.99,25.99,Anna Hill
165,2005-05-26 02:28:36,2735,33,2005-06-02 03:21:36,1,600,1,11,Horror,5,0.99,16.99,Anna Hill
3173,2005-06-20 22:21:10,4306,33,2005-06-27 19:41:10,2,938,1,5,Comedy,3,4.99,14.99,Anna Hill
1301,2005-06-15 09:46:33,1484,33,2005-06-24 08:56:33,2,324,2,5,Comedy,3,4.99,11.99,Anna Hill
10870,2005-08-02 00:27:12,1509,33,2005-08-02 20:00:12,2,330,1,2,Animation,7,4.99,22.99,Anna Hill
5421,2005-07-09 20:49:12,2437,33,2005-07-10 16:30:12,1,531,2,9,Foreign,3,0.99,18.99,Anna Hill
7992,2005-07-28 14:53:06,1851,33,2005-07-29 18:17:06,1,403,1,7,Drama,5,4.99,18.99,Anna Hill
6280,2005-07-11 16:36:17,4055,33,2005-07-13 14:04:17,2,882,1,7,Drama,4,0.99,24.99,Anna Hill
10335,2005-08-01 04:59:30,323,33,2005-08-05 02:26:30,1,72,1,6,Documentary,6,2.99,12.99,Anna Hill
4095,2005-07-07 06:01:48,2900,33,2005-07-15 02:52:48,2,637,2,14,Sci-Fi,7,4.99,16.99,Anna Hill
9085,2005-07-30 08:17:24,3400,33,2005-08-03 09:35:24,2,745,2,15,Sports,5,4.99,23.99,Anna Hill
5723,2005-07-10 11:14:48,605,33,2005-07-11 15:46:48,2,131,2,4,Classics,5,4.99,12.99,Anna Hill
18,2005-05-25 01:10:47,3376,19,2005-05-31 06:35:47,2,741,1,12,Music,7,0.99,28.99,Ruth Martinez
696,2005-05-29 01:59:10,2076,19,2005-06-01 02:45:10,1,450,2,3,Children,5,2.99,29.99,Ruth Martinez
2657,2005-06-19 10:42:59,3595,19,2005-06-28 12:37:59,1,786,1,3,Children,7,0.99,14.99,Ruth Martinez
3549,2005-07-06 02:24:55,3921,19,2005-07-06 21:40:55,2,856,1,11,Horror,5,4.99,11.99,Ruth Martinez
10077,2005-07-31 20:01:06,2333,19,2005-08-09 16:07:06,1,506,2,11,Horror,4,4.99,14.99,Ruth Martinez
2848,2005-06-19 22:55:37,3449,19,2005-06-25 23:10:37,1,756,2,5,Comedy,7,2.99,10.99,Ruth Martinez
3423,2005-06-21 17:38:02,3612,19,2005-06-23 19:47:02,1,789,2,9,Foreign,7,2.99,15.99,Ruth Martinez
9157,2005-07-30 11:06:23,146,19,2005-08-05 05:29:23,2,31,1,8,Family,5,4.99,16.99,Ruth Martinez
591,2005-05-28 13:11:04,377,19,2005-05-29 17:20:04,2,83,2,8,Family,5,2.99,18.99,Ruth Martinez
337,2005-05-27 03:22:30,751,19,2005-06-02 03:27:30,1,164,2,6,Documentary,4,0.99,20.99,Ruth Martinez
110,2005-05-25 18:43:49,4108,19,2005-06-03 18:13:49,2,893,2,14,Sci-Fi,4,4.99,11.99,Ruth Martinez
179,2005-05-26 04:26:06,2575,19,2005-06-03 10:06:06,1,563,2,10,Games,6,4.99,16.99,Ruth Martinez
9256,2005-07-30 14:29:29,4021,19,2005-08-05 16:59:29,1,875,2,15,Sports,6,0.99,9.99,Ruth Martinez
6495,2005-07-12 02:57:02,2440,19,2005-07-14 08:35:02,1,532,2,15,Sports,5,4.99,28.99,Ruth Martinez
10176,2005-07-31 23:40:35,1181,19,2005-08-09 00:46:35,2,263,1,15,Sports,6,4.99,14.99,Ruth Martinez
1380,2005-06-15 15:13:10,3376,158,2005-06-18 12:42:10,2,741,1,12,Music,7,0.99,28.99,Veronica Stone
7732,2005-07-28 05:03:32,3597,158,2005-07-29 10:20:32,1,786,2,3,Children,7,0.99,14.99,Veronica Stone
5672,2005-07-10 08:19:38,2326,158,2005-07-16 06:28:38,2,505,2,3,Children,6,2.99,24.99,Veronica Stone
9801,2005-07-31 11:03:13,3033,158,2005-08-04 10:55:13,2,665,2,11,Horror,4,2.99,22.99,Veronica Stone
6901,2005-07-12 21:46:33,4574,158,2005-07-16 21:36:33,1,1000,1,5,Comedy,3,4.99,18.99,Veronica Stone
2035,2005-06-17 13:45:09,4371,158,2005-06-26 15:30:09,2,953,1,2,Animation,3,0.99,9.99,Veronica Stone
1790,2005-06-16 19:58:40,1070,158,2005-06-17 19:31:40,2,239,1,2,Animation,5,4.99,16.99,Veronica Stone
8750,2005-07-29 19:14:21,3157,158,2005-07-31 17:22:21,2,693,2,2,Animation,5,2.99,16.99,Veronica Stone
4117,2005-07-07 06:58:14,780,158,2005-07-16 05:28:14,1,170,2,9,Foreign,5,4.99,28.99,Veronica Stone
3203,2005-06-21 00:34:56,442,158,2005-06-29 23:30:56,1,98,1,7,Drama,4,4.99,12.99,Veronica Stone
5988,2005-07-11 00:55:38,151,158,2005-07-13 21:36:38,2,31,2,8,Family,5,4.99,16.99,Veronica Stone
9713,2005-07-31 08:13:28,929,158,2005-08-07 10:11:28,1,206,1,6,Documentary,6,0.99,25.99,Veronica Stone
11077,2005-08-02 07:26:43,4254,158,2005-08-09 10:34:43,2,925,1,6,Documentary,3,0.99,27.99,Veronica Stone
293,2005-05-26 20:27:02,1828,158,2005-06-03 16:45:02,2,397,1,14,Sci-Fi,5,2.99,26.99,Veronica Stone
6416,2005-07-11 23:29:14,1063,158,2005-07-13 20:20:14,1,236,2,10,Games,4,2.99,19.99,Veronica Stone
8957,2005-07-30 03:34:10,811,158,2005-08-06 07:05:10,1,176,2,15,Sports,6,0.99,21.99,Veronica Stone
245,2005-05-26 13:46:59,3045,158,2005-05-27 09:58:59,2,668,1,15,Sports,7,4.99,25.99,Veronica Stone
7952,2005-07-28 13:23:49,3313,158,2005-08-01 08:50:49,1,729,2,15,Sports,5,2.99,28.99,Veronica Stone
7159,2005-07-27 07:24:00,1220,158,2005-08-05 11:13:00,1,270,2,13,New,7,0.99,29.99,Veronica Stone
9393,2005-07-30 20:04:48,843,158,2005-08-02 15:52:48,2,184,2,4,Classics,3,2.99,24.99,Veronica Stone
6842,2005-07-12 19:07:55,3376,366,2005-07-19 22:47:55,1,741,1,12,Music,7,0.99,28.99,Brandon Huey
7602,2005-07-27 23:48:35,2516,366,2005-08-04 17:58:35,1,553,2,3,Children,4,0.99,12.99,Brandon Huey
3834,2005-07-06 16:19:56,3001,366,2005-07-13 11:38:56,2,658,2,11,Horror,7,2.99,19.99,Brandon Huey
7805,2005-07-28 07:56:41,3204,366,2005-08-04 06:53:41,1,704,2,5,Comedy,3,2.99,25.99,Brandon Huey
6971,2005-07-27 00:26:17,3493,366,2005-08-01 03:59:17,2,765,1,5,Comedy,7,4.99,18.99,Brandon Huey
8928,2005-07-30 02:18:19,706,366,2005-08-05 00:49:19,2,154,2,2,Animation,6,2.99,12.99,Brandon Huey
2214,2005-06-18 02:44:37,2430,366,2005-06-18 23:37:37,2,531,1,9,Foreign,3,0.99,18.99,Brandon Huey
3632,2005-07-06 06:38:21,2583,366,2005-07-11 03:19:21,1,567,1,9,Foreign,3,2.99,26.99,Brandon Huey
4569,2005-07-08 05:30:51,2925,366,2005-07-14 04:14:51,2,643,2,7,Drama,3,2.99,22.99,Brandon Huey
911,2005-05-30 10:50:22,1404,366,2005-06-07 12:26:22,2,307,2,16,Travel,6,4.99,9.99,Brandon Huey
10198,2005-08-01 00:36:15,1297,366,2005-08-07 06:18:15,2,286,2,16,Travel,7,2.99,16.99,Brandon Huey
10384,2005-08-01 06:39:14,2622,366,2005-08-02 03:06:14,1,575,1,6,Documentary,3,4.99,27.99,Brandon Huey
7562,2005-07-27 22:25:15,4417,366,2005-08-01 01:21:15,2,966,1,6,Documentary,3,0.99,14.99,Brandon Huey
8260,2005-07-29 01:11:00,4249,366,2005-08-06 00:36:00,1,924,1,14,Sci-Fi,7,0.99,15.99,Brandon Huey
7344,2005-07-27 14:29:28,1714,366,2005-07-31 15:36:28,1,374,1,14,Sci-Fi,3,0.99,29.99,Brandon Huey
5364,2005-07-09 18:24:48,2746,366,2005-07-10 12:30:48,1,602,2,14,Sci-Fi,5,0.99,14.99,Brandon Huey
4276,2005-07-07 14:50:59,221,366,2005-07-09 15:42:59,2,49,2,14,Sci-Fi,6,2.99,22.99,Brandon Huey
6366,2005-07-11 21:18:16,3989,366,2005-07-17 00:21:16,1,869,2,1,Action,4,2.99,22.99,Brandon Huey
9316,2005-07-30 17:11:58,4409,366,2005-08-05 14:36:58,1,964,1,1,Action,4,4.99,17.99,Brandon Huey
1401,2005-06-15 16:30:22,4081,366,2005-06-21 11:07:22,2,890,1,15,Sports,5,0.99,14.99,Brandon Huey
8169,2005-07-28 21:29:46,4086,366,2005-08-06 22:29:46,1,890,2,15,Sports,5,0.99,14.99,Brandon Huey
6112,2005-07-11 07:28:05,1311,366,2005-07-18 07:29:05,1,289,1,13,New,5,4.99,25.99,Brandon Huey
6738,2005-07-12 14:17:55,1197,366,2005-07-21 10:11:55,2,266,2,4,Classics,4,0.99,27.99,Brandon Huey
6533,2005-07-12 04:39:38,3853,366,2005-07-18 05:29:38,1,843,2,4,Classics,4,4.99,15.99,Brandon Huey
8974,2005-07-30 04:09:16,3376,425,2005-08-04 06:55:16,1,741,1,12,Music,7,0.99,28.99,Francis Sikes
3807,2005-07-06 15:11:44,39,425,2005-07-10 09:20:44,1,8,2,11,Horror,6,4.99,15.99,Francis Sikes
4939,2005-07-08 22:35:30,3201,425,2005-07-17 22:05:30,1,703,2,2,Animation,6,4.99,18.99,Francis Sikes
4361,2005-07-07 19:33:23,116,425,2005-07-12 22:36:23,1,23,1,2,Animation,3,0.99,9.99,Francis Sikes
4884,2005-07-08 19:49:17,3543,425,2005-07-15 23:14:17,2,775,1,7,Drama,4,4.99,18.99,Francis Sikes
4659,2005-07-08 09:53:28,4389,425,2005-07-14 14:56:28,2,958,2,7,Drama,6,2.99,19.99,Francis Sikes
5371,2005-07-09 18:47:48,789,425,2005-07-14 14:39:48,2,172,2,7,Drama,7,4.99,12.99,Francis Sikes
9170,2005-07-30 11:35:24,4279,425,2005-08-05 05:36:24,1,931,2,16,Travel,7,0.99,9.99,Francis Sikes
6603,2005-07-12 07:52:55,3583,425,2005-07-16 13:19:55,2,784,1,16,Travel,7,2.99,20.99,Francis Sikes
10163,2005-07-31 23:12:34,2811,425,2005-08-01 22:47:34,2,617,1,8,Family,4,0.99,24.99,Francis Sikes
10121,2005-07-31 21:24:53,2969,425,2005-08-03 22:24:53,1,650,2,6,Documentary,3,0.99,27.99,Francis Sikes
3276,2005-06-21 05:35:52,1890,425,2005-06-29 03:26:52,2,412,1,6,Documentary,6,4.99,25.99,Francis Sikes
1098,2005-05-31 13:51:48,1050,425,2005-06-09 18:42:48,2,234,1,14,Sci-Fi,6,2.99,27.99,Francis Sikes
4483,2005-07-08 01:03:12,1222,425,2005-07-17 00:20:12,1,271,1,1,Action,5,4.99,12.99,Francis Sikes
9682,2005-07-31 06:47:10,2427,425,2005-08-04 09:07:10,1,530,1,1,Action,5,2.99,27.99,Francis Sikes
4362,2005-07-07 19:35:30,3759,425,2005-07-14 14:59:30,1,823,1,1,Action,4,2.99,21.99,Francis Sikes
7249,2005-07-27 10:39:53,2441,425,2005-07-28 14:48:53,2,532,2,15,Sports,5,4.99,28.99,Francis Sikes
10545,2005-08-01 12:37:46,4230,425,2005-08-04 16:02:46,2,920,1,13,New,3,0.99,16.99,Francis Sikes
5363,2005-07-09 18:18:49,2180,425,2005-07-14 22:16:49,1,471,1,4,Classics,7,2.99,23.99,Francis Sikes
6318,2005-07-11 18:48:22,2048,425,2005-07-12 13:39:22,1,445,1,4,Classics,5,2.99,11.99,Francis Sikes
821,2005-05-29 21:31:12,3380,348,2005-06-04 22:49:12,1,741,2,12,Music,7,0.99,28.99,Roger Quintanilla
7380,2005-07-27 15:37:01,988,348,2005-08-03 19:24:01,1,220,1,12,Music,7,2.99,13.99,Roger Quintanilla
6776,2005-07-12 16:02:09,2398,348,2005-07-20 16:31:09,1,524,2,5,Comedy,6,0.99,13.99,Roger Quintanilla
5965,2005-07-10 23:51:52,4476,348,2005-07-11 23:29:52,1,978,1,5,Comedy,3,0.99,12.99,Roger Quintanilla
153,2005-05-26 00:47:47,3888,348,2005-05-27 21:28:47,1,849,2,2,Animation,6,0.99,28.99,Roger Quintanilla
4556,2005-07-08 04:48:41,4099,348,2005-07-16 08:51:41,2,892,2,2,Animation,3,4.99,18.99,Roger Quintanilla
3610,2005-07-06 05:36:59,1509,348,2005-07-13 07:07:59,1,330,1,2,Animation,7,4.99,22.99,Roger Quintanilla
8500,2005-07-29 09:12:01,4516,348,2005-07-31 10:15:01,1,986,1,2,Animation,6,2.99,24.99,Roger Quintanilla
2041,2005-06-17 14:19:00,782,348,2005-06-26 08:38:00,2,170,2,9,Foreign,5,4.99,28.99,Roger Quintanilla
10972,2005-08-02 04:08:25,1928,348,2005-08-09 23:25:25,1,418,2,7,Drama,5,0.99,27.99,Roger Quintanilla
8682,2005-07-29 16:15:26,4328,348,2005-08-03 20:15:26,2,944,1,7,Drama,6,4.99,29.99,Roger Quintanilla
8569,2005-07-29 11:39:17,276,348,2005-07-31 07:50:17,2,61,2,7,Drama,5,4.99,28.99,Roger Quintanilla
9482,2005-07-30 23:29:16,2421,348,2005-08-02 20:37:16,2,528,1,8,Family,4,2.99,25.99,Roger Quintanilla
5345,2005-07-09 17:28:18,3055,348,2005-07-11 14:30:18,2,670,2,6,Documentary,4,4.99,17.99,Roger Quintanilla
7825,2005-07-28 08:34:57,4340,348,2005-08-06 02:45:57,1,945,2,6,Documentary,5,0.99,22.99,Roger Quintanilla
4807,2005-07-08 17:01:48,4511,348,2005-07-16 22:33:48,2,985,1,14,Sci-Fi,4,4.99,19.99,Roger Quintanilla
2499,2005-06-18 23:01:36,3172,348,2005-06-20 21:50:36,2,697,1,1,Action,7,0.99,16.99,Roger Quintanilla
4633,2005-07-08 08:39:39,3178,348,2005-07-15 10:23:39,1,697,2,1,Action,7,0.99,16.99,Roger Quintanilla
10769,2005-08-01 20:43:02,3222,348,2005-08-05 02:32:02,1,707,2,1,Action,5,2.99,29.99,Roger Quintanilla
1654,2005-06-16 09:42:48,1039,348,2005-06-20 14:28:48,2,232,1,10,Games,7,2.99,29.99,Roger Quintanilla
3494,2005-07-05 23:47:30,3149,348,2005-07-11 18:10:30,1,691,2,15,Sports,6,4.99,29.99,Roger Quintanilla
7482,2005-07-27 19:24:16,485,348,2005-08-05 18:49:16,2,109,1,13,New,3,0.99,17.99,Roger Quintanilla
4699,2005-07-08 11:36:56,2462,348,2005-07-14 11:35:56,2,538,2,13,New,7,0.99,19.99,Roger Quintanilla
1403,2005-06-15 16:31:59,3380,546,2005-06-22 14:23:59,2,741,2,12,Music,7,0.99,28.99,Kelly Knott
9087,2005-07-30 08:19:47,4048,546,2005-08-02 07:15:47,1,881,2,11,Horror,5,4.99,13.99,Kelly Knott
1787,2005-06-16 19:30:59,3823,546,2005-06-21 18:25:59,2,837,2,5,Comedy,4,2.99,19.99,Kelly Knott
5629,2005-07-10 06:02:25,400,546,2005-07-16 07:33:25,1,89,1,2,Animation,7,0.99,22.99,Kelly Knott
1181,2005-06-15 00:42:17,2973,546,2005-06-19 03:36:17,2,651,2,2,Animation,3,0.99,20.99,Kelly Knott
6758,2005-07-12 15:13:49,4098,546,2005-07-20 09:31:49,2,892,2,2,Animation,3,4.99,18.99,Kelly Knott
482,2005-05-27 22:53:02,4178,546,2005-06-01 22:53:02,2,908,2,9,Foreign,3,4.99,11.99,Kelly Knott
2361,2005-06-18 13:19:05,3547,546,2005-06-23 07:59:05,1,775,2,7,Drama,4,4.99,18.99,Kelly Knott
4734,2005-07-08 13:12:12,1928,546,2005-07-10 09:01:12,2,418,2,7,Drama,5,0.99,27.99,Kelly Knott
6786,2005-07-12 16:32:33,2011,546,2005-07-16 12:42:33,2,437,2,8,Family,7,2.99,13.99,Kelly Knott
9626,2005-07-31 04:37:41,2216,546,2005-08-08 04:00:41,1,479,2,8,Family,7,0.99,12.99,Kelly Knott
6910,2005-07-12 22:11:21,1290,546,2005-07-21 02:35:21,1,285,1,14,Sci-Fi,3,0.99,18.99,Kelly Knott
197,2005-05-26 06:59:21,4212,546,2005-06-03 05:04:21,2,915,2,1,Action,7,4.99,9.99,Kelly Knott
3738,2005-07-06 11:50:57,578,546,2005-07-09 08:07:57,1,126,2,1,Action,3,4.99,16.99,Kelly Knott
10370,2005-08-01 06:18:04,4358,546,2005-08-05 01:41:04,2,949,2,10,Games,6,0.99,27.99,Kelly Knott
8532,2005-07-29 10:26:56,3045,546,2005-08-02 13:23:56,2,668,1,15,Sports,7,4.99,25.99,Kelly Knott
4664,2005-07-08 10:01:28,1318,546,2005-07-12 10:37:28,2,291,1,15,Sports,5,0.99,10.99,Kelly Knott
5500,2005-07-10 00:28:17,3380,457,2005-07-15 19:09:17,1,741,2,12,Music,7,0.99,28.99,Bill Gavin
1453,2005-06-15 19:36:39,3274,457,2005-06-19 00:16:39,2,721,1,12,Music,7,4.99,23.99,Bill Gavin
1727,2005-06-16 15:21:47,2951,457,2005-06-17 14:12:47,1,647,2,12,Music,4,0.99,18.99,Bill Gavin
2030,2005-06-17 13:13:27,4024,457,2005-06-19 10:44:27,1,877,1,12,Music,4,0.99,23.99,Bill Gavin
4600,2005-07-08 06:48:37,1526,457,2005-07-15 10:11:37,1,334,1,11,Horror,6,4.99,21.99,Bill Gavin
1024,2005-05-31 03:30:19,2310,457,2005-06-09 05:52:19,2,502,1,5,Comedy,4,2.99,21.99,Bill Gavin
10049,2005-07-31 19:11:11,854,457,2005-08-03 22:15:11,1,188,1,5,Comedy,7,2.99,24.99,Bill Gavin
8502,2005-07-29 09:15:41,2149,457,2005-07-30 10:41:41,1,464,2,2,Animation,3,2.99,13.99,Bill Gavin
2172,2005-06-18 00:06:16,2912,457,2005-06-26 00:50:16,1,640,2,9,Foreign,5,4.99,21.99,Bill Gavin
7184,2005-07-27 08:22:26,2324,457,2005-08-02 09:34:26,2,504,2,7,Drama,5,0.99,25.99,Bill Gavin
2670,2005-06-19 11:30:16,3518,457,2005-06-21 17:25:16,2,771,1,7,Drama,3,4.99,23.99,Bill Gavin
2762,2005-06-19 17:22:31,3431,457,2005-06-25 22:43:31,2,753,1,8,Family,3,0.99,20.99,Bill Gavin
8373,2005-07-29 05:19:53,2070,457,2005-08-04 04:39:53,1,449,2,14,Sci-Fi,4,2.99,12.99,Bill Gavin
2811,2005-06-19 19:53:30,3890,457,2005-06-22 23:21:30,2,850,1,1,Action,7,0.99,27.99,Bill Gavin
3184,2005-06-20 22:57:44,3179,457,2005-06-29 20:57:44,1,697,2,1,Action,7,0.99,16.99,Bill Gavin
3115,2005-06-20 17:59:05,2193,457,2005-06-26 13:28:05,1,474,2,15,Sports,6,2.99,21.99,Bill Gavin
6467,2005-07-12 01:22:03,2067,457,2005-07-20 04:37:03,2,448,2,13,New,3,2.99,25.99,Bill Gavin
8171,2005-07-28 21:32:57,3380,296,2005-07-30 21:19:57,1,741,2,12,Music,7,0.99,28.99,Ramona Hale
3810,2005-07-06 15:18:44,342,296,2005-07-12 09:52:44,2,76,1,12,Music,4,0.99,23.99,Ramona Hale
3119,2005-06-20 18:11:44,683,296,2005-06-27 16:14:44,2,149,2,3,Children,7,0.99,21.99,Ramona Hale
5589,2005-07-10 04:22:58,3673,296,2005-07-10 23:13:58,1,804,1,11,Horror,7,4.99,13.99,Ramona Hale
6398,2005-07-11 22:34:49,1409,296,2005-07-17 17:58:49,2,308,2,5,Comedy,3,2.99,13.99,Ramona Hale
3034,2005-06-20 12:15:50,2755,296,2005-06-24 06:21:50,2,604,2,5,Comedy,4,0.99,10.99,Ramona Hale
3486,2005-07-05 23:29:55,4067,296,2005-07-13 19:54:55,1,887,1,2,Animation,5,4.99,28.99,Ramona Hale
5090,2005-07-09 05:48:22,1728,296,2005-07-11 06:50:22,2,376,2,9,Foreign,4,0.99,20.99,Ramona Hale
162,2005-05-26 02:02:05,1229,296,2005-05-27 03:38:05,2,272,1,7,Drama,5,4.99,9.99,Ramona Hale
9304,2005-07-30 16:41:34,2937,296,2005-08-02 13:55:34,2,645,1,16,Travel,7,2.99,18.99,Ramona Hale
4480,2005-07-08 00:56:30,4457,296,2005-07-10 20:52:30,2,973,2,6,Documentary,3,4.99,27.99,Ramona Hale
956,2005-05-30 17:30:28,647,296,2005-06-07 13:54:28,2,140,2,14,Sci-Fi,6,0.99,23.99,Ramona Hale
511,2005-05-28 03:04:04,3827,296,2005-06-03 04:58:04,1,838,2,1,Action,5,4.99,25.99,Ramona Hale
6967,2005-07-27 00:16:31,1145,296,2005-08-03 22:19:31,1,253,1,1,Action,5,4.99,18.99,Ramona Hale
6016,2005-07-11 02:04:45,651,296,2005-07-17 22:22:45,1,141,1,10,Games,6,4.99,11.99,Ramona Hale
9249,2005-07-30 14:15:02,2015,296,2005-08-05 13:02:02,1,438,2,10,Games,3,2.99,22.99,Ramona Hale
869,2005-05-30 04:22:06,3399,296,2005-06-03 09:18:06,2,745,2,15,Sports,5,4.99,23.99,Ramona Hale
1659,2005-06-16 10:11:46,1182,296,2005-06-20 13:51:46,1,263,1,15,Sports,6,4.99,14.99,Ramona Hale
7568,2005-07-27 22:38:53,1578,296,2005-07-29 00:51:53,1,346,2,4,Classics,4,4.99,13.99,Ramona Hale
2513,2005-06-18 23:53:15,3379,515,2005-06-24 21:16:15,2,741,1,12,Music,7,0.99,28.99,Andre Rapp
1531,2005-06-16 00:40:34,1388,515,2005-06-22 02:44:34,1,304,2,3,Children,3,2.99,28.99,Andre Rapp
2484,2005-06-18 21:25:23,1511,515,2005-06-24 16:03:23,2,330,2,2,Animation,7,4.99,22.99,Andre Rapp
3782,2005-07-06 13:57:03,3365,515,2005-07-09 11:13:03,2,738,2,9,Foreign,3,0.99,27.99,Andre Rapp
5546,2005-07-10 02:50:37,2918,515,2005-07-16 08:22:37,1,641,2,9,Foreign,4,0.99,21.99,Andre Rapp
7429,2005-07-27 17:24:50,2160,515,2005-08-05 23:02:50,1,467,1,9,Foreign,6,0.99,10.99,Andre Rapp
5697,2005-07-10 09:44:44,934,515,2005-07-12 12:13:44,2,207,1,9,Foreign,7,4.99,26.99,Andre Rapp
2003,2005-06-17 11:40:35,1581,515,2005-06-19 08:30:35,2,347,1,16,Travel,7,4.99,17.99,Andre Rapp
187,2005-05-26 05:42:37,4004,515,2005-06-04 00:38:37,1,872,2,16,Travel,3,2.99,27.99,Andre Rapp
292,2005-05-26 20:22:12,4264,515,2005-06-05 00:58:12,1,927,1,1,Action,6,2.99,16.99,Andre Rapp
1244,2005-06-15 05:08:40,1026,515,2005-06-20 10:41:40,1,229,2,1,Action,6,4.99,12.99,Andre Rapp
10716,2005-08-01 18:53:48,3405,515,2005-08-04 13:49:48,1,746,2,10,Games,3,0.99,10.99,Andre Rapp
10159,2005-07-31 22:54:30,1174,515,2005-08-03 00:43:30,2,260,2,15,Sports,3,4.99,9.99,Andre Rapp
4111,2005-07-07 06:47:56,1009,515,2005-07-13 02:13:56,1,226,2,13,New,4,4.99,20.99,Andre Rapp
8706,2005-07-29 17:19:15,2886,515,2005-08-03 22:52:15,1,633,2,4,Classics,6,4.99,10.99,Andre Rapp
3063,2005-06-20 13:52:03,3954,515,2005-06-28 13:36:03,2,862,2,4,Classics,5,0.99,25.99,Andre Rapp
5216,2005-07-09 11:54:58,1644,515,2005-07-12 09:46:58,2,358,2,4,Classics,5,0.99,29.99,Andre Rapp
3636,2005-07-06 07:03:52,3379,591,2005-07-08 03:14:52,2,741,1,12,Music,7,0.99,28.99,Kent Arsenault
7212,2005-07-27 09:21:22,2905,591,2005-08-01 04:47:22,2,638,2,5,Comedy,7,2.99,23.99,Kent Arsenault
7118,2005-07-27 05:53:50,582,591,2005-08-05 04:19:50,2,127,1,5,Comedy,5,4.99,14.99,Kent Arsenault
1418,2005-06-15 17:51:27,2974,591,2005-06-18 23:20:27,2,651,2,2,Animation,3,0.99,20.99,Kent Arsenault
7511,2005-07-27 20:38:40,4044,591,2005-08-04 22:36:40,2,880,2,2,Animation,6,2.99,9.99,Kent Arsenault
7997,2005-07-28 15:02:25,1845,591,2005-08-04 14:35:25,1,402,1,2,Animation,3,0.99,15.99,Kent Arsenault
5704,2005-07-10 10:06:29,2104,591,2005-07-17 10:48:29,1,456,2,2,Animation,6,4.99,18.99,Kent Arsenault
3435,2005-06-21 19:14:58,451,591,2005-06-24 19:58:58,1,100,1,9,Foreign,7,4.99,21.99,Kent Arsenault
8666,2005-07-29 15:39:38,3669,591,2005-08-06 17:12:38,1,803,1,7,Drama,7,4.99,29.99,Kent Arsenault
9684,2005-07-31 06:48:33,362,591,2005-08-01 07:07:33,2,79,2,7,Drama,5,0.99,10.99,Kent Arsenault
3341,2005-06-21 10:37:25,2189,591,2005-06-26 15:38:25,1,473,2,7,Drama,5,2.99,16.99,Kent Arsenault
7741,2005-07-28 05:25:55,3917,591,2005-08-02 02:40:55,1,855,1,6,Documentary,7,0.99,28.99,Kent Arsenault
5759,2005-07-10 12:43:22,816,591,2005-07-16 16:42:22,1,177,2,14,Sci-Fi,4,4.99,20.99,Kent Arsenault
8819,2005-07-29 22:14:26,3100,591,2005-08-06 23:02:26,2,681,1,15,Sports,4,0.99,20.99,Kent Arsenault
4581,2005-07-08 06:05:06,887,591,2005-07-16 00:54:06,1,197,1,15,Sports,4,2.99,27.99,Kent Arsenault
10415,2005-08-01 08:05:59,2597,591,2005-08-04 13:46:59,1,570,2,15,Sports,5,4.99,20.99,Kent Arsenault
7549,2005-07-27 21:53:21,1765,591,2005-08-05 18:53:21,1,383,1,15,Sports,6,0.99,13.99,Kent Arsenault
8149,2005-07-28 20:48:12,1790,591,2005-08-01 20:07:12,2,389,1,15,Sports,3,2.99,9.99,Kent Arsenault
4383,2005-07-07 20:45:51,2649,591,2005-07-17 00:52:51,2,580,2,13,New,3,4.99,12.99,Kent Arsenault
7266,2005-07-27 11:22:17,3379,24,2005-08-04 05:45:17,1,741,1,12,Music,7,0.99,28.99,Kimberly Lee
5310,2005-07-09 16:00:34,1565,24,2005-07-12 12:45:34,2,344,1,3,Children,3,0.99,28.99,Kimberly Lee
9723,2005-07-31 08:31:18,3968,24,2005-08-03 10:25:18,1,864,2,3,Children,5,0.99,21.99,Kimberly Lee
4378,2005-07-07 20:29:08,1244,24,2005-07-12 19:17:08,2,275,1,11,Horror,3,0.99,11.99,Kimberly Lee
1716,2005-06-16 14:39:31,20,24,2005-06-19 15:37:31,1,4,2,11,Horror,5,2.99,26.99,Kimberly Lee
6855,2005-07-12 19:46:29,2657,24,2005-07-15 16:56:29,2,583,1,2,Animation,3,4.99,26.99,Kimberly Lee
1077,2005-05-31 10:22:54,1986,24,2005-06-02 12:21:54,1,433,1,2,Animation,4,2.99,23.99,Kimberly Lee
8947,2005-07-30 03:15:37,341,24,2005-08-04 07:10:37,2,75,2,16,Travel,6,4.99,14.99,Kimberly Lee
2116,2005-06-17 20:16:12,2373,24,2005-06-18 17:03:12,2,518,1,16,Travel,5,4.99,15.99,Kimberly Lee
3649,2005-07-06 07:32:42,3564,24,2005-07-12 09:37:42,1,778,2,8,Family,3,4.99,24.99,Kimberly Lee
10491,2005-08-01 10:38:27,3091,24,2005-08-04 04:55:27,2,679,2,8,Family,6,2.99,17.99,Kimberly Lee
2451,2005-06-18 19:28:02,835,24,2005-06-23 16:41:02,1,183,1,8,Family,4,4.99,14.99,Kimberly Lee
1007,2005-05-31 01:02:28,3185,24,2005-06-07 01:36:28,2,698,2,6,Documentary,3,2.99,29.99,Kimberly Lee
2070,2005-06-17 16:27:51,2609,24,2005-06-20 20:46:51,1,572,2,14,Sci-Fi,4,2.99,9.99,Kimberly Lee
9925,2005-07-31 15:08:47,2351,24,2005-08-02 20:27:47,1,511,2,1,Action,7,0.99,23.99,Kimberly Lee
2963,2005-06-20 07:33:09,1444,24,2005-06-28 09:23:09,1,316,2,10,Games,5,4.99,18.99,Kimberly Lee
5648,2005-07-10 07:09:21,4359,24,2005-07-16 07:23:21,2,951,1,4,Classics,6,0.99,28.99,Kimberly Lee
2384,2005-06-18 15:18:49,3378,132,2005-06-21 18:10:49,1,741,1,12,Music,7,0.99,28.99,Esther Crawford
3121,2005-06-20 18:23:30,797,132,2005-06-21 20:36:30,1,174,1,12,Music,6,4.99,13.99,Esther Crawford
5684,2005-07-10 08:59:03,99,132,2005-07-15 07:21:03,1,20,1,12,Music,4,4.99,23.99,Esther Crawford
3706,2005-07-06 10:18:01,681,132,2005-07-09 09:07:01,2,149,2,3,Children,7,0.99,21.99,Esther Crawford
2924,2005-06-20 04:20:14,580,132,2005-06-21 01:13:14,1,127,1,5,Comedy,5,4.99,14.99,Esther Crawford
4557,2005-07-08 04:49:15,1191,132,2005-07-14 00:00:15,2,265,1,5,Comedy,5,4.99,28.99,Esther Crawford
2208,2005-06-18 02:22:07,2345,132,2005-06-23 07:24:07,2,510,1,2,Animation,6,4.99,29.99,Esther Crawford
5391,2005-07-09 19:28:34,402,132,2005-07-18 01:07:34,1,89,2,2,Animation,7,0.99,22.99,Esther Crawford
7432,2005-07-27 17:31:40,3169,132,2005-07-28 17:44:40,2,696,2,2,Animation,6,0.99,20.99,Esther Crawford
1843,2005-06-16 23:53:42,2714,132,2005-06-22 18:33:42,2,595,2,9,Foreign,7,0.99,20.99,Esther Crawford
7631,2005-07-28 01:01:15,2437,132,2005-08-01 06:16:15,2,531,2,9,Foreign,3,0.99,18.99,Esther Crawford
2608,2005-06-19 07:10:36,1618,132,2005-06-24 13:09:36,1,353,2,9,Foreign,6,2.99,22.99,Esther Crawford
10619,2005-08-01 15:07:04,2189,132,2005-08-07 11:42:04,2,473,2,7,Drama,5,2.99,16.99,Esther Crawford
5703,2005-07-10 10:04:15,1585,132,2005-07-16 07:43:15,1,348,2,8,Family,7,0.99,9.99,Esther Crawford
6239,2005-07-11 14:20:48,4107,132,2005-07-17 13:41:48,2,893,2,14,Sci-Fi,4,4.99,11.99,Esther Crawford
3825,2005-07-06 15:50:03,630,132,2005-07-09 19:20:03,1,137,2,14,Sci-Fi,3,2.99,21.99,Esther Crawford
4168,2005-07-07 09:37:24,1872,132,2005-07-09 14:32:24,2,408,2,10,Games,4,4.99,28.99,Esther Crawford
10400,2005-08-01 07:18:24,3897,132,2005-08-10 08:38:24,1,851,1,15,Sports,3,0.99,19.99,Esther Crawford
4903,2005-07-08 20:50:05,1769,132,2005-07-13 15:27:05,1,383,2,15,Sports,6,0.99,13.99,Esther Crawford
6978,2005-07-27 00:47:40,3645,132,2005-07-31 04:32:40,2,796,1,15,Sports,3,0.99,12.99,Esther Crawford
4534,2005-07-08 03:36:55,2518,132,2005-07-16 00:49:55,2,554,1,4,Classics,6,2.99,22.99,Esther Crawford
10243,2005-08-01 02:18:46,2236,132,2005-08-06 21:45:46,1,484,1,4,Classics,3,2.99,13.99,Esther Crawford
10638,2005-08-01 15:44:20,2239,132,2005-08-08 16:05:20,2,484,1,4,Classics,3,2.99,13.99,Esther Crawford
5715,2005-07-10 10:48:03,1638,132,2005-07-18 11:27:03,1,357,2,4,Classics,7,0.99,13.99,Esther Crawford
6380,2005-07-11 21:55:40,3378,172,2005-07-17 20:42:40,1,741,1,12,Music,7,0.99,28.99,Bernice Willis
449,2005-05-27 19:13:15,2469,172,2005-06-04 01:08:15,2,540,1,12,Music,7,2.99,10.99,Bernice Willis
4878,2005-07-08 19:33:49,4009,172,2005-07-17 17:47:49,1,873,1,3,Children,3,0.99,13.99,Bernice Willis
685,2005-05-29 00:17:51,1385,172,2005-06-05 05:32:51,2,304,1,3,Children,3,2.99,28.99,Bernice Willis
7122,2005-07-27 06:03:18,1699,172,2005-08-04 10:43:18,2,370,1,3,Children,4,2.99,26.99,Bernice Willis
6875,2005-07-12 20:23:05,3420,172,2005-07-19 00:09:05,2,749,1,11,Horror,6,4.99,19.99,Bernice Willis
7135,2005-07-27 06:34:32,2959,172,2005-07-28 03:01:32,1,649,1,2,Animation,4,2.99,14.99,Bernice Willis
9218,2005-07-30 13:14:35,119,172,2005-08-07 18:03:35,1,23,2,2,Animation,3,0.99,9.99,Bernice Willis
3032,2005-06-20 11:58:30,3734,172,2005-06-24 09:49:30,1,816,2,2,Animation,3,0.99,27.99,Bernice Willis
8944,2005-07-30 03:11:44,3513,172,2005-08-06 23:15:44,2,769,2,9,Foreign,5,4.99,21.99,Bernice Willis
7261,2005-07-27 11:15:01,942,172,2005-07-28 09:42:01,2,209,1,7,Drama,6,2.99,24.99,Bernice Willis
10312,2005-08-01 04:29:06,4389,172,2005-08-08 04:52:06,2,958,2,7,Drama,6,2.99,19.99,Bernice Willis
837,2005-05-30 00:02:08,977,172,2005-06-02 05:31:08,2,218,1,7,Drama,7,0.99,22.99,Bernice Willis
7194,2005-07-27 08:39:58,254,172,2005-08-01 03:12:58,1,57,1,16,Travel,4,2.99,18.99,Bernice Willis
6246,2005-07-11 14:57:51,2376,172,2005-07-19 19:10:51,2,518,2,16,Travel,5,4.99,15.99,Bernice Willis
7638,2005-07-28 01:13:26,1890,172,2005-07-28 20:34:26,1,412,1,6,Documentary,6,4.99,25.99,Bernice Willis
1507,2005-06-15 22:25:26,2514,172,2005-06-19 17:00:26,1,552,2,6,Documentary,5,0.99,15.99,Bernice Willis
2052,2005-06-17 15:14:43,1686,172,2005-06-21 11:08:43,1,367,2,14,Sci-Fi,6,0.99,20.99,Bernice Willis
4821,2005-07-08 17:28:08,1690,172,2005-07-11 17:44:08,1,369,1,14,Sci-Fi,4,4.99,22.99,Bernice Willis
10621,2005-08-01 15:10:26,1650,172,2005-08-04 10:58:26,1,360,1,1,Action,4,0.99,24.99,Bernice Willis
4820,2005-07-08 17:25:23,2672,172,2005-07-17 20:32:23,2,586,2,1,Action,4,0.99,27.99,Bernice Willis
9118,2005-07-30 09:24:18,4538,172,2005-08-02 14:46:18,2,991,1,1,Action,4,2.99,26.99,Bernice Willis
6537,2005-07-12 04:46:30,3381,207,2005-07-19 03:04:30,2,741,2,12,Music,7,0.99,28.99,Gertrude Castillo
1144,2005-05-31 20:04:10,2450,207,2005-06-09 16:34:10,1,535,1,11,Horror,6,0.99,21.99,Gertrude Castillo
4816,2005-07-08 17:14:14,2700,207,2005-07-11 15:03:14,1,593,2,11,Horror,6,0.99,13.99,Gertrude Castillo
3687,2005-07-06 09:38:33,2040,207,2005-07-14 07:50:33,1,444,1,5,Comedy,3,4.99,22.99,Gertrude Castillo
9652,2005-07-31 05:49:53,448,207,2005-08-06 07:38:53,2,99,2,5,Comedy,7,2.99,14.99,Gertrude Castillo
826,2005-05-29 21:56:15,2263,207,2005-06-08 03:18:15,1,489,1,2,Animation,4,0.99,14.99,Gertrude Castillo
1945,2005-06-17 07:51:26,3366,207,2005-06-23 13:22:26,2,738,2,9,Foreign,3,0.99,27.99,Gertrude Castillo
4018,2005-07-07 01:10:33,906,207,2005-07-12 20:54:33,2,201,1,9,Foreign,7,2.99,18.99,Gertrude Castillo
8800,2005-07-29 21:18:59,2082,207,2005-08-06 19:59:59,2,451,2,16,Travel,7,4.99,12.99,Gertrude Castillo
5939,2005-07-10 22:30:05,4491,207,2005-07-14 00:02:05,2,981,1,16,Travel,7,0.99,13.99,Gertrude Castillo
7540,2005-07-27 21:39:55,2198,207,2005-08-04 18:10:55,2,476,1,8,Family,5,2.99,9.99,Gertrude Castillo
3584,2005-07-06 04:16:43,367,207,2005-07-13 07:08:43,1,80,1,8,Family,7,2.99,21.99,Gertrude Castillo
10300,2005-08-01 04:08:11,4334,207,2005-08-04 00:24:11,1,945,1,6,Documentary,5,0.99,22.99,Gertrude Castillo
5258,2005-07-09 13:56:56,3125,207,2005-07-11 16:01:56,2,687,1,6,Documentary,6,0.99,15.99,Gertrude Castillo
659,2005-05-28 20:27:53,1382,207,2005-05-31 01:36:53,2,303,2,1,Action,6,0.99,27.99,Gertrude Castillo
39,2005-05-25 04:51:46,4466,207,2005-05-31 03:14:46,2,976,1,10,Games,6,0.99,12.99,Gertrude Castillo
4713,2005-07-08 12:12:33,1399,207,2005-07-16 17:13:33,1,306,1,10,Games,3,0.99,12.99,Gertrude Castillo
44,2005-05-25 05:53:23,3098,207,2005-05-29 10:56:23,2,681,1,15,Sports,4,0.99,20.99,Gertrude Castillo
896,2005-05-30 09:03:52,2817,207,2005-06-05 07:37:52,2,619,1,15,Sports,3,0.99,20.99,Gertrude Castillo
7306,2005-07-27 12:57:26,2269,207,2005-08-03 09:35:26,2,490,1,13,New,4,2.99,13.99,Gertrude Castillo
5007,2005-07-09 01:26:22,3079,207,2005-07-12 20:48:22,1,677,1,13,New,6,0.99,25.99,Gertrude Castillo
5259,2005-07-09 14:02:50,1310,207,2005-07-11 19:13:50,2,289,1,13,New,5,4.99,25.99,Gertrude Castillo
6465,2005-07-12 01:17:11,2047,207,2005-07-20 00:29:11,2,445,1,4,Classics,5,2.99,11.99,Gertrude Castillo
10234,2005-08-01 01:56:20,1641,207,2005-08-09 01:51:20,2,358,1,4,Classics,5,0.99,29.99,Gertrude Castillo
7759,2005-07-28 06:28:45,3381,405,2005-08-03 11:38:45,1,741,2,12,Music,7,0.99,28.99,Leonard Schofield
3253,2005-06-21 03:25:37,1906,405,2005-06-27 02:46:37,2,415,1,11,Horror,3,2.99,23.99,Leonard Schofield
6110,2005-07-11 07:23:47,541,405,2005-07-20 03:17:47,2,118,1,2,Animation,7,0.99,26.99,Leonard Schofield
10472,2005-08-01 09:54:41,506,405,2005-08-04 13:31:41,1,112,2,9,Foreign,4,4.99,22.99,Leonard Schofield
5231,2005-07-09 12:35:02,1275,405,2005-07-10 09:22:02,1,282,2,7,Drama,5,0.99,20.99,Leonard Schofield
5040,2005-07-09 03:16:34,2479,405,2005-07-17 01:13:34,2,543,1,16,Travel,5,4.99,20.99,Leonard Schofield
8955,2005-07-30 03:28:27,4532,405,2005-08-04 04:56:27,2,989,1,16,Travel,4,4.99,22.99,Leonard Schofield
3240,2005-06-21 02:53:17,2938,405,2005-06-30 03:25:17,2,645,2,16,Travel,7,2.99,18.99,Leonard Schofield
1953,2005-06-17 08:34:57,3549,405,2005-06-24 09:38:57,2,776,1,6,Documentary,6,4.99,11.99,Leonard Schofield
1888,2005-06-17 03:58:36,2872,405,2005-06-22 09:28:36,1,629,2,6,Documentary,7,0.99,9.99,Leonard Schofield
121,2005-05-25 19:41:29,1053,405,2005-05-29 21:31:29,1,234,2,14,Sci-Fi,6,2.99,27.99,Leonard Schofield
5512,2005-07-10 01:05:38,4470,405,2005-07-17 20:47:38,1,976,2,10,Games,6,0.99,12.99,Leonard Schofield
1315,2005-06-15 10:23:08,3844,405,2005-06-21 15:06:08,1,842,1,10,Games,4,2.99,13.99,Leonard Schofield
770,2005-05-29 12:56:50,2491,405,2005-06-07 15:54:50,2,546,2,10,Games,7,2.99,27.99,Leonard Schofield
7455,2005-07-27 18:34:41,3815,405,2005-07-31 17:32:41,1,835,2,10,Games,6,2.99,13.99,Leonard Schofield
9569,2005-07-31 02:39:38,813,405,2005-08-02 05:09:38,2,176,2,15,Sports,6,0.99,21.99,Leonard Schofield
2654,2005-06-19 10:37:54,3697,405,2005-06-27 11:44:54,2,809,2,15,Sports,5,0.99,14.99,Leonard Schofield
4401,2005-07-07 21:26:27,2725,405,2005-07-12 17:18:27,2,598,1,15,Sports,6,0.99,22.99,Leonard Schofield
10823,2005-08-01 22:59:10,3322,405,2005-08-08 23:44:10,1,730,2,13,New,3,0.99,28.99,Leonard Schofield
8482,2005-07-29 08:46:33,2686,405,2005-07-31 11:07:33,2,590,1,13,New,3,2.99,17.99,Leonard Schofield
4223,2005-07-07 12:23:54,2407,405,2005-07-10 14:46:54,2,525,2,4,Classics,4,0.99,29.99,Leonard Schofield
8430,2005-07-29 07:12:17,3377,219,2005-08-03 09:53:17,2,741,1,12,Music,7,0.99,28.99,Willie Howell
4678,2005-07-08 10:30:40,241,219,2005-07-13 11:08:40,1,54,2,12,Music,5,0.99,15.99,Willie Howell
4910,2005-07-08 21:13:56,3675,219,2005-07-18 02:39:56,2,804,1,11,Horror,7,4.99,13.99,Willie Howell
5739,2005-07-10 11:51:50,163,219,2005-07-19 17:40:50,1,35,1,11,Horror,4,2.99,24.99,Willie Howell
5475,2005-07-09 23:31:38,726,219,2005-07-12 03:51:38,1,159,1,5,Comedy,5,4.99,12.99,Willie Howell
2580,2005-06-19 04:44:30,2527,219,2005-06-23 04:15:30,1,555,1,5,Comedy,4,0.99,25.99,Willie Howell
7726,2005-07-28 04:52:19,2578,219,2005-08-04 09:05:19,1,564,2,2,Animation,4,2.99,11.99,Willie Howell
9712,2005-07-31 08:13:11,2487,219,2005-08-08 12:40:11,2,545,1,9,Foreign,4,0.99,14.99,Willie Howell
6172,2005-07-11 10:32:09,3514,219,2005-07-14 16:23:09,1,769,2,9,Foreign,5,4.99,21.99,Willie Howell
5123,2005-07-09 07:20:30,4278,219,2005-07-14 05:24:30,1,931,2,16,Travel,7,0.99,9.99,Willie Howell
5416,2005-07-09 20:33:50,568,219,2005-07-14 01:50:50,2,123,1,16,Travel,6,4.99,22.99,Willie Howell
6209,2005-07-11 12:36:05,3091,219,2005-07-17 14:48:05,2,679,2,8,Family,6,2.99,17.99,Willie Howell
2417,2005-06-18 17:12:01,1956,219,2005-06-26 13:32:01,1,427,1,6,Documentary,5,0.99,19.99,Willie Howell
6501,2005-07-12 03:11:55,2851,219,2005-07-16 02:08:55,2,625,1,14,Sci-Fi,3,0.99,18.99,Willie Howell
8536,2005-07-29 10:37:23,4510,219,2005-07-31 07:21:23,2,985,1,14,Sci-Fi,4,4.99,19.99,Willie Howell
8652,2005-07-29 15:02:54,2729,219,2005-08-07 17:21:54,2,599,1,15,Sports,3,0.99,20.99,Willie Howell
7335,2005-07-27 14:06:50,1219,219,2005-08-05 18:27:50,2,270,2,13,New,7,0.99,29.99,Willie Howell
414,2005-05-27 14:48:20,1019,219,2005-05-31 14:39:20,2,228,2,4,Classics,4,0.99,16.99,Willie Howell
24,2005-05-25 02:53:02,3273,350,2005-05-27 01:15:02,1,721,1,12,Music,7,4.99,23.99,Juan Fraley
4767,2005-07-08 15:18:53,3744,350,2005-07-13 15:48:53,1,819,1,12,Music,3,0.99,29.99,Juan Fraley
3893,2005-07-06 18:59:31,1281,350,2005-07-12 19:21:31,1,284,1,12,Music,5,4.99,23.99,Juan Fraley
3079,2005-06-20 15:13:40,2135,350,2005-06-21 12:03:40,1,462,1,12,Music,5,2.99,17.99,Juan Fraley
3206,2005-06-21 00:39:39,2196,350,2005-06-22 05:12:39,1,475,2,11,Horror,6,0.99,29.99,Juan Fraley
2011,2005-06-17 11:56:09,734,350,2005-06-24 06:47:09,2,160,2,2,Animation,4,0.99,12.99,Juan Fraley
2619,2005-06-19 08:03:12,1848,350,2005-06-21 05:02:12,2,402,2,2,Animation,3,0.99,15.99,Juan Fraley
802,2005-05-29 17:38:59,785,350,2005-05-31 22:42:59,2,172,1,7,Drama,7,4.99,12.99,Juan Fraley
5786,2005-07-10 14:06:44,2290,350,2005-07-14 19:55:44,2,496,2,16,Travel,3,0.99,10.99,Juan Fraley
6408,2005-07-11 23:03:02,2008,350,2005-07-19 23:09:02,2,437,2,8,Family,7,2.99,13.99,Juan Fraley
5240,2005-07-09 13:14:48,1378,350,2005-07-10 18:47:48,2,303,1,1,Action,6,0.99,27.99,Juan Fraley
7416,2005-07-27 16:55:25,653,350,2005-07-29 11:27:25,1,141,2,10,Games,6,4.99,11.99,Juan Fraley
5303,2005-07-09 15:44:09,3572,350,2005-07-15 18:09:09,2,782,1,15,Sports,6,2.99,26.99,Juan Fraley
3529,2005-07-06 01:15:26,4316,350,2005-07-07 04:28:26,1,940,1,15,Sports,6,0.99,19.99,Juan Fraley
1323,2005-06-15 10:55:17,3273,187,2005-06-24 09:51:17,1,721,1,12,Music,7,4.99,23.99,Brittany Riley
3709,2005-07-06 10:26:56,4033,187,2005-07-15 13:51:56,2,879,1,12,Music,3,4.99,20.99,Brittany Riley
4429,2005-07-07 22:32:47,2949,187,2005-07-15 03:10:47,2,647,2,12,Music,4,0.99,18.99,Brittany Riley
7967,2005-07-28 13:56:51,2040,187,2005-08-03 19:38:51,1,444,1,5,Comedy,3,4.99,22.99,Brittany Riley
9241,2005-07-30 13:58:41,4145,187,2005-08-04 09:44:41,2,901,1,2,Animation,3,0.99,29.99,Brittany Riley
2127,2005-06-17 20:54:48,3757,187,2005-06-18 16:28:48,2,822,2,8,Family,6,0.99,12.99,Brittany Riley
1592,2005-06-16 05:14:37,3798,187,2005-06-20 10:52:37,2,832,1,8,Family,5,0.99,16.99,Brittany Riley
6057,2005-07-11 04:03:40,1340,187,2005-07-17 01:34:40,2,295,2,6,Documentary,3,0.99,14.99,Brittany Riley
7289,2005-07-27 12:26:51,2157,187,2005-08-02 18:20:51,2,466,1,6,Documentary,6,4.99,20.99,Brittany Riley
2533,2005-06-19 01:34:26,4564,187,2005-06-22 20:19:26,1,996,1,6,Documentary,6,0.99,9.99,Brittany Riley
5738,2005-07-10 11:50:51,200,187,2005-07-19 17:46:51,1,44,2,14,Sci-Fi,5,4.99,21.99,Brittany Riley
5833,2005-07-10 16:39:24,3829,187,2005-07-17 12:52:24,1,838,2,1,Action,5,4.99,25.99,Brittany Riley
3402,2005-06-21 15:54:37,596,187,2005-06-30 13:43:37,1,130,2,1,Action,7,0.99,24.99,Brittany Riley
1462,2005-06-15 20:37:40,653,187,2005-06-18 19:36:40,2,141,2,10,Games,6,4.99,11.99,Brittany Riley
2742,2005-06-19 16:05:47,4154,187,2005-06-26 21:34:47,1,902,1,15,Sports,6,4.99,22.99,Brittany Riley
7844,2005-07-28 09:16:19,4220,187,2005-08-05 14:06:19,2,917,2,15,Sports,3,2.99,24.99,Brittany Riley
252,2005-05-26 14:39:53,1203,187,2005-06-02 14:48:53,1,267,1,13,New,4,4.99,14.99,Brittany Riley
6428,2005-07-12 00:01:51,4365,187,2005-07-20 22:02:51,2,951,2,4,Classics,6,0.99,28.99,Brittany Riley
5366,2005-07-09 18:28:37,886,187,2005-07-13 20:45:37,1,196,1,4,Classics,7,0.99,29.99,Brittany Riley
5968,2005-07-11 00:03:11,3273,554,2005-07-19 18:46:11,1,721,1,12,Music,7,4.99,23.99,Dwayne Olvera
2279,2005-06-18 06:38:22,1953,554,2005-06-27 07:16:22,1,426,2,12,Music,7,4.99,15.99,Dwayne Olvera
10612,2005-08-01 14:55:31,287,554,2005-08-06 19:01:31,1,65,2,11,Horror,3,4.99,20.99,Dwayne Olvera
3278,2005-06-21 05:41:30,2832,554,2005-06-22 03:43:30,1,621,2,8,Family,5,2.99,23.99,Dwayne Olvera
5527,2005-07-10 02:06:01,4462,554,2005-07-15 00:55:01,2,975,1,8,Family,6,2.99,22.99,Dwayne Olvera
6144,2005-07-11 09:02:53,1077,554,2005-07-15 10:58:53,2,240,2,14,Sci-Fi,7,2.99,10.99,Dwayne Olvera
817,2005-05-29 20:39:14,186,554,2005-05-31 18:24:14,1,42,2,15,Sports,5,2.99,10.99,Dwayne Olvera
607,2005-05-28 15:02:41,2561,554,2005-05-30 12:54:41,2,561,1,13,New,6,2.99,26.99,Dwayne Olvera
3312,2005-06-21 08:05:32,1008,554,2005-06-27 03:34:32,2,226,2,13,New,4,4.99,20.99,Dwayne Olvera
1959,2005-06-17 08:54:10,1464,554,2005-06-20 05:02:10,2,320,2,13,New,4,4.99,28.99,Dwayne Olvera
4902,2005-07-08 20:49:30,2238,554,2005-07-13 16:54:30,2,484,1,4,Classics,3,2.99,13.99,Dwayne Olvera
10829,2005-08-01 23:17:06,168,554,2005-08-09 17:22:06,2,37,1,4,Classics,3,2.99,28.99,Dwayne Olvera
8507,2005-07-29 09:29:44,3273,524,2005-08-07 05:48:44,2,721,1,12,Music,7,4.99,23.99,Jared Ely
118,2005-05-25 19:31:18,872,524,2005-05-31 15:00:18,1,191,2,3,Children,6,0.99,27.99,Jared Ely
3454,2005-06-21 21:12:13,3009,524,2005-06-25 23:23:13,1,660,2,5,Comedy,7,2.99,11.99,Jared Ely
4366,2005-07-07 19:48:36,2961,524,2005-07-14 01:14:36,1,649,2,2,Animation,4,2.99,14.99,Jared Ely
6161,2005-07-11 10:11:54,3681,524,2005-07-15 12:12:54,2,805,2,2,Animation,5,4.99,12.99,Jared Ely
1306,2005-06-15 09:59:24,2132,524,2005-06-19 09:37:24,2,461,2,2,Animation,3,0.99,14.99,Jared Ely
1651,2005-06-16 09:24:38,4444,524,2005-06-17 09:50:38,2,971,1,9,Foreign,4,4.99,11.99,Jared Ely
7040,2005-07-27 03:17:19,470,524,2005-07-29 07:03:19,2,103,2,16,Travel,7,4.99,27.99,Jared Ely
6745,2005-07-12 14:30:51,1331,524,2005-07-13 13:42:51,2,294,1,16,Travel,5,4.99,26.99,Jared Ely
982,2005-05-30 22:15:24,3560,524,2005-06-02 16:18:24,1,778,1,8,Family,3,4.99,24.99,Jared Ely
6240,2005-07-11 14:32:41,640,524,2005-07-20 18:38:41,1,139,1,8,Family,7,4.99,21.99,Jared Ely
7014,2005-07-27 02:14:40,714,524,2005-08-03 00:32:40,2,156,2,6,Documentary,3,4.99,15.99,Jared Ely
5037,2005-07-09 02:59:10,435,524,2005-07-15 07:54:10,2,96,1,13,New,4,2.99,21.99,Jared Ely
6224,2005-07-11 13:42:18,3274,475,2005-07-16 09:28:18,1,721,1,12,Music,7,4.99,23.99,Pedro Chestnut
4013,2005-07-07 00:58:00,2344,475,2005-07-15 19:42:00,2,510,1,2,Animation,6,4.99,29.99,Pedro Chestnut
3980,2005-07-06 23:11:11,1845,475,2005-07-14 18:22:11,1,402,1,2,Animation,3,0.99,15.99,Pedro Chestnut
5407,2005-07-09 20:16:07,3641,475,2005-07-14 21:41:07,2,795,1,8,Family,7,0.99,23.99,Pedro Chestnut
5469,2005-07-09 23:08:07,2201,475,2005-07-13 19:13:07,1,476,2,8,Family,5,2.99,9.99,Pedro Chestnut
5379,2005-07-09 19:08:03,2110,475,2005-07-10 17:58:03,1,457,2,6,Documentary,5,0.99,21.99,Pedro Chestnut
10633,2005-08-01 15:37:17,3125,475,2005-08-10 14:30:17,2,687,1,6,Documentary,6,0.99,15.99,Pedro Chestnut
7775,2005-07-28 07:04:36,3795,475,2005-08-03 06:36:36,2,831,1,14,Sci-Fi,5,0.99,20.99,Pedro Chestnut
9647,2005-07-31 05:45:15,3415,475,2005-08-06 08:54:15,1,748,2,1,Action,4,0.99,16.99,Pedro Chestnut
9737,2005-07-31 08:59:18,1720,475,2005-08-03 12:19:18,2,375,1,1,Action,4,2.99,17.99,Pedro Chestnut
5415,2005-07-09 20:30:03,4413,475,2005-07-18 00:20:03,1,964,2,1,Action,4,4.99,17.99,Pedro Chestnut
9183,2005-07-30 12:09:56,4320,475,2005-08-06 11:50:56,2,941,1,10,Games,4,4.99,10.99,Pedro Chestnut
7641,2005-07-28 01:15:45,1868,475,2005-08-04 23:50:45,1,408,1,10,Games,4,4.99,28.99,Pedro Chestnut
702,2005-05-29 02:27:30,2556,475,2005-05-30 01:52:30,2,560,1,10,Games,6,0.99,21.99,Pedro Chestnut
10357,2005-08-01 05:49:49,3102,475,2005-08-04 02:34:49,2,681,2,15,Sports,4,0.99,20.99,Pedro Chestnut
10162,2005-07-31 23:11:01,1327,475,2005-08-07 01:52:01,2,293,2,15,Sports,6,2.99,17.99,Pedro Chestnut
417,2005-05-27 15:07:27,2253,475,2005-05-29 20:01:27,2,487,2,4,Classics,6,4.99,29.99,Pedro Chestnut
8207,2005-07-28 23:26:31,1195,475,2005-08-06 03:26:31,1,266,1,4,Classics,4,0.99,27.99,Pedro Chestnut
4617,2005-07-08 07:55:08,3784,475,2005-07-17 02:49:08,2,828,2,4,Classics,7,2.99,12.99,Pedro Chestnut
7387,2005-07-27 15:54:19,3274,233,2005-08-03 14:46:19,1,721,1,12,Music,7,4.99,23.99,Lillie Kim
2443,2005-06-18 18:52:30,1622,233,2005-06-24 21:27:30,1,354,1,3,Children,6,4.99,18.99,Lillie Kim
4015,2005-07-07 00:59:46,3032,233,2005-07-14 03:16:46,2,665,2,11,Horror,4,2.99,22.99,Lillie Kim
2424,2005-06-18 17:35:08,1884,233,2005-06-23 15:33:08,1,410,2,5,Comedy,7,2.99,19.99,Lillie Kim
5846,2005-07-10 17:25:24,938,233,2005-07-12 13:41:24,2,208,1,2,Animation,7,2.99,16.99,Lillie Kim
2244,2005-06-18 04:46:33,3629,233,2005-06-20 04:28:33,1,792,2,9,Foreign,7,2.99,15.99,Lillie Kim
8596,2005-07-29 12:48:54,59,233,2005-08-04 07:19:54,2,11,2,9,Foreign,6,0.99,16.99,Lillie Kim
6319,2005-07-11 18:50:45,3739,233,2005-07-12 15:26:45,1,818,1,7,Drama,4,4.99,17.99,Lillie Kim
4885,2005-07-08 19:51:17,442,233,2005-07-12 16:02:17,2,98,1,7,Drama,4,4.99,12.99,Lillie Kim
8530,2005-07-29 10:26:14,4528,233,2005-07-31 10:24:14,1,988,2,16,Travel,7,2.99,26.99,Lillie Kim
9574,2005-07-31 02:49:20,2782,233,2005-08-05 02:36:20,2,610,2,8,Family,7,0.99,17.99,Lillie Kim
7056,2005-07-27 03:46:27,805,233,2005-08-05 07:46:27,1,175,2,8,Family,3,2.99,27.99,Lillie Kim
8385,2005-07-29 05:39:16,4108,233,2005-08-03 00:30:16,1,893,2,14,Sci-Fi,4,4.99,11.99,Lillie Kim
1992,2005-06-17 10:58:53,636,233,2005-06-19 08:42:53,2,138,2,14,Sci-Fi,5,2.99,29.99,Lillie Kim
3832,2005-07-06 16:12:23,4499,233,2005-07-12 21:29:23,1,982,2,1,Action,4,0.99,23.99,Lillie Kim
10582,2005-08-01 13:54:22,2536,233,2005-08-05 16:46:22,2,556,2,10,Games,6,4.99,26.99,Lillie Kim
6794,2005-07-12 16:38:23,813,233,2005-07-20 17:36:23,2,176,2,15,Sports,6,0.99,21.99,Lillie Kim
5267,2005-07-09 14:21:10,2242,233,2005-07-15 12:02:10,1,484,2,4,Classics,3,2.99,13.99,Lillie Kim
30,2005-05-25 04:01:32,3744,430,2005-05-30 03:12:32,1,819,1,12,Music,3,0.99,29.99,Ray Houle
8560,2005-07-29 11:27:27,3499,430,2005-08-01 12:05:27,2,767,1,12,Music,6,4.99,13.99,Ray Houle
1274,2005-06-15 07:52:52,2765,430,2005-06-20 10:01:52,1,608,1,3,Children,6,2.99,11.99,Ray Houle
9450,2005-07-30 22:04:04,1371,430,2005-08-05 18:39:04,2,301,2,11,Horror,4,0.99,24.99,Ray Houle
364,2005-05-27 07:20:12,833,430,2005-05-31 10:44:12,2,182,1,5,Comedy,7,4.99,9.99,Ray Houle
5217,2005-07-09 11:56:50,4150,430,2005-07-17 07:10:50,1,901,2,2,Animation,3,0.99,29.99,Ray Houle
1538,2005-06-16 01:05:50,708,430,2005-06-18 19:48:50,1,154,2,2,Animation,6,2.99,12.99,Ray Houle
5002,2005-07-09 01:17:08,2388,430,2005-07-15 21:53:08,1,521,1,7,Drama,7,4.99,28.99,Ray Houle
3153,2005-06-20 20:44:15,659,430,2005-06-23 16:04:15,1,143,1,7,Drama,6,0.99,17.99,Ray Houle
1759,2005-06-16 17:46:37,1402,430,2005-06-24 19:40:37,2,307,1,16,Travel,6,4.99,9.99,Ray Houle
2892,2005-06-20 02:06:39,2993,430,2005-06-21 02:50:39,2,656,2,16,Travel,3,0.99,9.99,Ray Houle
6043,2005-07-11 03:18:10,3303,430,2005-07-12 05:50:10,1,727,2,8,Family,6,0.99,12.99,Ray Houle
1207,2005-06-15 02:27:08,2277,430,2005-06-19 08:18:08,2,492,1,13,New,6,0.99,11.99,Ray Houle
5958,2005-07-10 23:31:51,3468,430,2005-07-19 00:36:51,2,760,2,13,New,5,2.99,21.99,Ray Houle
5879,2005-07-10 19:12:47,3851,430,2005-07-16 16:32:47,1,843,1,4,Classics,4,4.99,15.99,Ray Houle
2674,2005-06-19 11:47:59,3744,585,2005-06-20 08:09:59,1,819,1,12,Music,3,0.99,29.99,Perry Swafford
1344,2005-06-15 12:29:41,1625,585,2005-06-22 12:45:41,2,355,2,2,Animation,7,0.99,18.99,Perry Swafford
4684,2005-07-08 10:41:06,503,585,2005-07-17 10:35:06,1,112,1,9,Foreign,4,4.99,22.99,Perry Swafford
8353,2005-07-29 04:52:10,26,585,2005-07-30 04:01:10,1,6,1,9,Foreign,3,2.99,17.99,Perry Swafford
2930,2005-06-20 04:50:29,3615,585,2005-06-28 06:00:29,2,789,2,9,Foreign,7,2.99,15.99,Perry Swafford
7131,2005-07-27 06:25:06,2832,585,2005-07-31 09:07:06,1,621,2,8,Family,5,2.99,23.99,Perry Swafford
9590,2005-07-31 03:17:16,2293,585,2005-08-08 04:24:16,1,498,1,8,Family,7,2.99,11.99,Perry Swafford
5284,2005-07-09 15:08:21,1036,585,2005-07-16 09:53:21,2,231,2,8,Family,7,2.99,27.99,Perry Swafford
10573,2005-08-01 13:27:24,4252,585,2005-08-04 15:09:24,2,924,2,14,Sci-Fi,7,0.99,15.99,Perry Swafford
1346,2005-06-15 12:39:52,4540,585,2005-06-24 17:43:52,1,991,2,1,Action,4,2.99,26.99,Perry Swafford
5950,2005-07-10 23:13:45,4319,585,2005-07-13 02:35:45,1,941,1,10,Games,4,4.99,10.99,Perry Swafford
4579,2005-07-08 06:01:56,4290,585,2005-07-13 11:24:56,1,934,2,10,Games,7,4.99,20.99,Perry Swafford
4156,2005-07-07 09:03:51,1259,585,2005-07-12 09:46:51,2,279,1,15,Sports,7,4.99,11.99,Perry Swafford
9407,2005-07-30 20:25:24,2594,585,2005-08-08 22:51:24,2,570,1,15,Sports,5,4.99,20.99,Perry Swafford
7384,2005-07-27 15:49:45,3573,585,2005-08-04 15:17:45,1,782,1,15,Sports,6,2.99,26.99,Perry Swafford
6733,2005-07-12 14:04:01,1476,585,2005-07-21 18:57:01,2,323,2,15,Sports,7,4.99,22.99,Perry Swafford
9860,2005-07-31 13:03:24,3266,585,2005-08-07 07:28:24,2,720,1,13,New,3,2.99,20.99,Perry Swafford
7409,2005-07-27 16:38:24,2352,585,2005-07-30 18:06:24,1,512,1,4,Classics,5,4.99,25.99,Perry Swafford
9913,2005-07-31 14:51:04,3744,229,2005-08-06 12:12:04,1,819,1,12,Music,3,0.99,29.99,Tamara Nguyen
7629,2005-07-28 01:00:09,2453,229,2005-07-30 06:49:09,1,535,1,11,Horror,6,0.99,21.99,Tamara Nguyen
2200,2005-06-18 01:59:16,1085,229,2005-06-26 23:25:16,2,242,1,5,Comedy,4,0.99,13.99,Tamara Nguyen
3208,2005-06-21 00:50:03,3169,229,2005-06-24 06:15:03,2,696,2,2,Animation,6,0.99,20.99,Tamara Nguyen
4515,2005-07-08 02:42:03,1998,229,2005-07-10 07:22:03,2,435,1,9,Foreign,6,4.99,28.99,Tamara Nguyen
3280,2005-06-21 06:08:12,661,229,2005-06-24 09:34:12,1,143,1,7,Drama,6,0.99,17.99,Tamara Nguyen
6155,2005-07-11 09:45:31,785,229,2005-07-18 08:09:31,1,172,1,7,Drama,7,4.99,12.99,Tamara Nguyen
7640,2005-07-28 01:14:49,3014,229,2005-08-03 21:50:49,1,662,1,7,Drama,3,4.99,9.99,Tamara Nguyen
4458,2005-07-07 23:47:47,1307,229,2005-07-09 19:17:47,2,288,2,16,Travel,7,2.99,20.99,Tamara Nguyen
3277,2005-06-21 05:36:37,1330,229,2005-06-29 10:54:37,1,294,1,16,Travel,5,4.99,26.99,Tamara Nguyen
5623,2005-07-10 05:41:38,4464,229,2005-07-14 01:01:38,2,975,2,8,Family,6,2.99,22.99,Tamara Nguyen
7308,2005-07-27 13:00:25,1452,229,2005-08-03 16:04:25,1,319,1,14,Sci-Fi,4,2.99,22.99,Tamara Nguyen
6578,2005-07-12 06:15:41,2304,229,2005-07-15 10:43:41,1,501,1,1,Action,3,4.99,9.99,Tamara Nguyen
4694,2005-07-08 11:07:37,3637,229,2005-07-12 06:53:37,2,794,1,1,Action,5,0.99,28.99,Tamara Nguyen
6880,2005-07-12 20:41:35,1473,229,2005-07-17 02:22:35,1,322,1,15,Sports,5,2.99,29.99,Tamara Nguyen
3933,2005-07-06 21:06:37,1202,229,2005-07-08 20:23:37,1,267,1,13,New,4,4.99,14.99,Tamara Nguyen
7305,2005-07-27 12:57:06,2464,229,2005-07-30 13:13:06,2,538,2,13,New,7,0.99,19.99,Tamara Nguyen
3022,2005-06-20 11:17:20,3745,466,2005-06-26 13:15:20,2,819,1,12,Music,3,0.99,29.99,Leo Ebert
2446,2005-06-18 19:04:41,1283,466,2005-06-27 17:10:41,2,284,1,12,Music,5,4.99,23.99,Leo Ebert
9257,2005-07-30 14:30:38,2615,466,2005-08-04 17:57:38,1,573,1,3,Children,6,2.99,22.99,Leo Ebert
8276,2005-07-29 01:38:43,2451,466,2005-08-03 23:00:43,1,535,1,11,Horror,6,0.99,21.99,Leo Ebert
6073,2005-07-11 04:54:31,4243,466,2005-07-20 07:23:31,1,922,2,11,Horror,7,4.99,22.99,Leo Ebert
3343,2005-06-21 10:56:59,2038,466,2005-06-25 16:41:59,1,443,2,5,Comedy,6,2.99,11.99,Leo Ebert
1808,2005-06-16 20:59:35,2424,466,2005-06-24 15:31:35,1,529,1,5,Comedy,3,2.99,12.99,Leo Ebert
3237,2005-06-21 02:47:56,4399,466,2005-06-27 03:16:56,2,961,2,9,Foreign,7,4.99,22.99,Leo Ebert
1104,2005-05-31 14:30:01,1619,466,2005-06-05 12:07:01,1,353,2,9,Foreign,6,2.99,22.99,Leo Ebert
5691,2005-07-10 09:29:49,3526,466,2005-07-16 13:37:49,1,772,1,7,Drama,4,2.99,24.99,Leo Ebert
9202,2005-07-30 12:43:24,4525,466,2005-08-07 10:39:24,2,988,1,16,Travel,7,2.99,26.99,Leo Ebert
10469,2005-08-01 09:51:11,3054,466,2005-08-05 06:53:11,2,670,2,6,Documentary,4,4.99,17.99,Leo Ebert
5048,2005-07-09 03:46:33,1271,466,2005-07-15 01:14:33,1,281,2,10,Games,6,0.99,9.99,Leo Ebert
7080,2005-07-27 04:25:25,710,466,2005-08-04 04:22:25,2,155,1,13,New,6,0.99,26.99,Leo Ebert
5017,2005-07-09 02:00:16,3745,241,2005-07-14 06:28:16,1,819,1,12,Music,3,0.99,29.99,Heidi Larson
2455,2005-06-18 19:33:06,870,241,2005-06-21 15:21:06,1,191,2,3,Children,6,0.99,27.99,Heidi Larson
10652,2005-08-01 16:24:08,1633,241,2005-08-03 16:00:08,2,356,2,3,Children,5,2.99,10.99,Heidi Larson
4731,2005-07-08 13:08:18,4124,241,2005-07-09 13:16:18,2,896,2,3,Children,3,0.99,10.99,Heidi Larson
2683,2005-06-19 12:27:19,2860,241,2005-06-21 16:26:19,2,626,2,3,Children,5,2.99,12.99,Heidi Larson
7860,2005-07-28 09:58:02,2400,241,2005-08-05 06:04:02,1,524,2,5,Comedy,6,0.99,13.99,Heidi Larson
5525,2005-07-10 02:03:08,3141,241,2005-07-18 07:32:08,1,690,1,2,Animation,7,2.99,25.99,Heidi Larson
3822,2005-07-06 15:41:15,1314,241,2005-07-07 16:41:15,1,290,1,9,Foreign,4,0.99,29.99,Heidi Larson
6090,2005-07-11 05:47:08,71,241,2005-07-20 07:52:08,2,15,1,9,Foreign,5,2.99,10.99,Heidi Larson
7434,2005-07-27 17:34:40,2927,241,2005-07-29 15:01:40,1,643,2,7,Drama,3,2.99,22.99,Heidi Larson
9944,2005-07-31 15:44:43,2540,241,2005-08-08 10:30:43,1,557,1,8,Family,5,2.99,27.99,Heidi Larson
9528,2005-07-31 01:05:04,193,241,2005-08-07 01:16:04,1,43,2,8,Family,6,2.99,15.99,Heidi Larson
5211,2005-07-09 11:26:50,2216,241,2005-07-16 15:30:50,1,479,2,8,Family,7,0.99,12.99,Heidi Larson
3258,2005-06-21 03:53:58,4417,241,2005-06-22 22:49:58,2,966,1,6,Documentary,3,0.99,14.99,Heidi Larson
9500,2005-07-30 23:58:36,2808,241,2005-08-07 21:08:36,2,616,2,6,Documentary,4,2.99,19.99,Heidi Larson
6245,2005-07-11 14:56:57,512,241,2005-07-16 14:35:57,1,114,1,14,Sci-Fi,3,0.99,26.99,Heidi Larson
2428,2005-06-18 17:47:34,3892,241,2005-06-19 14:39:34,2,850,2,1,Action,7,0.99,27.99,Heidi Larson
2478,2005-06-18 21:01:21,2798,241,2005-06-24 00:20:21,1,614,2,10,Games,5,4.99,11.99,Heidi Larson
1059,2005-05-31 08:20:43,3041,241,2005-06-04 09:05:43,2,667,1,15,Sports,3,2.99,20.99,Heidi Larson
5981,2005-07-11 00:19:04,2151,241,2005-07-13 19:10:04,1,465,1,13,New,4,4.99,17.99,Heidi Larson
7320,2005-07-27 13:33:35,4348,241,2005-07-31 13:22:35,2,948,1,13,New,6,0.99,22.99,Heidi Larson
5438,2005-07-09 21:34:32,487,241,2005-07-16 02:21:32,2,109,1,13,New,3,0.99,17.99,Heidi Larson
627,2005-05-28 17:04:43,425,241,2005-06-04 19:58:43,2,93,2,13,New,4,4.99,27.99,Heidi Larson
10447,2005-08-01 09:04:58,1198,241,2005-08-08 06:24:58,1,266,2,4,Classics,4,0.99,27.99,Heidi Larson
9573,2005-07-31 02:45:38,3745,59,2005-08-09 04:31:38,2,819,1,12,Music,3,0.99,29.99,Cheryl Murphy
1728,2005-06-16 15:29:29,1366,59,2005-06-23 12:47:29,1,301,1,11,Horror,4,0.99,24.99,Cheryl Murphy
2921,2005-06-20 04:13:04,1785,59,2005-06-28 01:28:04,1,388,1,5,Comedy,5,0.99,16.99,Cheryl Murphy
4891,2005-07-08 20:06:19,1787,59,2005-07-16 18:52:19,1,388,2,5,Comedy,5,0.99,16.99,Cheryl Murphy
5207,2005-07-09 11:15:44,3496,59,2005-07-17 06:00:44,1,766,1,7,Drama,5,0.99,25.99,Cheryl Murphy
8643,2005-07-29 14:45:23,381,59,2005-08-04 18:42:23,1,84,1,16,Travel,7,4.99,13.99,Cheryl Murphy
4631,2005-07-08 08:38:22,470,59,2005-07-11 03:33:22,2,103,2,16,Travel,7,4.99,27.99,Cheryl Murphy
212,2005-05-26 08:34:41,764,59,2005-05-30 12:46:41,2,167,1,16,Travel,6,4.99,10.99,Cheryl Murphy
5830,2005-07-10 16:34:00,2358,59,2005-07-18 16:42:00,1,513,2,16,Travel,6,2.99,21.99,Cheryl Murphy
4384,2005-07-07 20:46:45,1178,59,2005-07-16 21:54:45,1,262,2,8,Family,5,0.99,17.99,Cheryl Murphy
4148,2005-07-07 08:36:58,260,59,2005-07-09 05:51:58,1,58,2,6,Documentary,6,2.99,16.99,Cheryl Murphy
9469,2005-07-30 22:56:34,967,59,2005-08-07 03:16:34,2,215,2,10,Games,4,4.99,27.99,Cheryl Murphy
5195,2005-07-09 10:39:31,3399,59,2005-07-18 13:54:31,1,745,2,15,Sports,5,4.99,23.99,Cheryl Murphy
1154,2005-05-31 21:42:09,2732,59,2005-06-08 16:40:09,1,599,2,15,Sports,3,0.99,20.99,Cheryl Murphy
7991,2005-07-28 14:45:45,1133,59,2005-07-29 15:05:45,2,251,2,13,New,6,4.99,19.99,Cheryl Murphy
951,2005-05-30 16:10:35,1395,59,2005-05-31 19:01:35,2,305,2,13,New,6,2.99,24.99,Cheryl Murphy
1269,2005-06-15 07:29:59,108,59,2005-06-16 13:26:59,2,22,1,13,New,6,2.99,10.99,Cheryl Murphy
8781,2005-07-29 20:20:16,3746,235,2005-07-30 16:19:16,2,819,1,12,Music,3,0.99,29.99,Jackie Lynch
8120,2005-07-28 19:24:24,3993,235,2005-07-31 14:31:24,2,870,1,11,Horror,4,0.99,12.99,Jackie Lynch
3752,2005-07-06 12:30:12,4561,235,2005-07-13 12:13:12,1,995,2,11,Horror,5,4.99,11.99,Jackie Lynch
1493,2005-06-15 21:50:32,4581,235,2005-06-17 01:02:32,2,1000,2,5,Comedy,3,4.99,18.99,Jackie Lynch
8446,2005-07-29 07:38:10,1593,235,2005-08-06 04:39:10,2,349,2,2,Animation,4,2.99,27.99,Jackie Lynch
6047,2005-07-11 03:27:01,4147,235,2005-07-16 06:42:01,2,901,1,2,Animation,3,0.99,29.99,Jackie Lynch
3581,2005-07-06 03:57:35,4520,235,2005-07-07 08:07:35,2,986,2,2,Animation,6,2.99,24.99,Jackie Lynch
3968,2005-07-06 22:47:09,558,235,2005-07-12 21:01:09,1,121,2,2,Animation,4,2.99,15.99,Jackie Lynch
6466,2005-07-12 01:21:03,3369,235,2005-07-14 04:05:03,1,739,1,7,Drama,4,4.99,17.99,Jackie Lynch
1148,2005-05-31 20:38:40,3307,235,2005-06-02 18:35:40,2,728,1,7,Drama,3,0.99,26.99,Jackie Lynch
1811,2005-06-16 21:06:20,3700,235,2005-06-21 21:59:20,2,810,1,8,Family,5,0.99,21.99,Jackie Lynch
9519,2005-07-31 00:45:57,3767,235,2005-08-06 00:59:57,2,824,2,8,Family,4,4.99,19.99,Jackie Lynch
9587,2005-07-31 03:10:30,2966,235,2005-08-06 06:54:30,2,650,2,6,Documentary,3,0.99,27.99,Jackie Lynch
5790,2005-07-10 14:15:21,1696,235,2005-07-14 08:53:21,2,369,2,14,Sci-Fi,4,4.99,22.99,Jackie Lynch
9019,2005-07-30 05:28:53,946,235,2005-08-03 02:16:53,2,210,2,1,Action,3,4.99,13.99,Jackie Lynch
6352,2005-07-11 20:34:13,1143,235,2005-07-13 19:49:13,1,253,1,1,Action,5,4.99,18.99,Jackie Lynch
10155,2005-07-31 22:31:43,3176,235,2005-08-07 02:43:43,1,697,2,1,Action,7,0.99,16.99,Jackie Lynch
807,2005-05-29 18:50:50,2195,235,2005-06-03 18:36:50,2,474,2,15,Sports,6,2.99,21.99,Jackie Lynch
4592,2005-07-08 06:31:28,2141,235,2005-07-10 06:08:28,2,463,1,15,Sports,4,2.99,21.99,Jackie Lynch
35,2005-05-25 04:24:36,1286,484,2005-05-27 07:02:36,2,284,2,12,Music,5,4.99,23.99,Roberto Vu
6863,2005-07-12 19:58:34,229,484,2005-07-21 16:57:34,1,51,2,12,Music,5,2.99,10.99,Roberto Vu
5977,2005-07-11 00:16:38,4011,484,2005-07-19 21:00:38,1,873,2,3,Children,3,0.99,13.99,Roberto Vu
727,2005-05-29 06:08:15,1629,484,2005-05-30 07:16:15,1,356,1,3,Children,5,2.99,10.99,Roberto Vu
2044,2005-06-17 14:37:57,2418,484,2005-06-22 17:15:57,2,527,2,11,Horror,4,4.99,24.99,Roberto Vu
10166,2005-07-31 23:22:20,4304,484,2005-08-07 18:06:20,2,938,1,5,Comedy,3,4.99,14.99,Roberto Vu
9769,2005-07-31 09:52:16,2958,484,2005-08-06 09:26:16,1,649,1,2,Animation,4,2.99,14.99,Roberto Vu
5389,2005-07-09 19:25:45,3882,484,2005-07-17 13:31:45,1,849,1,2,Animation,6,0.99,28.99,Roberto Vu
668,2005-05-28 21:54:45,3528,484,2005-05-29 22:32:45,1,772,1,7,Drama,4,2.99,24.99,Roberto Vu
1351,2005-06-15 12:51:03,2364,484,2005-06-22 07:23:03,1,514,2,7,Drama,6,2.99,17.99,Roberto Vu
2015,2005-06-17 12:16:29,3776,484,2005-06-18 14:40:29,2,827,1,7,Drama,5,4.99,22.99,Roberto Vu
8508,2005-07-29 09:34:38,4173,484,2005-08-01 14:52:38,2,907,1,7,Drama,4,0.99,10.99,Roberto Vu
6296,2005-07-11 17:34:04,4202,484,2005-07-17 21:12:04,1,914,1,16,Travel,6,2.99,13.99,Roberto Vu
5708,2005-07-10 10:29:19,571,484,2005-07-18 06:50:19,1,123,2,16,Travel,6,4.99,22.99,Roberto Vu
5866,2005-07-10 18:35:14,457,484,2005-07-19 19:41:14,2,101,1,6,Documentary,3,0.99,26.99,Roberto Vu
1643,2005-06-16 08:55:35,1352,484,2005-06-21 05:36:35,2,298,2,14,Sci-Fi,4,2.99,13.99,Roberto Vu
5852,2005-07-10 17:43:30,3890,484,2005-07-15 15:05:30,2,850,1,1,Action,7,0.99,27.99,Roberto Vu
9414,2005-07-30 20:46:02,578,484,2005-08-07 21:23:02,2,126,2,1,Action,3,4.99,16.99,Roberto Vu
4214,2005-07-07 11:54:33,2534,484,2005-07-08 10:49:33,2,556,1,10,Games,6,4.99,26.99,Roberto Vu
7548,2005-07-27 21:53:18,2194,484,2005-08-02 17:50:18,1,474,2,15,Sports,6,2.99,21.99,Roberto Vu
9141,2005-07-30 10:16:04,3087,484,2005-08-05 08:01:04,1,678,1,15,Sports,3,2.99,23.99,Roberto Vu
7440,2005-07-27 17:43:27,1476,484,2005-08-03 22:12:27,1,323,2,15,Sports,7,4.99,22.99,Roberto Vu
1407,2005-06-15 16:45:07,1286,89,2005-06-23 14:01:07,1,284,2,12,Music,5,4.99,23.99,Julia Flores
8070,2005-07-28 17:26:56,1606,89,2005-08-01 17:33:56,1,351,1,11,Horror,4,2.99,10.99,Julia Flores
9328,2005-07-30 17:32:11,1087,89,2005-08-05 13:36:11,1,242,2,5,Comedy,4,0.99,13.99,Julia Flores
4764,2005-07-08 15:01:25,1188,89,2005-07-17 15:16:25,1,265,1,5,Comedy,5,4.99,28.99,Julia Flores
8972,2005-07-30 04:06:25,1974,89,2005-08-04 22:49:25,1,430,2,2,Animation,7,0.99,23.99,Julia Flores
9646,2005-07-31 05:43:28,3756,89,2005-08-08 04:00:28,1,821,2,9,Foreign,6,0.99,17.99,Julia Flores
5144,2005-07-09 08:09:53,3530,89,2005-07-18 07:11:53,2,772,2,7,Drama,4,2.99,24.99,Julia Flores
5436,2005-07-09 21:31:11,2364,89,2005-07-13 16:59:11,2,514,2,7,Drama,6,2.99,17.99,Julia Flores
7370,2005-07-27 15:15:53,2022,89,2005-08-03 19:53:53,2,439,2,7,Drama,4,4.99,28.99,Julia Flores
8003,2005-07-28 15:11:27,2775,89,2005-08-04 18:35:27,1,609,2,16,Travel,7,2.99,23.99,Julia Flores
10164,2005-07-31 23:17:57,1405,89,2005-08-05 19:43:57,1,307,2,16,Travel,6,4.99,9.99,Julia Flores
9767,2005-07-31 09:46:49,3432,89,2005-08-03 11:20:49,1,753,1,8,Family,3,0.99,20.99,Julia Flores
2523,2005-06-19 00:45:56,460,89,2005-06-21 00:54:56,2,101,1,6,Documentary,3,0.99,26.99,Julia Flores
4488,2005-07-08 01:22:23,2108,89,2005-07-13 21:17:23,1,457,2,6,Documentary,5,0.99,21.99,Julia Flores
6772,2005-07-12 15:55:35,3810,89,2005-07-18 10:47:35,1,834,2,6,Documentary,4,0.99,26.99,Julia Flores
11090,2005-08-02 07:56:40,2743,89,2005-08-10 07:58:40,1,602,1,14,Sci-Fi,5,0.99,14.99,Julia Flores
7729,2005-07-28 04:57:57,1491,89,2005-07-30 09:38:57,1,327,1,1,Action,3,4.99,24.99,Julia Flores
588,2005-05-28 12:08:37,95,89,2005-05-29 16:25:37,2,19,1,1,Action,6,0.99,20.99,Julia Flores
1252,2005-06-15 06:05:18,1147,89,2005-06-24 07:40:18,1,253,2,1,Action,5,4.99,18.99,Julia Flores
2835,2005-06-19 21:44:11,4411,89,2005-06-26 16:46:11,2,964,1,1,Action,4,4.99,17.99,Julia Flores
4152,2005-07-07 08:50:33,1761,89,2005-07-14 10:56:33,2,382,2,10,Games,3,0.99,21.99,Julia Flores
7995,2005-07-28 15:00:09,536,89,2005-08-01 12:33:09,2,117,2,10,Games,6,4.99,15.99,Julia Flores
141,2005-05-25 23:34:53,811,89,2005-06-02 01:57:53,1,176,2,15,Sports,6,0.99,21.99,Julia Flores
1948,2005-06-17 08:06:53,46,89,2005-06-21 05:00:53,1,10,1,15,Sports,6,4.99,24.99,Julia Flores
10806,2005-08-01 22:25:29,3553,89,2005-08-04 18:46:29,2,777,1,15,Sports,5,4.99,10.99,Julia Flores
5483,2005-07-09 23:54:09,4362,89,2005-07-17 23:36:09,1,951,2,4,Classics,6,0.99,28.99,Julia Flores
740,2005-05-29 08:30:36,600,89,2005-06-04 12:47:36,2,131,1,4,Classics,5,4.99,12.99,Julia Flores
6595,2005-07-12 07:25:48,1286,458,2005-07-20 02:24:48,2,284,2,12,Music,5,4.99,23.99,Lloyd Dowd
7923,2005-07-28 12:08:29,2273,458,2005-08-04 12:30:29,1,491,2,3,Children,4,0.99,18.99,Lloyd Dowd
5572,2005-07-10 03:49:00,2709,458,2005-07-14 01:25:00,1,595,1,9,Foreign,7,0.99,20.99,Lloyd Dowd
4525,2005-07-08 03:15:00,3631,458,2005-07-11 04:53:00,1,792,2,9,Foreign,7,2.99,15.99,Lloyd Dowd
8158,2005-07-28 21:08:46,4327,458,2005-08-01 21:50:46,2,942,2,7,Drama,7,0.99,27.99,Lloyd Dowd
3322,2005-06-21 08:42:37,4324,458,2005-06-22 13:17:37,1,942,1,7,Drama,7,0.99,27.99,Lloyd Dowd
2629,2005-06-19 08:42:12,1810,458,2005-06-28 03:38:12,2,393,1,6,Documentary,6,2.99,19.99,Lloyd Dowd
6654,2005-07-12 11:06:28,2870,458,2005-07-20 10:27:28,1,629,2,6,Documentary,7,0.99,9.99,Lloyd Dowd
5412,2005-07-09 20:23:52,3174,458,2005-07-18 18:40:52,1,697,1,1,Action,7,0.99,16.99,Lloyd Dowd
6431,2005-07-12 00:03:57,3471,458,2005-07-20 03:47:57,1,760,2,13,New,5,2.99,21.99,Lloyd Dowd
6250,2005-07-11 15:02:04,4087,458,2005-07-17 10:54:04,1,891,1,4,Classics,3,0.99,13.99,Lloyd Dowd
10843,2005-08-01 23:43:03,1286,192,2005-08-09 23:49:03,2,284,2,12,Music,5,4.99,23.99,Laurie Lawrence
7147,2005-07-27 07:02:34,990,192,2005-08-01 02:16:34,1,220,2,12,Music,7,2.99,13.99,Laurie Lawrence
10238,2005-08-01 02:08:05,561,192,2005-08-02 01:52:05,1,122,1,11,Horror,7,0.99,11.99,Laurie Lawrence
8292,2005-07-29 02:29:36,4003,192,2005-08-07 08:06:36,1,871,2,5,Comedy,6,4.99,19.99,Laurie Lawrence
6691,2005-07-12 12:26:38,403,192,2005-07-18 13:26:38,2,89,2,2,Animation,7,0.99,22.99,Laurie Lawrence
8051,2005-07-28 16:56:16,4405,192,2005-07-29 22:48:16,1,963,1,2,Animation,5,0.99,12.99,Laurie Lawrence
6223,2005-07-11 13:27:09,3754,192,2005-07-12 14:02:09,1,821,2,9,Foreign,6,0.99,17.99,Laurie Lawrence
5400,2005-07-09 19:56:40,3435,192,2005-07-14 20:43:40,2,753,2,8,Family,3,0.99,20.99,Laurie Lawrence
9831,2005-07-31 11:59:32,1961,192,2005-08-04 07:14:32,1,428,1,8,Family,6,2.99,21.99,Laurie Lawrence
2760,2005-06-19 17:16:33,2602,192,2005-06-26 14:58:33,1,571,2,6,Documentary,6,2.99,26.99,Laurie Lawrence
895,2005-05-30 08:50:43,2744,192,2005-06-05 10:58:43,1,602,1,14,Sci-Fi,5,0.99,14.99,Laurie Lawrence
3902,2005-07-06 19:25:18,2868,192,2005-07-10 17:42:18,2,628,2,15,Sports,5,2.99,24.99,Laurie Lawrence
9462,2005-07-30 22:30:44,4090,192,2005-08-09 03:54:44,2,891,2,4,Classics,3,0.99,13.99,Laurie Lawrence
4469,2005-07-08 00:18:32,2173,192,2005-07-12 21:17:32,2,469,2,4,Classics,7,4.99,27.99,Laurie Lawrence
97,2005-05-25 16:34:24,1283,263,2005-05-28 12:13:24,2,284,1,12,Music,5,4.99,23.99,Hilda Hopkins
6376,2005-07-11 21:40:23,1834,263,2005-07-13 23:16:23,1,398,2,12,Music,5,4.99,21.99,Hilda Hopkins
5125,2005-07-09 07:25:28,990,263,2005-07-12 12:34:28,1,220,2,12,Music,7,2.99,13.99,Hilda Hopkins
7706,2005-07-28 04:03:17,994,263,2005-07-29 22:16:17,2,222,1,11,Horror,4,4.99,27.99,Hilda Hopkins
7833,2005-07-28 08:46:14,1166,263,2005-08-04 06:13:14,1,258,2,11,Horror,6,0.99,11.99,Hilda Hopkins
3773,2005-07-06 13:23:34,2034,263,2005-07-08 17:23:34,2,443,1,5,Comedy,6,2.99,11.99,Hilda Hopkins
4682,2005-07-08 10:38:27,873,263,2005-07-11 06:29:27,2,193,1,2,Animation,5,2.99,20.99,Hilda Hopkins
6808,2005-07-12 17:36:42,362,263,2005-07-18 23:33:42,2,79,2,7,Drama,5,0.99,10.99,Hilda Hopkins
10476,2005-08-01 10:03:20,1993,263,2005-08-10 06:52:20,1,434,1,16,Travel,3,0.99,25.99,Hilda Hopkins
3578,2005-07-06 03:47:05,2954,263,2005-07-08 02:26:05,1,648,1,16,Travel,7,4.99,17.99,Hilda Hopkins
266,2005-05-26 16:08:05,3303,263,2005-05-27 10:55:05,2,727,2,8,Family,6,0.99,12.99,Hilda Hopkins
3257,2005-06-21 03:47:19,3975,263,2005-06-28 01:24:19,2,866,2,8,Family,6,0.99,28.99,Hilda Hopkins
5254,2005-07-09 13:50:11,654,263,2005-07-13 09:07:11,1,142,1,6,Documentary,3,0.99,24.99,Hilda Hopkins
6483,2005-07-12 01:59:20,1053,263,2005-07-12 22:22:20,2,234,2,14,Sci-Fi,6,2.99,27.99,Hilda Hopkins
10775,2005-08-01 20:59:52,4190,263,2005-08-04 19:31:52,2,912,1,14,Sci-Fi,3,2.99,9.99,Hilda Hopkins
2126,2005-06-17 20:54:36,4276,263,2005-06-27 02:16:36,1,930,2,14,Sci-Fi,4,2.99,23.99,Hilda Hopkins
7291,2005-07-27 12:30:47,310,263,2005-08-01 12:45:47,1,69,2,14,Sci-Fi,3,2.99,21.99,Hilda Hopkins
4637,2005-07-08 08:49:54,1917,263,2005-07-11 13:12:54,2,417,1,1,Action,5,0.99,29.99,Hilda Hopkins
7425,2005-07-27 17:18:35,435,263,2005-08-02 11:18:35,1,96,1,13,New,4,2.99,21.99,Hilda Hopkins
5138,2005-07-09 08:00:46,1283,548,2005-07-12 09:31:46,2,284,1,12,Music,5,4.99,23.99,Allan Cornish
4155,2005-07-07 09:00:49,212,548,2005-07-13 10:59:49,2,48,1,3,Children,3,4.99,24.99,Allan Cornish
872,2005-05-30 05:03:04,3904,548,2005-06-06 10:35:04,1,852,1,3,Children,4,0.99,27.99,Allan Cornish
2280,2005-06-18 06:46:54,4568,548,2005-06-26 09:48:54,2,998,2,11,Horror,6,0.99,10.99,Allan Cornish
743,2005-05-29 08:39:02,2528,548,2005-06-06 08:42:02,2,555,2,5,Comedy,4,0.99,25.99,Allan Cornish
3777,2005-07-06 13:36:48,2470,548,2005-07-11 14:26:48,1,541,2,2,Animation,5,2.99,21.99,Allan Cornish
1326,2005-06-15 11:07:39,59,548,2005-06-22 05:55:39,2,11,2,9,Foreign,6,0.99,16.99,Allan Cornish
6490,2005-07-12 02:28:03,2249,548,2005-07-19 03:06:03,2,486,1,9,Foreign,7,4.99,14.99,Allan Cornish
177,2005-05-26 04:14:29,3545,548,2005-06-01 08:16:29,2,775,1,7,Drama,4,4.99,18.99,Allan Cornish
9614,2005-07-31 03:59:31,2955,548,2005-08-08 04:19:31,1,648,1,16,Travel,7,4.99,17.99,Allan Cornish
3686,2005-07-06 09:37:50,376,548,2005-07-09 10:15:50,2,83,1,8,Family,5,2.99,18.99,Allan Cornish
2978,2005-06-20 08:25:16,4364,548,2005-06-23 05:42:16,1,951,2,4,Classics,6,0.99,28.99,Allan Cornish
10318,2005-08-01 04:36:53,885,548,2005-08-04 00:54:53,1,196,1,4,Classics,7,0.99,29.99,Allan Cornish
7986,2005-07-28 14:30:13,1283,395,2005-08-05 09:35:13,1,284,1,12,Music,5,4.99,23.99,Johnny Turpin
4393,2005-07-07 21:12:36,4034,395,2005-07-09 22:41:36,2,879,1,12,Music,3,4.99,20.99,Johnny Turpin
1270,2005-06-15 07:30:22,62,395,2005-06-18 11:31:22,2,12,1,12,Music,6,0.99,22.99,Johnny Turpin
3389,2005-06-21 14:37:55,727,395,2005-06-28 18:13:55,1,159,1,5,Comedy,5,4.99,12.99,Johnny Turpin
4185,2005-07-07 10:31:05,2425,395,2005-07-13 05:30:05,2,529,1,5,Comedy,3,2.99,12.99,Johnny Turpin
7740,2005-07-28 05:23:36,3613,395,2005-08-01 02:20:36,2,789,2,9,Foreign,7,2.99,15.99,Johnny Turpin
1603,2005-06-16 06:14:03,3308,395,2005-06-17 06:04:03,2,728,1,7,Drama,3,0.99,26.99,Johnny Turpin
5136,2005-07-09 07:55:01,3498,395,2005-07-11 05:26:01,2,766,1,7,Drama,5,0.99,25.99,Johnny Turpin
3310,2005-06-21 08:04:51,1717,395,2005-06-22 04:20:51,2,374,2,14,Sci-Fi,3,0.99,29.99,Johnny Turpin
3030,2005-06-20 11:51:59,1543,395,2005-06-24 10:51:59,1,338,2,14,Sci-Fi,6,4.99,23.99,Johnny Turpin
1562,2005-06-16 02:46:27,595,395,2005-06-23 00:56:27,2,130,1,1,Action,7,0.99,24.99,Johnny Turpin
3684,2005-07-06 09:29:22,3261,395,2005-07-12 08:19:22,1,717,2,1,Action,6,0.99,23.99,Johnny Turpin
5087,2005-07-09 05:44:28,3716,395,2005-07-10 02:25:28,2,813,2,15,Sports,7,0.99,18.99,Johnny Turpin
632,2005-05-28 17:37:50,1287,442,2005-06-03 16:04:50,1,284,2,12,Music,5,4.99,23.99,Leroy Bustamante
6590,2005-07-12 07:08:21,1067,442,2005-07-18 06:16:21,2,238,1,3,Children,4,2.99,29.99,Leroy Bustamante
3545,2005-07-06 02:16:17,3924,442,2005-07-11 00:54:17,1,856,2,11,Horror,5,4.99,11.99,Leroy Bustamante
466,2005-05-27 20:57:07,1786,442,2005-05-29 15:52:07,1,388,1,5,Comedy,5,0.99,16.99,Leroy Bustamante
558,2005-05-28 08:38:43,4163,442,2005-06-06 13:52:43,1,905,1,5,Comedy,7,4.99,10.99,Leroy Bustamante
1774,2005-06-16 18:27:52,3058,442,2005-06-21 13:35:52,2,672,2,5,Comedy,7,2.99,17.99,Leroy Bustamante
10034,2005-07-31 18:45:30,354,442,2005-08-04 21:13:30,2,78,2,2,Animation,7,2.99,12.99,Leroy Bustamante
6632,2005-07-12 09:33:10,2929,442,2005-07-15 11:36:10,1,644,1,2,Animation,7,2.99,29.99,Leroy Bustamante
8044,2005-07-28 16:49:12,879,442,2005-08-02 22:41:12,1,193,2,2,Animation,5,2.99,20.99,Leroy Bustamante
10452,2005-08-01 09:11:36,1973,442,2005-08-04 13:28:36,2,430,2,2,Animation,7,0.99,23.99,Leroy Bustamante
4365,2005-07-07 19:47:46,3207,442,2005-07-08 23:21:46,2,705,1,9,Foreign,4,2.99,9.99,Leroy Bustamante
1358,2005-06-15 13:28:48,2025,442,2005-06-21 13:40:48,1,440,2,9,Foreign,6,0.99,21.99,Leroy Bustamante
4577,2005-07-08 05:59:00,1688,442,2005-07-16 06:23:00,2,368,1,7,Drama,7,2.99,20.99,Leroy Bustamante
8758,2005-07-29 19:20:49,2816,442,2005-08-05 21:57:49,2,618,2,7,Drama,3,0.99,21.99,Leroy Bustamante
1251,2005-06-15 05:58:55,3307,442,2005-06-23 02:45:55,2,728,1,7,Drama,3,0.99,26.99,Leroy Bustamante
7460,2005-07-27 18:41:35,919,442,2005-07-29 15:16:35,2,204,1,7,Drama,4,0.99,25.99,Leroy Bustamante
10365,2005-08-01 06:08:44,4032,442,2005-08-06 02:07:44,1,878,2,16,Travel,3,4.99,25.99,Leroy Bustamante
9873,2005-07-31 13:32:18,667,442,2005-08-06 11:15:18,2,145,2,8,Family,5,4.99,25.99,Leroy Bustamante
3661,2005-07-06 08:10:02,2600,442,2005-07-10 10:17:02,1,571,2,6,Documentary,6,2.99,26.99,Leroy Bustamante
7427,2005-07-27 17:20:16,2548,442,2005-08-03 20:38:16,2,559,1,14,Sci-Fi,7,2.99,22.99,Leroy Bustamante
1576,2005-06-16 03:54:39,1014,442,2005-06-24 21:55:39,2,227,2,10,Games,4,4.99,17.99,Leroy Bustamante
9180,2005-07-30 12:03:15,3479,442,2005-08-01 14:25:15,1,763,1,15,Sports,3,4.99,26.99,Leroy Bustamante
7671,2005-07-28 02:48:31,3464,442,2005-07-30 23:04:31,1,759,2,13,New,4,2.99,29.99,Leroy Bustamante
4052,2005-07-07 03:38:22,206,442,2005-07-13 02:56:22,2,45,2,13,New,5,4.99,14.99,Leroy Bustamante
4058,2005-07-07 04:02:50,3877,442,2005-07-10 04:30:50,2,847,2,13,New,7,2.99,10.99,Leroy Bustamante
2538,2005-06-19 01:56:59,1287,472,2005-06-25 00:54:59,2,284,2,12,Music,5,4.99,23.99,Greg Robins
8929,2005-07-30 02:28:22,3501,472,2005-08-06 06:13:22,1,767,1,12,Music,6,4.99,13.99,Greg Robins
3815,2005-07-06 15:26:36,4038,472,2005-07-11 17:07:36,2,879,2,12,Music,3,4.99,20.99,Greg Robins
5318,2005-07-09 16:11:33,1738,472,2005-07-14 12:49:33,2,378,1,12,Music,5,2.99,24.99,Greg Robins
6119,2005-07-11 07:44:46,4281,472,2005-07-20 04:41:46,2,932,1,5,Comedy,3,0.99,21.99,Greg Robins
2991,2005-06-20 09:10:43,4308,472,2005-06-23 13:04:43,1,938,2,5,Comedy,3,4.99,14.99,Greg Robins
6274,2005-07-11 16:09:42,2998,472,2005-07-19 20:46:42,1,657,2,5,Comedy,5,2.99,12.99,Greg Robins
10282,2005-08-01 03:29:10,617,472,2005-08-07 06:16:10,1,134,2,2,Animation,4,4.99,21.99,Greg Robins
142,2005-05-25 23:43:47,4407,472,2005-05-29 00:46:47,2,963,2,2,Animation,5,0.99,12.99,Greg Robins
6308,2005-07-11 18:08:41,3155,472,2005-07-19 15:48:41,2,693,1,2,Animation,5,2.99,16.99,Greg Robins
9926,2005-07-31 15:11:51,3733,472,2005-08-09 18:26:51,1,816,1,2,Animation,3,0.99,27.99,Greg Robins
10627,2005-08-01 15:33:03,2026,472,2005-08-02 21:26:03,1,440,2,9,Foreign,6,0.99,21.99,Greg Robins
5612,2005-07-10 05:15:12,2363,472,2005-07-17 09:50:12,2,514,2,7,Drama,6,2.99,17.99,Greg Robins
2974,2005-06-20 08:00:24,2322,472,2005-06-25 05:10:24,2,504,1,7,Drama,5,0.99,25.99,Greg Robins
1776,2005-06-16 18:46:58,1404,472,2005-06-24 16:01:58,1,307,2,16,Travel,6,4.99,9.99,Greg Robins
6584,2005-07-12 06:43:36,1800,472,2005-07-16 12:18:36,2,391,1,8,Family,6,2.99,25.99,Greg Robins
3254,2005-06-21 03:27:10,3893,472,2005-06-22 22:01:10,2,850,2,1,Action,7,0.99,27.99,Greg Robins
249,2005-05-26 14:19:09,2428,472,2005-05-28 17:47:09,2,530,1,1,Action,5,2.99,27.99,Greg Robins
800,2005-05-29 17:28:12,441,472,2005-05-30 14:59:12,1,97,2,1,Action,7,0.99,24.99,Greg Robins
994,2005-05-30 23:55:36,2798,472,2005-06-04 01:00:36,2,614,2,10,Games,5,4.99,11.99,Greg Robins
1389,2005-06-15 15:49:01,965,472,2005-06-19 11:08:01,2,215,1,10,Games,4,4.99,27.99,Greg Robins
4323,2005-07-07 17:55:53,1287,336,2005-07-13 16:43:53,2,284,2,12,Music,5,4.99,23.99,Joshua Mark
5667,2005-07-10 08:11:03,683,336,2005-07-15 08:23:03,2,149,2,3,Children,7,0.99,21.99,Joshua Mark
3349,2005-06-21 11:17:35,3885,336,2005-06-22 12:51:35,2,849,2,2,Animation,6,0.99,28.99,Joshua Mark
2575,2005-06-19 04:32:52,354,336,2005-06-24 09:37:52,1,78,2,2,Animation,7,2.99,12.99,Joshua Mark
6263,2005-07-11 15:33:50,2391,336,2005-07-17 12:49:50,2,521,2,7,Drama,7,4.99,28.99,Joshua Mark
8275,2005-07-29 01:35:47,4432,336,2005-07-30 02:16:47,1,969,1,7,Drama,4,4.99,29.99,Joshua Mark
9306,2005-07-30 16:47:17,3983,336,2005-08-02 22:15:17,1,868,1,16,Travel,5,0.99,27.99,Joshua Mark
2954,2005-06-20 06:45:00,377,336,2005-06-23 11:43:00,1,83,2,8,Family,5,2.99,18.99,Joshua Mark
6382,2005-07-11 21:58:53,3223,336,2005-07-17 21:18:53,2,708,1,6,Documentary,4,4.99,19.99,Joshua Mark
2475,2005-06-18 20:52:46,889,336,2005-06-21 19:40:46,2,199,1,6,Documentary,4,2.99,29.99,Joshua Mark
5649,2005-07-10 07:15:07,1349,336,2005-07-12 11:57:07,2,298,1,14,Sci-Fi,4,2.99,13.99,Joshua Mark
8407,2005-07-29 06:37:02,2985,336,2005-08-04 03:13:02,1,654,2,10,Games,4,4.99,19.99,Joshua Mark
3204,2005-06-21 00:37:50,2848,336,2005-06-22 23:46:50,1,624,2,10,Games,3,4.99,25.99,Joshua Mark
8607,2005-07-29 13:18:00,4290,336,2005-07-30 18:51:00,2,934,2,10,Games,7,4.99,20.99,Joshua Mark
10055,2005-07-31 19:15:58,2725,336,2005-08-05 20:23:58,1,598,1,15,Sports,6,0.99,22.99,Joshua Mark
2719,2005-06-19 14:50:19,1200,336,2005-06-20 14:33:19,2,267,1,13,New,4,4.99,14.99,Joshua Mark
1478,2005-06-15 21:12:13,435,336,2005-06-18 21:43:13,2,96,1,13,New,4,2.99,21.99,Joshua Mark
8951,2005-07-30 03:18:24,127,336,2005-08-08 08:50:24,2,25,1,13,New,3,2.99,15.99,Joshua Mark
4595,2005-07-08 06:40:25,760,336,2005-07-14 08:54:25,1,166,1,4,Classics,6,2.99,19.99,Joshua Mark
2212,2005-06-18 02:36:10,2458,336,2005-06-19 21:21:10,1,536,2,4,Classics,3,2.99,18.99,Joshua Mark
7243,2005-07-27 10:26:11,1287,238,2005-07-29 11:43:11,2,284,2,12,Music,5,4.99,23.99,Nellie Garrett
5616,2005-07-10 05:21:11,4014,238,2005-07-18 08:42:11,2,873,2,3,Children,3,0.99,13.99,Nellie Garrett
842,2005-05-30 00:32:04,2328,238,2005-06-01 02:21:04,1,505,2,3,Children,6,2.99,24.99,Nellie Garrett
3181,2005-06-20 22:51:02,3473,238,2005-06-27 21:21:02,1,761,2,3,Children,7,2.99,23.99,Nellie Garrett
10659,2005-08-01 16:40:34,786,238,2005-08-09 21:00:34,2,172,1,7,Drama,7,4.99,12.99,Nellie Garrett
1199,2005-06-15 01:58:50,253,238,2005-06-16 20:30:50,2,57,1,16,Travel,4,2.99,18.99,Nellie Garrett
1660,2005-06-16 10:12:55,2374,238,2005-06-18 05:56:55,2,518,1,16,Travel,5,4.99,15.99,Nellie Garrett
8465,2005-07-29 08:20:49,4109,238,2005-07-31 04:02:49,2,894,1,16,Travel,6,0.99,23.99,Nellie Garrett
8382,2005-07-29 05:33:21,317,238,2005-08-03 03:38:21,1,71,2,8,Family,3,4.99,25.99,Nellie Garrett
4143,2005-07-07 08:22:07,597,238,2005-07-13 11:42:07,1,130,2,1,Action,7,0.99,24.99,Nellie Garrett
315,2005-05-26 23:12:55,2847,238,2005-05-29 23:33:55,1,624,2,10,Games,3,4.99,25.99,Nellie Garrett
9065,2005-07-30 07:25:09,349,238,2005-07-31 05:18:09,2,77,2,13,New,5,4.99,15.99,Nellie Garrett
9841,2005-07-31 12:24:19,4554,238,2005-08-09 15:31:19,1,994,1,13,New,6,4.99,29.99,Nellie Garrett
6403,2005-07-11 22:46:25,1019,238,2005-07-13 22:15:25,1,228,2,4,Classics,4,0.99,16.99,Nellie Garrett
8310,2005-07-29 03:25:56,2637,238,2005-08-06 23:18:56,2,578,2,4,Classics,4,4.99,16.99,Nellie Garrett
1151,2005-05-31 21:29:00,1281,581,2005-06-03 23:24:00,1,284,1,12,Music,5,4.99,23.99,Virgil Wofford
2101,2005-06-17 18:57:02,2137,581,2005-06-20 15:38:02,2,462,2,12,Music,5,2.99,17.99,Virgil Wofford
2137,2005-06-17 21:18:28,1158,581,2005-06-20 21:05:28,1,255,2,12,Music,6,4.99,21.99,Virgil Wofford
4669,2005-07-08 10:13:08,3494,581,2005-07-16 07:52:08,1,765,1,5,Comedy,7,4.99,18.99,Virgil Wofford
4338,2005-07-07 18:39:56,3152,581,2005-07-12 21:03:56,1,692,2,2,Animation,3,2.99,10.99,Virgil Wofford
5707,2005-07-10 10:26:14,708,581,2005-07-18 06:19:14,1,154,2,2,Animation,6,2.99,12.99,Virgil Wofford
1958,2005-06-17 08:52:01,1843,581,2005-06-23 07:55:01,2,402,1,2,Animation,3,0.99,15.99,Virgil Wofford
4210,2005-07-07 11:36:20,1972,581,2005-07-16 12:38:20,1,430,2,2,Animation,7,0.99,23.99,Virgil Wofford
4833,2005-07-08 18:07:35,2921,581,2005-07-13 15:29:35,2,641,2,9,Foreign,4,0.99,21.99,Virgil Wofford
5516,2005-07-10 01:13:52,1902,581,2005-07-15 22:56:52,1,414,2,9,Foreign,3,2.99,23.99,Virgil Wofford
976,2005-05-30 21:11:19,2290,581,2005-06-06 02:16:19,2,496,2,16,Travel,3,0.99,10.99,Virgil Wofford
7048,2005-07-27 03:31:48,3707,581,2005-08-05 07:30:48,2,811,1,16,Travel,4,2.99,29.99,Virgil Wofford
4244,2005-07-07 13:41:58,592,581,2005-07-09 15:32:58,2,129,2,6,Documentary,3,2.99,16.99,Virgil Wofford
9449,2005-07-30 22:02:34,2,581,2005-08-06 02:09:34,1,1,1,6,Documentary,6,0.99,20.99,Virgil Wofford
5812,2005-07-10 15:27:56,1681,581,2005-07-18 15:37:56,2,367,1,14,Sci-Fi,6,0.99,20.99,Virgil Wofford
4613,2005-07-08 07:44:49,476,581,2005-07-09 04:47:49,1,105,1,1,Action,6,0.99,21.99,Virgil Wofford
7783,2005-07-28 07:14:43,3817,581,2005-08-01 05:03:43,2,835,2,10,Games,6,2.99,13.99,Virgil Wofford
4815,2005-07-08 17:12:51,840,581,2005-07-17 13:14:51,1,184,1,4,Classics,3,2.99,24.99,Virgil Wofford
9278,2005-07-30 15:15:19,3782,581,2005-08-03 20:21:19,1,828,2,4,Classics,7,2.99,12.99,Virgil Wofford
1383,2005-06-15 15:20:06,1281,379,2005-06-24 18:42:06,2,284,1,12,Music,5,4.99,23.99,Carlos Coughlin
209,2005-05-26 08:14:01,729,379,2005-05-27 09:00:01,1,159,2,5,Comedy,5,4.99,12.99,Carlos Coughlin
863,2005-05-30 03:14:59,3999,379,2005-06-05 04:34:59,2,871,1,5,Comedy,6,4.99,19.99,Carlos Coughlin
10041,2005-07-31 19:01:02,2994,379,2005-08-07 21:32:02,1,657,1,5,Comedy,5,2.99,12.99,Carlos Coughlin
3788,2005-07-06 14:02:02,1363,379,2005-07-10 18:24:02,1,300,2,2,Animation,5,4.99,21.99,Carlos Coughlin
6235,2005-07-11 14:17:51,2659,379,2005-07-17 11:14:51,2,583,2,2,Animation,3,4.99,26.99,Carlos Coughlin
2313,2005-06-18 08:56:45,3134,379,2005-06-26 10:30:45,2,689,1,9,Foreign,5,2.99,14.99,Carlos Coughlin
5402,2005-07-09 20:01:58,4450,379,2005-07-10 14:07:58,1,972,2,14,Sci-Fi,4,4.99,24.99,Carlos Coughlin
2926,2005-06-20 04:37:45,1055,379,2005-06-26 02:17:45,1,235,1,14,Sci-Fi,6,2.99,13.99,Carlos Coughlin
7041,2005-07-27 03:18:32,4212,379,2005-07-30 06:40:32,2,915,2,1,Action,7,4.99,9.99,Carlos Coughlin
4740,2005-07-08 13:30:35,2559,379,2005-07-14 18:43:35,1,561,1,13,New,6,2.99,26.99,Carlos Coughlin
8663,2005-07-29 15:33:18,1281,214,2005-07-30 18:03:18,1,284,1,12,Music,5,4.99,23.99,Kristin Johnston
242,2005-05-26 13:05:08,2095,214,2005-06-02 15:26:08,1,454,1,12,Music,6,0.99,20.99,Kristin Johnston
2085,2005-06-17 17:30:56,2275,214,2005-06-23 12:13:56,1,491,2,3,Children,4,0.99,18.99,Kristin Johnston
1112,2005-05-31 15:51:39,2453,214,2005-06-03 14:04:39,1,535,1,11,Horror,6,0.99,21.99,Kristin Johnston
10563,2005-08-01 13:06:03,1885,214,2005-08-09 08:39:03,2,410,2,5,Comedy,7,2.99,19.99,Kristin Johnston
5172,2005-07-09 09:31:27,4046,214,2005-07-13 04:03:27,1,880,2,2,Animation,6,2.99,9.99,Kristin Johnston
1093,2005-05-31 12:32:26,2189,214,2005-06-03 07:51:26,2,473,2,7,Drama,5,2.99,16.99,Kristin Johnston
7417,2005-07-27 16:58:33,2952,214,2005-07-30 22:17:33,1,648,1,16,Travel,7,4.99,17.99,Kristin Johnston
10749,2005-08-01 20:02:01,2953,214,2005-08-03 14:20:01,1,648,1,16,Travel,7,4.99,17.99,Kristin Johnston
2868,2005-06-20 00:08:58,1213,214,2005-06-25 21:23:58,2,269,2,8,Family,3,0.99,22.99,Kristin Johnston
278,2005-05-26 17:40:58,182,214,2005-06-02 16:43:58,2,40,2,6,Documentary,4,0.99,22.99,Kristin Johnston
1076,2005-05-31 10:14:31,2551,214,2005-06-05 10:13:31,2,559,2,14,Sci-Fi,7,2.99,22.99,Kristin Johnston
4984,2005-07-09 00:35:31,1303,214,2005-07-17 03:44:31,1,287,2,1,Action,5,0.99,19.99,Kristin Johnston
1275,2005-06-15 07:55:43,950,214,2005-06-20 06:30:43,1,212,1,1,Action,7,4.99,14.99,Kristin Johnston
7826,2005-07-28 08:35:51,1473,214,2005-08-05 07:57:51,2,322,1,15,Sports,5,2.99,29.99,Kristin Johnston
6602,2005-07-12 07:50:24,2382,214,2005-07-20 03:25:24,2,519,2,15,Sports,3,2.99,27.99,Kristin Johnston
4211,2005-07-07 11:50:41,2001,214,2005-07-09 13:58:41,2,436,1,13,New,4,0.99,14.99,Kristin Johnston
4783,2005-07-08 16:09:24,3952,214,2005-07-16 21:53:24,2,862,1,4,Classics,5,0.99,25.99,Kristin Johnston
3362,2005-06-21 12:19:54,1284,454,2005-06-23 06:59:54,2,284,2,12,Music,5,4.99,23.99,Alex Gresham
8481,2005-07-29 08:45:57,1739,454,2005-08-01 12:50:57,2,378,2,12,Music,5,2.99,24.99,Alex Gresham
6701,2005-07-12 12:47:59,3428,454,2005-07-13 10:28:59,1,752,2,12,Music,6,0.99,27.99,Alex Gresham
5446,2005-07-09 21:59:55,2769,454,2005-07-11 01:45:55,2,608,2,3,Children,6,2.99,11.99,Alex Gresham
735,2005-05-29 08:08:13,3421,454,2005-06-07 13:35:13,1,749,2,11,Horror,6,4.99,19.99,Alex Gresham
6260,2005-07-11 15:26:29,4308,454,2005-07-13 17:37:29,2,938,2,5,Comedy,3,4.99,14.99,Alex Gresham
2182,2005-06-18 00:56:18,3494,454,2005-06-26 20:01:18,1,765,1,5,Comedy,7,4.99,18.99,Alex Gresham
9041,2005-07-30 06:32:36,1103,454,2005-08-01 10:28:36,2,245,1,2,Animation,4,0.99,28.99,Alex Gresham
1647,2005-06-16 09:14:58,1936,454,2005-06-17 10:46:58,1,421,2,9,Foreign,7,4.99,10.99,Alex Gresham
1938,2005-06-17 07:18:36,570,454,2005-06-19 01:43:36,2,123,2,16,Travel,6,4.99,22.99,Alex Gresham
2437,2005-06-18 18:30:26,1799,454,2005-06-21 18:36:26,1,391,1,8,Family,6,2.99,25.99,Alex Gresham
10005,2005-07-31 17:53:51,928,454,2005-08-09 21:39:51,1,206,1,6,Documentary,6,0.99,25.99,Alex Gresham
9372,2005-07-30 19:04:30,4075,454,2005-08-09 00:18:30,2,888,1,6,Documentary,5,4.99,9.99,Alex Gresham
3221,2005-06-21 01:49:47,245,454,2005-06-25 06:31:47,1,55,1,14,Sci-Fi,6,2.99,27.99,Alex Gresham
1844,2005-06-16 23:53:53,2307,454,2005-06-22 02:19:53,2,501,2,1,Action,3,4.99,9.99,Alex Gresham
2666,2005-06-19 11:17:12,1872,454,2005-06-28 12:47:12,1,408,2,10,Games,4,4.99,28.99,Alex Gresham
4562,2005-07-08 05:08:32,963,454,2005-07-12 08:16:32,2,215,1,10,Games,4,4.99,27.99,Alex Gresham
3622,2005-07-06 06:05:04,3489,454,2005-07-12 03:14:04,2,764,2,15,Sports,3,4.99,28.99,Alex Gresham
8806,2005-07-29 21:36:34,4085,454,2005-08-02 00:58:34,1,890,2,15,Sports,5,0.99,14.99,Alex Gresham
1861,2005-06-17 01:17:31,135,454,2005-06-25 02:11:31,1,27,1,15,Sports,7,0.99,12.99,Alex Gresham
2048,2005-06-17 14:55:29,2055,454,2005-06-23 16:29:29,2,446,2,15,Sports,5,4.99,19.99,Alex Gresham
5088,2005-07-09 05:45:16,3324,454,2005-07-15 00:41:16,2,731,2,4,Classics,7,4.99,29.99,Alex Gresham
3977,2005-07-06 23:00:49,1284,449,2005-07-15 00:41:49,1,284,2,12,Music,5,4.99,23.99,Oscar Aquino
10516,2005-08-01 11:41:55,3924,449,2005-08-08 17:16:55,1,856,2,11,Horror,5,4.99,11.99,Oscar Aquino
7755,2005-07-28 06:22:18,1247,449,2005-08-06 11:38:18,2,275,2,11,Horror,3,0.99,11.99,Oscar Aquino
8002,2005-07-28 15:11:00,22,449,2005-07-31 15:46:00,2,4,2,11,Horror,5,2.99,26.99,Oscar Aquino
2970,2005-06-20 07:51:51,1167,449,2005-06-28 10:14:51,2,258,2,11,Horror,6,0.99,11.99,Oscar Aquino
849,2005-05-30 01:23:07,2424,449,2005-06-07 01:50:07,1,529,1,5,Comedy,3,2.99,12.99,Oscar Aquino
4433,2005-07-07 22:45:41,88,449,2005-07-16 23:30:41,2,18,1,2,Animation,6,0.99,27.99,Oscar Aquino
10083,2005-07-31 20:10:19,2585,449,2005-08-06 23:18:19,1,567,2,9,Foreign,3,2.99,26.99,Oscar Aquino
2348,2005-06-18 12:15:43,3622,449,2005-06-24 14:03:43,2,790,2,7,Drama,6,0.99,22.99,Oscar Aquino
7803,2005-07-28 07:52:13,3438,449,2005-08-03 13:35:13,1,753,2,8,Family,3,0.99,20.99,Oscar Aquino
10416,2005-08-01 08:08:39,2629,449,2005-08-10 09:26:39,2,576,2,6,Documentary,7,2.99,13.99,Oscar Aquino
10409,2005-08-01 07:49:15,2804,449,2005-08-02 13:42:15,2,616,1,6,Documentary,4,2.99,19.99,Oscar Aquino
1295,2005-06-15 09:17:20,2897,449,2005-06-18 10:14:20,2,637,1,14,Sci-Fi,7,4.99,16.99,Oscar Aquino
3503,2005-07-06 00:17:24,2944,449,2005-07-08 03:47:24,1,646,2,10,Games,6,0.99,12.99,Oscar Aquino
263,2005-05-26 15:47:40,1160,449,2005-05-30 10:07:40,2,256,2,15,Sports,6,4.99,20.99,Oscar Aquino
325,2005-05-27 01:09:55,2510,449,2005-05-31 07:01:55,2,551,2,13,New,3,4.99,9.99,Oscar Aquino
5824,2005-07-10 16:19:53,1980,449,2005-07-12 11:17:53,2,432,1,4,Classics,4,2.99,22.99,Oscar Aquino
10688,2005-08-01 17:53:43,3161,449,2005-08-09 21:50:43,1,694,1,4,Classics,6,4.99,15.99,Oscar Aquino
6555,2005-07-12 05:08:16,1282,188,2005-07-14 04:09:16,1,284,1,12,Music,5,4.99,23.99,Melanie Armstrong
10453,2005-08-01 09:13:27,1531,188,2005-08-08 11:34:27,2,334,2,11,Horror,6,4.99,21.99,Melanie Armstrong
5356,2005-07-09 18:08:28,2905,188,2005-07-14 14:11:28,2,638,2,5,Comedy,7,2.99,23.99,Melanie Armstrong
3848,2005-07-06 16:47:32,2906,188,2005-07-14 15:00:32,1,638,2,5,Comedy,7,2.99,23.99,Melanie Armstrong
7042,2005-07-27 03:20:18,399,188,2005-08-01 02:23:18,1,89,1,2,Animation,7,0.99,22.99,Melanie Armstrong
10719,2005-08-01 19:00:28,3861,188,2005-08-07 17:04:28,1,845,1,9,Foreign,7,4.99,9.99,Melanie Armstrong
7556,2005-07-27 22:17:17,794,188,2005-07-28 19:17:17,2,173,2,7,Drama,7,4.99,25.99,Melanie Armstrong
10494,2005-08-01 10:45:21,847,188,2005-08-02 12:34:21,1,186,1,7,Drama,6,0.99,17.99,Melanie Armstrong
2515,2005-06-18 23:57:31,3213,188,2005-06-22 05:31:31,2,706,2,7,Drama,5,4.99,22.99,Melanie Armstrong
1927,2005-06-17 06:48:19,3304,188,2005-06-21 03:23:19,1,727,2,8,Family,6,0.99,12.99,Melanie Armstrong
9613,2005-07-31 03:58:53,3251,188,2005-08-02 00:10:53,1,715,2,8,Family,3,4.99,25.99,Melanie Armstrong
2733,2005-06-19 15:21:53,1535,188,2005-06-23 11:58:53,2,336,1,6,Documentary,5,4.99,22.99,Melanie Armstrong
4150,2005-07-07 08:43:22,4424,188,2005-07-08 05:21:22,2,967,1,14,Sci-Fi,5,2.99,26.99,Melanie Armstrong
10757,2005-08-01 20:22:44,102,188,2005-08-04 19:48:44,2,21,1,1,Action,3,4.99,17.99,Melanie Armstrong
1527,2005-06-16 00:31:40,296,188,2005-06-21 05:20:40,1,67,2,1,Action,5,2.99,24.99,Melanie Armstrong
5729,2005-07-10 11:27:25,4137,188,2005-07-15 06:13:25,2,898,2,15,Sports,4,4.99,18.99,Melanie Armstrong
9720,2005-07-31 08:25:21,1282,587,2005-08-07 11:30:21,2,284,1,12,Music,5,4.99,23.99,Sergio Stanfield
8776,2005-07-29 20:07:06,1565,587,2005-08-06 20:42:06,2,344,1,3,Children,3,0.99,28.99,Sergio Stanfield
181,2005-05-26 04:47:06,2417,587,2005-05-29 06:34:06,2,527,2,11,Horror,4,4.99,24.99,Sergio Stanfield
5243,2005-07-09 13:22:08,122,587,2005-07-16 09:25:08,1,24,1,11,Horror,6,2.99,19.99,Sergio Stanfield
2034,2005-06-17 13:27:16,1512,587,2005-06-22 08:53:16,2,330,2,2,Animation,7,4.99,22.99,Sergio Stanfield
6639,2005-07-12 10:00:44,3385,587,2005-07-19 04:56:44,1,743,2,2,Animation,7,0.99,27.99,Sergio Stanfield
6665,2005-07-12 11:29:14,2912,587,2005-07-19 11:26:14,2,640,2,9,Foreign,5,4.99,21.99,Sergio Stanfield
11078,2005-08-02 07:26:58,2362,587,2005-08-07 01:59:58,2,514,2,7,Drama,6,2.99,17.99,Sergio Stanfield
10825,2005-08-01 23:05:33,4386,587,2005-08-04 04:33:33,1,958,1,7,Drama,6,2.99,19.99,Sergio Stanfield
9909,2005-07-31 14:43:34,2600,587,2005-08-09 15:31:34,1,571,2,6,Documentary,6,2.99,26.99,Sergio Stanfield
361,2005-05-27 07:03:28,6,587,2005-05-31 08:01:28,1,1,2,6,Documentary,6,0.99,20.99,Sergio Stanfield
3969,2005-07-06 22:47:59,383,587,2005-07-08 02:11:59,1,85,2,6,Documentary,4,0.99,29.99,Sergio Stanfield
2220,2005-06-18 03:21:36,320,587,2005-06-21 07:45:36,2,72,1,6,Documentary,6,2.99,12.99,Sergio Stanfield
9785,2005-07-31 10:22:15,4101,587,2005-08-02 10:02:15,1,893,1,14,Sci-Fi,4,4.99,11.99,Sergio Stanfield
10224,2005-08-01 01:31:56,1443,587,2005-08-05 21:21:56,2,316,2,10,Games,5,4.99,18.99,Sergio Stanfield
3562,2005-07-06 02:54:36,1660,587,2005-07-11 05:48:36,1,362,1,10,Games,7,2.99,13.99,Sergio Stanfield
2329,2005-06-18 10:22:52,4156,587,2005-06-20 12:03:52,2,902,2,15,Sports,6,4.99,22.99,Sergio Stanfield
7501,2005-07-27 20:16:59,1464,587,2005-08-04 00:11:59,2,320,2,13,New,4,4.99,28.99,Sergio Stanfield
1330,2005-06-15 11:29:17,1219,587,2005-06-24 13:36:17,2,270,2,13,New,7,0.99,29.99,Sergio Stanfield
8320,2005-07-29 03:49:58,1285,513,2005-08-03 01:00:58,1,284,2,12,Music,5,4.99,23.99,Duane Tubbs
8798,2005-07-29 21:15:38,800,513,2005-08-05 02:46:38,2,174,2,12,Music,6,4.99,13.99,Duane Tubbs
2737,2005-06-19 15:48:33,3131,513,2005-06-26 18:44:33,2,688,2,3,Children,6,0.99,12.99,Duane Tubbs
11081,2005-08-02 07:30:14,3804,513,2005-08-09 08:50:14,1,833,2,3,Children,5,0.99,20.99,Duane Tubbs
8683,2005-07-29 16:15:43,3915,513,2005-08-07 19:19:43,1,854,2,11,Horror,4,4.99,22.99,Duane Tubbs
6027,2005-07-11 02:26:29,4536,513,2005-07-18 23:05:29,1,990,2,11,Horror,3,0.99,13.99,Duane Tubbs
8350,2005-07-29 04:50:39,3726,513,2005-07-31 05:36:39,2,814,2,5,Comedy,6,4.99,15.99,Duane Tubbs
3872,2005-07-06 18:00:19,1785,513,2005-07-07 17:26:19,1,388,1,5,Comedy,5,0.99,16.99,Duane Tubbs
5741,2005-07-10 11:55:40,2041,513,2005-07-16 15:02:40,2,444,1,5,Comedy,3,4.99,22.99,Duane Tubbs
9862,2005-07-31 13:05:03,474,513,2005-08-01 09:05:03,2,104,2,9,Foreign,4,2.99,17.99,Duane Tubbs
7655,2005-07-28 02:01:11,2665,513,2005-07-30 23:12:11,2,585,2,7,Drama,4,0.99,25.99,Duane Tubbs
4220,2005-07-07 12:12:36,821,513,2005-07-10 13:37:36,1,179,1,7,Drama,4,4.99,14.99,Duane Tubbs
993,2005-05-30 23:54:19,2080,513,2005-06-04 21:27:19,1,451,1,16,Travel,7,4.99,12.99,Duane Tubbs
1607,2005-06-16 06:25:35,3289,513,2005-06-20 02:50:35,2,724,2,8,Family,5,2.99,15.99,Duane Tubbs
4178,2005-07-07 10:14:31,2898,513,2005-07-12 09:38:31,2,637,2,14,Sci-Fi,7,4.99,16.99,Duane Tubbs
2290,2005-06-18 07:34:37,200,513,2005-06-26 11:45:37,1,44,2,14,Sci-Fi,5,4.99,21.99,Duane Tubbs
10012,2005-07-31 18:06:06,2554,513,2005-08-09 16:47:06,2,560,1,10,Games,6,0.99,21.99,Duane Tubbs
4055,2005-07-07 03:49:13,2561,513,2005-07-11 03:15:13,2,561,1,13,New,6,2.99,26.99,Duane Tubbs
51,2005-05-25 06:49:10,1257,256,2005-05-26 06:42:10,1,278,1,12,Music,4,4.99,19.99,Mabel Holland
6298,2005-07-11 17:42:33,3906,256,2005-07-13 18:14:33,2,852,2,3,Children,4,0.99,27.99,Mabel Holland
738,2005-05-29 08:20:08,2284,256,2005-06-06 08:59:08,2,494,1,11,Horror,4,0.99,21.99,Mabel Holland
1555,2005-06-16 02:17:07,4168,256,2005-06-22 06:28:07,1,906,2,5,Comedy,4,0.99,27.99,Mabel Holland
4130,2005-07-07 07:51:53,4170,256,2005-07-11 12:41:53,2,906,2,5,Comedy,4,0.99,27.99,Mabel Holland
2230,2005-06-18 03:50:49,833,256,2005-06-25 01:12:49,2,182,1,5,Comedy,7,4.99,9.99,Mabel Holland
7661,2005-07-28 02:10:27,3060,256,2005-08-05 03:45:27,2,672,2,5,Comedy,7,2.99,17.99,Mabel Holland
5179,2005-07-09 10:00:44,2995,256,2005-07-11 06:52:44,1,657,1,5,Comedy,5,2.99,12.99,Mabel Holland
1973,2005-06-17 09:26:15,3669,256,2005-06-21 10:18:15,1,803,1,7,Drama,7,4.99,29.99,Mabel Holland
10759,2005-08-01 20:22:51,3528,256,2005-08-07 22:07:51,1,772,1,7,Drama,4,2.99,24.99,Mabel Holland
2561,2005-06-19 03:14:52,4128,256,2005-06-21 02:42:52,2,897,1,7,Drama,3,4.99,27.99,Mabel Holland
1116,2005-05-31 16:10:46,1356,256,2005-06-01 20:27:46,2,299,1,16,Travel,4,0.99,9.99,Mabel Holland
11011,2005-08-02 05:07:07,3981,256,2005-08-09 07:16:07,1,868,1,16,Travel,5,0.99,27.99,Mabel Holland
935,2005-05-30 13:29:36,2421,256,2005-06-02 11:08:36,1,528,1,8,Family,4,2.99,25.99,Mabel Holland
9424,2005-07-30 21:10:56,4499,256,2005-08-05 00:01:56,1,982,2,1,Action,4,0.99,23.99,Mabel Holland
2380,2005-06-18 15:00:04,4413,256,2005-06-24 13:29:04,2,964,2,1,Action,4,4.99,17.99,Mabel Holland
1965,2005-06-17 09:17:39,480,256,2005-06-18 12:35:39,2,105,2,1,Action,6,0.99,21.99,Mabel Holland
232,2005-05-26 11:38:05,2945,256,2005-05-27 08:42:05,2,646,2,10,Games,6,0.99,12.99,Mabel Holland
2839,2005-06-19 22:07:24,3856,256,2005-06-23 16:37:24,2,844,1,15,Sports,6,4.99,16.99,Mabel Holland
4182,2005-07-07 10:28:00,3080,256,2005-07-08 12:50:00,1,677,2,13,New,6,0.99,25.99,Mabel Holland
2143,2005-06-17 21:58:13,1257,507,2005-06-19 23:59:13,2,278,1,12,Music,4,4.99,19.99,Edgar Rhoads
8976,2005-07-30 04:12:32,2135,507,2005-08-04 23:08:32,1,462,1,12,Music,5,2.99,17.99,Edgar Rhoads
4744,2005-07-08 13:43:57,2948,507,2005-07-12 09:21:57,2,647,1,12,Music,4,0.99,18.99,Edgar Rhoads
713,2005-05-29 04:10:17,3664,507,2005-06-07 07:13:17,1,800,2,11,Horror,7,2.99,19.99,Edgar Rhoads
7970,2005-07-28 13:58:38,998,507,2005-08-02 12:27:38,1,222,2,11,Horror,4,4.99,27.99,Edgar Rhoads
9003,2005-07-30 05:02:52,1605,507,2005-07-31 10:33:52,1,351,1,11,Horror,4,2.99,10.99,Edgar Rhoads
3880,2005-07-06 18:32:49,42,507,2005-07-07 20:46:49,2,9,1,11,Horror,3,2.99,21.99,Edgar Rhoads
7770,2005-07-28 06:49:35,1486,507,2005-08-06 08:16:35,1,326,1,2,Animation,6,2.99,18.99,Edgar Rhoads
6351,2005-07-11 20:31:44,1852,507,2005-07-18 17:16:44,2,403,1,7,Drama,5,4.99,18.99,Edgar Rhoads
4901,2005-07-08 20:44:51,2187,507,2005-07-10 01:04:51,1,473,1,7,Drama,5,2.99,16.99,Edgar Rhoads
4440,2005-07-07 23:00:58,1236,507,2005-07-08 21:31:58,2,273,2,8,Family,6,0.99,14.99,Edgar Rhoads
6891,2005-07-12 21:07:35,3189,507,2005-07-14 16:59:35,2,700,2,8,Family,4,2.99,13.99,Edgar Rhoads
8369,2005-07-29 05:15:42,1456,507,2005-08-01 03:36:42,2,319,2,14,Sci-Fi,4,2.99,22.99,Edgar Rhoads
1307,2005-06-15 10:06:15,368,507,2005-06-20 04:50:15,2,81,1,14,Sci-Fi,6,4.99,29.99,Edgar Rhoads
5962,2005-07-10 23:45:22,1292,507,2005-07-13 03:49:22,2,285,2,14,Sci-Fi,3,0.99,18.99,Edgar Rhoads
3660,2005-07-06 08:07:29,1129,507,2005-07-14 08:46:29,1,250,2,1,Action,4,0.99,26.99,Edgar Rhoads
52,2005-05-25 06:51:29,4017,507,2005-05-31 01:27:29,2,875,1,15,Sports,6,0.99,9.99,Edgar Rhoads
2283,2005-06-18 06:56:06,2056,507,2005-06-19 05:11:06,2,446,2,15,Sports,5,4.99,19.99,Edgar Rhoads
4455,2005-07-07 23:43:46,1396,507,2005-07-08 21:34:46,2,305,2,13,New,6,2.99,24.99,Edgar Rhoads
6396,2005-07-11 22:31:08,2394,507,2005-07-19 17:19:08,2,523,1,4,Classics,7,0.99,21.99,Edgar Rhoads
6588,2005-07-12 06:57:40,1257,420,2005-07-16 04:27:40,1,278,1,12,Music,4,4.99,19.99,Jacob Lance
5081,2005-07-09 05:25:20,1953,420,2005-07-13 23:45:20,1,426,2,12,Music,7,4.99,15.99,Jacob Lance
6582,2005-07-12 06:28:12,2077,420,2005-07-19 06:19:12,1,450,2,3,Children,5,2.99,29.99,Jacob Lance
9362,2005-07-30 18:44:16,3357,420,2005-08-01 20:14:16,1,737,2,11,Horror,4,0.99,28.99,Jacob Lance
744,2005-05-29 09:13:08,3722,420,2005-06-01 07:05:08,2,814,1,5,Comedy,6,4.99,15.99,Jacob Lance
2726,2005-06-19 15:02:20,2970,420,2005-06-21 15:38:20,1,651,1,2,Animation,3,0.99,20.99,Jacob Lance
5168,2005-07-09 09:20:01,4096,420,2005-07-11 14:42:01,1,892,1,2,Animation,3,4.99,18.99,Jacob Lance
2672,2005-06-19 11:42:04,1164,420,2005-06-25 09:14:04,2,257,2,16,Travel,3,0.99,14.99,Jacob Lance
7081,2005-07-27 04:25:59,462,420,2005-08-01 00:14:59,1,101,2,6,Documentary,3,0.99,26.99,Jacob Lance
4176,2005-07-07 10:03:34,2745,420,2005-07-16 08:43:34,1,602,2,14,Sci-Fi,5,0.99,14.99,Jacob Lance
6086,2005-07-11 05:29:03,1505,420,2005-07-16 01:17:03,1,329,2,1,Action,4,2.99,15.99,Jacob Lance
10766,2005-08-01 20:36:29,947,420,2005-08-04 00:30:29,1,210,2,1,Action,3,4.99,13.99,Jacob Lance
8485,2005-07-29 08:53:09,3172,420,2005-07-30 11:25:09,1,697,1,1,Action,7,0.99,16.99,Jacob Lance
10601,2005-08-01 14:25:40,2843,420,2005-08-10 09:07:40,1,624,1,10,Games,3,4.99,25.99,Jacob Lance
6096,2005-07-11 06:18:04,2720,420,2005-07-14 01:15:04,1,596,2,10,Games,4,4.99,25.99,Jacob Lance
2698,2005-06-19 13:29:11,3900,420,2005-06-20 07:31:11,2,851,2,15,Sports,3,0.99,19.99,Jacob Lance
10291,2005-08-01 03:39:57,2056,420,2005-08-05 02:05:57,2,446,2,15,Sports,5,4.99,19.99,Jacob Lance
5911,2005-07-10 20:51:42,4140,420,2005-07-14 21:58:42,2,899,1,4,Classics,7,0.99,14.99,Jacob Lance
6924,2005-07-26 22:51:53,1257,502,2005-08-03 19:04:53,2,278,1,12,Music,4,4.99,19.99,Brett Cornwell
2420,2005-06-18 17:22:28,241,502,2005-06-23 17:45:28,1,54,2,12,Music,5,0.99,15.99,Brett Cornwell
4606,2005-07-08 07:05:50,1946,502,2005-07-16 09:11:50,2,424,1,3,Children,6,0.99,12.99,Brett Cornwell
7757,2005-07-28 06:23:00,3445,502,2005-07-30 12:02:00,1,755,2,3,Children,5,4.99,11.99,Brett Cornwell
1696,2005-06-16 12:50:01,3928,502,2005-06-24 12:08:01,2,857,1,5,Comedy,3,2.99,24.99,Brett Cornwell
10390,2005-08-01 06:46:48,1489,502,2005-08-09 02:55:48,2,326,2,2,Animation,6,2.99,18.99,Brett Cornwell
7255,2005-07-27 10:49:54,2101,502,2005-07-31 10:40:54,2,456,1,2,Animation,6,4.99,18.99,Brett Cornwell
6828,2005-07-12 18:38:51,874,502,2005-07-14 20:10:51,1,193,1,2,Animation,5,2.99,20.99,Brett Cornwell
965,2005-05-30 19:00:14,3363,502,2005-05-31 17:10:14,2,738,1,9,Foreign,3,0.99,27.99,Brett Cornwell
6760,2005-07-12 15:16:00,501,502,2005-07-20 13:20:00,2,112,1,9,Foreign,4,4.99,22.99,Brett Cornwell
9232,2005-07-30 13:43:00,1991,502,2005-08-02 11:39:00,2,434,1,16,Travel,3,0.99,25.99,Brett Cornwell
8034,2005-07-28 16:20:26,1997,502,2005-08-04 19:11:26,2,434,2,16,Travel,3,0.99,25.99,Brett Cornwell
10938,2005-08-02 03:05:22,3918,502,2005-08-05 08:31:22,1,855,2,6,Documentary,7,0.99,28.99,Brett Cornwell
861,2005-05-30 02:48:32,3711,502,2005-06-06 05:43:32,1,812,1,6,Documentary,7,0.99,13.99,Brett Cornwell
7213,2005-07-27 09:22:29,2836,502,2005-08-03 13:53:29,2,622,2,6,Documentary,4,0.99,25.99,Brett Cornwell
6414,2005-07-11 23:26:13,814,502,2005-07-18 17:29:13,1,177,2,14,Sci-Fi,4,4.99,20.99,Brett Cornwell
5662,2005-07-10 07:59:24,219,502,2005-07-14 13:06:24,1,49,2,14,Sci-Fi,6,2.99,22.99,Brett Cornwell
893,2005-05-30 08:06:59,3260,502,2005-06-07 08:23:59,2,717,2,1,Action,6,0.99,23.99,Brett Cornwell
5368,2005-07-09 18:41:59,4429,502,2005-07-16 00:32:59,2,968,1,1,Action,6,4.99,19.99,Brett Cornwell
3614,2005-07-06 05:46:05,853,502,2005-07-11 01:24:05,2,187,2,15,Sports,5,2.99,12.99,Brett Cornwell
258,2005-05-26 15:28:14,3534,502,2005-05-30 18:38:14,2,773,1,15,Sports,6,2.99,28.99,Brett Cornwell
11036,2005-08-02 05:56:29,2054,502,2005-08-05 05:00:29,2,446,1,15,Sports,5,4.99,19.99,Brett Cornwell
2911,2005-06-20 03:32:37,3645,502,2005-06-22 22:06:37,1,796,1,15,Sports,3,0.99,12.99,Brett Cornwell
7884,2005-07-28 10:37:24,3871,502,2005-07-31 10:31:24,1,846,2,13,New,3,4.99,9.99,Brett Cornwell
9599,2005-07-31 03:32:06,3164,502,2005-08-04 07:47:06,2,694,2,4,Classics,6,4.99,15.99,Brett Cornwell
7608,2005-07-28 00:08:36,1256,167,2005-07-28 18:13:36,1,278,1,12,Music,4,4.99,19.99,Sally Pierce
927,2005-05-30 12:16:40,1158,167,2005-05-31 16:20:40,2,255,2,12,Music,6,4.99,21.99,Sally Pierce
8318,2005-07-29 03:44:30,4524,167,2005-07-30 05:03:30,2,987,2,12,Music,3,2.99,13.99,Sally Pierce
10285,2005-08-01 03:35:11,4523,167,2005-08-05 03:55:11,2,987,2,12,Music,3,2.99,13.99,Sally Pierce
4493,2005-07-08 01:40:24,1369,167,2005-07-09 02:17:24,2,301,2,11,Horror,4,0.99,24.99,Sally Pierce
6269,2005-07-11 15:58:43,3915,167,2005-07-13 13:25:43,1,854,2,11,Horror,4,4.99,22.99,Sally Pierce
280,2005-05-26 18:36:58,1896,167,2005-05-27 23:42:58,1,413,1,5,Comedy,7,2.99,16.99,Sally Pierce
8092,2005-07-28 18:28:07,2034,167,2005-07-30 19:17:07,2,443,1,5,Comedy,6,2.99,11.99,Sally Pierce
5191,2005-07-09 10:26:48,2131,167,2005-07-10 15:52:48,2,461,2,2,Animation,3,0.99,14.99,Sally Pierce
5178,2005-07-09 09:59:52,1750,167,2005-07-18 13:01:52,2,380,2,9,Foreign,7,2.99,11.99,Sally Pierce
8864,2005-07-29 23:52:12,2321,167,2005-07-30 22:12:12,1,504,1,7,Drama,5,0.99,25.99,Sally Pierce
365,2005-05-27 07:31:20,2887,167,2005-06-04 04:46:20,1,634,2,8,Family,6,0.99,14.99,Sally Pierce
5781,2005-07-10 13:49:30,3191,167,2005-07-11 12:11:30,2,700,2,8,Family,4,2.99,13.99,Sally Pierce
3518,2005-07-06 00:56:03,2502,167,2005-07-14 02:27:03,1,550,1,8,Family,6,2.99,22.99,Sally Pierce
1509,2005-06-15 22:35:53,655,167,2005-06-23 17:09:53,2,142,1,6,Documentary,3,0.99,24.99,Sally Pierce
8793,2005-07-29 20:57:22,1819,167,2005-08-02 01:40:22,2,395,2,1,Action,4,0.99,28.99,Sally Pierce
2381,2005-06-18 15:00:30,1491,167,2005-06-22 11:38:30,1,327,1,1,Action,3,4.99,24.99,Sally Pierce
5131,2005-07-09 07:35:03,3179,167,2005-07-10 06:05:03,1,697,2,1,Action,7,0.99,16.99,Sally Pierce
1416,2005-06-15 17:44:57,3816,167,2005-06-22 20:53:57,2,835,2,10,Games,6,2.99,13.99,Sally Pierce
9563,2005-07-31 02:28:39,3858,167,2005-08-05 22:10:39,1,844,2,15,Sports,6,4.99,16.99,Sally Pierce
5413,2005-07-09 20:28:42,2056,167,2005-07-10 19:23:42,2,446,2,15,Sports,5,4.99,19.99,Sally Pierce
8227,2005-07-29 00:02:22,269,167,2005-07-31 04:05:22,1,60,1,4,Classics,3,4.99,22.99,Sally Pierce
67,2005-05-25 09:41:01,239,119,2005-05-27 13:46:01,2,54,1,12,Music,5,0.99,15.99,Sherry Marshall
4840,2005-07-08 18:18:16,1670,119,2005-07-16 14:59:16,1,365,1,5,Comedy,4,4.99,21.99,Sherry Marshall
5268,2005-07-09 14:22:43,1083,119,2005-07-12 08:27:43,1,241,1,2,Animation,4,0.99,20.99,Sherry Marshall
10366,2005-08-01 06:09:37,2654,119,2005-08-05 03:19:37,1,582,2,2,Animation,3,2.99,19.99,Sherry Marshall
3388,2005-06-21 14:34:51,556,119,2005-06-28 18:19:51,1,121,1,2,Animation,4,2.99,15.99,Sherry Marshall
2009,2005-06-17 11:48:31,1902,119,2005-06-18 09:34:31,2,414,2,9,Foreign,3,2.99,23.99,Sherry Marshall
8140,2005-07-28 20:17:50,4270,119,2005-07-30 18:07:50,1,929,1,9,Foreign,5,4.99,21.99,Sherry Marshall
8304,2005-07-29 03:08:30,4431,119,2005-08-02 03:04:30,2,969,1,7,Drama,4,4.99,29.99,Sherry Marshall
10101,2005-07-31 20:47:29,2513,119,2005-08-04 21:28:29,1,552,2,6,Documentary,5,0.99,15.99,Sherry Marshall
6330,2005-07-11 19:15:42,3917,119,2005-07-17 19:10:42,1,855,1,6,Documentary,7,0.99,28.99,Sherry Marshall
5176,2005-07-09 09:39:31,328,119,2005-07-17 11:56:31,2,73,1,14,Sci-Fi,5,2.99,22.99,Sherry Marshall
1179,2005-06-15 00:36:50,816,119,2005-06-22 22:09:50,1,177,2,14,Sci-Fi,4,4.99,20.99,Sherry Marshall
8183,2005-07-28 22:21:07,1545,119,2005-08-04 19:20:07,2,338,2,14,Sci-Fi,6,4.99,23.99,Sherry Marshall
10552,2005-08-01 12:49:44,4263,119,2005-08-04 16:20:44,2,927,1,1,Action,6,2.99,16.99,Sherry Marshall
6079,2005-07-11 05:07:14,1494,119,2005-07-17 08:45:14,1,327,1,1,Action,3,4.99,24.99,Sherry Marshall
235,2005-05-26 11:51:09,3537,119,2005-06-04 09:36:09,1,773,2,15,Sports,6,2.99,28.99,Sherry Marshall
540,2005-05-28 06:40:25,3321,119,2005-06-06 00:47:25,1,730,2,13,New,3,0.99,28.99,Sherry Marshall
10681,2005-08-01 17:30:35,1468,119,2005-08-02 14:48:35,2,321,1,13,New,3,4.99,21.99,Sherry Marshall
9028,2005-07-30 06:00:35,2687,119,2005-08-02 01:35:35,1,590,1,13,New,3,2.99,17.99,Sherry Marshall
1218,2005-06-15 03:24:44,239,371,2005-06-21 22:45:44,2,54,1,12,Music,5,0.99,15.99,Billy Poulin
4612,2005-07-08 07:40:44,82,371,2005-07-12 03:48:44,1,17,1,12,Music,3,0.99,14.99,Billy Poulin
1573,2005-06-16 03:31:39,4536,371,2005-06-25 04:04:39,1,990,2,11,Horror,3,0.99,13.99,Billy Poulin
384,2005-05-27 10:18:20,910,371,2005-06-02 09:21:20,2,202,1,5,Comedy,5,4.99,26.99,Billy Poulin
6922,2005-07-12 22:39:48,1114,371,2005-07-14 18:35:48,1,247,1,5,Comedy,3,0.99,19.99,Billy Poulin
26,2005-05-25 03:36:50,4371,371,2005-05-31 00:34:50,1,953,1,2,Animation,3,0.99,9.99,Billy Poulin
286,2005-05-26 19:44:51,314,371,2005-06-04 18:00:51,2,70,2,2,Animation,7,4.99,26.99,Billy Poulin
6000,2005-07-11 01:23:06,1986,371,2005-07-12 04:39:06,2,433,1,2,Animation,4,2.99,23.99,Billy Poulin
1212,2005-06-15 03:03:33,3611,371,2005-06-17 06:31:33,1,789,1,9,Foreign,7,2.99,15.99,Billy Poulin
5171,2005-07-09 09:26:55,2099,371,2005-07-10 10:34:55,1,455,1,9,Foreign,7,4.99,11.99,Billy Poulin
9008,2005-07-30 05:10:26,3592,371,2005-07-31 08:13:26,1,785,2,16,Travel,6,4.99,20.99,Billy Poulin
381,2005-05-27 09:43:25,2748,371,2005-05-31 12:00:25,1,603,1,8,Family,6,4.99,27.99,Billy Poulin
9117,2005-07-30 09:20:59,3055,371,2005-08-07 08:47:59,1,670,2,6,Documentary,4,4.99,17.99,Billy Poulin
829,2005-05-29 22:16:42,1684,371,2005-06-06 01:38:42,1,367,1,14,Sci-Fi,6,0.99,20.99,Billy Poulin
9635,2005-07-31 05:12:27,1687,371,2005-08-02 00:24:27,2,367,2,14,Sci-Fi,6,0.99,20.99,Billy Poulin
3396,2005-06-21 15:23:08,2744,371,2005-06-23 10:25:08,1,602,1,14,Sci-Fi,5,0.99,14.99,Billy Poulin
5614,2005-07-10 05:16:56,133,371,2005-07-13 02:03:56,1,26,2,14,Sci-Fi,3,0.99,15.99,Billy Poulin
4115,2005-07-07 06:52:23,102,371,2005-07-14 06:12:23,2,21,1,1,Action,3,4.99,17.99,Billy Poulin
8138,2005-07-28 20:12:17,1258,371,2005-08-01 15:21:17,2,279,1,15,Sports,7,4.99,11.99,Billy Poulin
1675,2005-06-16 11:04:47,3048,371,2005-06-24 06:56:47,2,668,2,15,Sports,7,4.99,25.99,Billy Poulin
11086,2005-08-02 07:38:44,552,371,2005-08-11 06:30:44,1,120,1,15,Sports,3,4.99,16.99,Billy Poulin
7408,2005-07-27 16:31:40,625,371,2005-07-31 11:56:40,2,135,2,15,Sports,3,2.99,22.99,Billy Poulin
825,2005-05-29 21:49:41,712,371,2005-06-04 20:27:41,2,155,2,13,New,6,0.99,26.99,Billy Poulin
3176,2005-06-20 22:31:54,1982,371,2005-06-25 02:58:54,1,432,2,4,Classics,4,2.99,22.99,Billy Poulin
6460,2005-07-12 01:13:44,2402,371,2005-07-17 04:51:44,2,525,1,4,Classics,4,0.99,29.99,Billy Poulin
2837,2005-06-19 22:03:50,417,371,2005-06-20 21:24:50,1,91,2,4,Classics,5,0.99,17.99,Billy Poulin
4643,2005-07-08 09:13:56,239,436,2005-07-10 12:09:56,2,54,1,12,Music,5,0.99,15.99,Troy Quigley
7593,2005-07-27 23:28:47,1158,436,2005-08-02 19:51:47,1,255,2,12,Music,6,4.99,21.99,Troy Quigley
3851,2005-07-06 16:54:12,493,436,2005-07-11 22:49:12,1,110,1,3,Children,4,0.99,25.99,Troy Quigley
256,2005-05-26 15:20:58,3194,436,2005-05-31 15:58:58,1,702,1,11,Horror,4,2.99,12.99,Troy Quigley
9539,2005-07-31 01:36:19,3793,436,2005-08-04 23:47:19,1,830,2,11,Horror,7,0.99,23.99,Troy Quigley
9345,2005-07-30 18:13:51,2042,436,2005-08-07 13:45:51,2,444,1,5,Comedy,3,4.99,22.99,Troy Quigley
4782,2005-07-08 16:08:51,445,436,2005-07-17 17:56:51,1,99,1,5,Comedy,7,2.99,14.99,Troy Quigley
848,2005-05-30 01:19:53,1363,436,2005-06-05 23:40:53,1,300,2,2,Animation,5,4.99,21.99,Troy Quigley
3944,2005-07-06 21:34:11,4213,436,2005-07-08 23:46:11,2,916,1,2,Animation,3,2.99,10.99,Troy Quigley
5959,2005-07-10 23:35:36,3169,436,2005-07-13 02:19:36,1,696,2,2,Animation,6,0.99,20.99,Troy Quigley
9638,2005-07-31 05:30:27,1616,436,2005-08-09 02:04:27,1,353,2,9,Foreign,6,2.99,22.99,Troy Quigley
45,2005-05-25 05:59:39,1853,436,2005-06-02 09:56:39,2,403,2,7,Drama,5,4.99,18.99,Troy Quigley
10216,2005-08-01 01:06:27,3603,436,2005-08-08 22:41:27,2,787,1,16,Travel,4,0.99,12.99,Troy Quigley
8027,2005-07-28 16:09:57,1335,436,2005-08-05 18:17:57,1,295,1,6,Documentary,3,0.99,14.99,Troy Quigley
2291,2005-06-18 07:36:46,3949,436,2005-06-26 04:57:46,2,861,2,10,Games,3,4.99,12.99,Troy Quigley
8097,2005-07-28 18:32:49,2719,436,2005-08-06 16:09:49,1,596,2,10,Games,4,4.99,25.99,Troy Quigley
4751,2005-07-08 14:07:52,3469,436,2005-07-13 10:37:52,2,760,2,13,New,5,2.99,21.99,Troy Quigley
237,2005-05-26 12:15:13,241,536,2005-05-29 18:10:13,1,54,2,12,Music,5,0.99,15.99,Fernando Churchill
8535,2005-07-29 10:32:33,4489,536,2005-07-31 05:46:33,1,980,2,12,Music,4,4.99,12.99,Fernando Churchill
2403,2005-06-18 16:33:22,2697,536,2005-06-23 19:25:22,1,592,1,12,Music,6,2.99,28.99,Fernando Churchill
929,2005-05-30 12:32:39,4296,536,2005-06-06 12:17:39,1,936,2,12,Music,3,2.99,21.99,Fernando Churchill
4448,2005-07-07 23:17:12,2768,536,2005-07-13 18:26:12,1,608,2,3,Children,6,2.99,11.99,Fernando Churchill
1582,2005-06-16 04:31:57,163,536,2005-06-22 01:25:57,1,35,1,11,Horror,4,2.99,24.99,Fernando Churchill
3483,2005-07-05 23:13:51,79,536,2005-07-13 18:31:51,1,16,2,9,Foreign,6,2.99,23.99,Fernando Churchill
5196,2005-07-09 10:43:34,2278,536,2005-07-13 12:10:34,2,493,2,9,Foreign,5,0.99,18.99,Fernando Churchill
1962,2005-06-17 09:08:58,4386,536,2005-06-23 14:55:58,1,958,1,7,Drama,6,2.99,19.99,Fernando Churchill
6400,2005-07-11 22:43:44,3289,536,2005-07-19 03:58:44,2,724,2,8,Family,5,2.99,15.99,Fernando Churchill
10019,2005-07-31 18:20:56,2114,536,2005-08-07 14:25:56,1,458,2,8,Family,4,0.99,26.99,Fernando Churchill
8679,2005-07-29 16:07:47,3549,536,2005-08-02 18:37:47,1,776,1,6,Documentary,6,4.99,11.99,Fernando Churchill
3514,2005-07-06 00:46:54,4546,536,2005-07-09 05:47:54,1,992,2,6,Documentary,5,0.99,17.99,Fernando Churchill
7065,2005-07-27 03:53:43,3570,536,2005-07-30 23:41:43,2,781,2,10,Games,4,4.99,15.99,Fernando Churchill
9727,2005-07-31 08:39:13,3076,536,2005-08-03 07:54:13,1,676,2,15,Sports,7,4.99,16.99,Fernando Churchill
9411,2005-07-30 20:38:22,3484,536,2005-08-06 01:23:22,2,764,1,15,Sports,3,4.99,28.99,Fernando Churchill
8958,2005-07-30 03:34:26,1556,536,2005-08-06 08:14:26,1,341,2,4,Classics,5,0.99,13.99,Fernando Churchill
1677,2005-06-16 11:07:11,240,191,2005-06-23 10:50:11,1,54,2,12,Music,5,0.99,15.99,Jeanette Greene
9297,2005-07-30 16:26:29,3502,191,2005-08-03 13:51:29,1,767,1,12,Music,6,4.99,13.99,Jeanette Greene
8583,2005-07-29 12:04:50,3130,191,2005-08-04 17:21:50,1,688,2,3,Children,6,0.99,12.99,Jeanette Greene
2051,2005-06-17 15:10:16,2366,191,2005-06-19 20:45:16,1,515,2,3,Children,7,4.99,14.99,Jeanette Greene
5338,2005-07-09 17:07:07,3449,191,2005-07-14 11:15:07,1,756,2,5,Comedy,7,2.99,10.99,Jeanette Greene
1152,2005-05-31 21:32:17,210,191,2005-06-04 21:07:17,2,47,2,9,Foreign,5,4.99,23.99,Jeanette Greene
7450,2005-07-27 18:18:35,3496,191,2005-08-04 15:18:35,1,766,1,7,Drama,5,0.99,25.99,Jeanette Greene
2555,2005-06-19 03:07:02,260,191,2005-06-25 05:25:02,2,58,2,6,Documentary,6,2.99,16.99,Jeanette Greene
7150,2005-07-27 07:11:14,457,191,2005-08-05 06:55:14,2,101,1,6,Documentary,3,0.99,26.99,Jeanette Greene
1870,2005-06-17 02:24:36,895,191,2005-06-17 23:04:36,2,199,2,6,Documentary,4,2.99,29.99,Jeanette Greene
1173,2005-06-14 23:54:46,1050,191,2005-06-19 23:26:46,2,234,1,14,Sci-Fi,6,2.99,27.99,Jeanette Greene
5924,2005-07-10 21:41:23,629,191,2005-07-16 21:33:23,1,137,2,14,Sci-Fi,3,2.99,21.99,Jeanette Greene
1134,2005-05-31 19:14:15,143,191,2005-06-02 17:13:15,2,29,1,1,Action,5,2.99,11.99,Jeanette Greene
1278,2005-06-15 08:09:12,4471,191,2005-06-17 04:05:12,2,976,2,10,Games,6,0.99,12.99,Jeanette Greene
5397,2005-07-09 19:43:51,4376,191,2005-07-17 00:11:51,1,956,1,10,Games,7,4.99,23.99,Jeanette Greene
9964,2005-07-31 16:17:39,3149,191,2005-08-03 15:03:39,1,691,2,15,Sports,6,4.99,29.99,Jeanette Greene
7520,2005-07-27 21:02:02,3875,191,2005-07-28 18:18:02,1,847,2,13,New,7,2.99,10.99,Jeanette Greene
10532,2005-08-01 12:06:35,746,191,2005-08-07 16:04:35,2,163,2,13,New,4,0.99,29.99,Jeanette Greene
3795,2005-07-06 14:37:41,240,153,2005-07-11 20:27:41,2,54,2,12,Music,5,0.99,15.99,Suzanne Nichols
5676,2005-07-10 08:38:32,3595,153,2005-07-13 10:11:32,1,786,1,3,Children,7,0.99,14.99,Suzanne Nichols
5771,2005-07-10 13:26:45,3275,153,2005-07-14 15:43:45,1,722,1,11,Horror,5,0.99,26.99,Suzanne Nichols
10015,2005-07-31 18:11:17,67,153,2005-08-03 15:48:17,2,13,2,11,Horror,4,4.99,21.99,Suzanne Nichols
9936,2005-07-31 15:27:41,979,153,2005-08-06 16:25:41,1,218,2,7,Drama,7,0.99,22.99,Suzanne Nichols
2893,2005-06-20 02:22:08,397,153,2005-06-26 21:01:08,2,88,2,16,Travel,7,4.99,17.99,Suzanne Nichols
2224,2005-06-18 03:33:58,1336,153,2005-06-18 22:10:58,1,295,1,6,Documentary,3,0.99,14.99,Suzanne Nichols
2945,2005-06-20 05:49:27,4193,153,2005-06-26 09:48:27,1,912,2,14,Sci-Fi,3,2.99,9.99,Suzanne Nichols
2649,2005-06-19 10:20:09,98,153,2005-06-21 10:05:09,1,19,2,1,Action,6,0.99,20.99,Suzanne Nichols
6818,2005-07-12 18:20:54,1013,153,2005-07-21 00:03:54,2,227,1,10,Games,4,4.99,17.99,Suzanne Nichols
4194,2005-07-07 10:59:39,1753,153,2005-07-15 09:34:39,1,381,1,10,Games,7,4.99,25.99,Suzanne Nichols
3949,2005-07-06 21:46:36,1765,153,2005-07-11 03:18:36,1,383,1,15,Sports,6,0.99,13.99,Suzanne Nichols
4670,2005-07-08 10:14:18,3317,153,2005-07-16 15:10:18,2,730,1,13,New,3,0.99,28.99,Suzanne Nichols
7824,2005-07-28 08:34:47,2241,153,2005-08-05 09:43:47,2,484,2,4,Classics,3,2.99,13.99,Suzanne Nichols
10557,2005-08-01 12:59:24,240,385,2005-08-04 17:08:24,2,54,2,12,Music,5,0.99,15.99,Phillip Holm
1038,2005-05-31 05:23:47,1253,385,2005-06-02 03:57:47,2,277,1,11,Horror,4,4.99,24.99,Phillip Holm
3878,2005-07-06 18:27:09,4022,385,2005-07-15 20:13:09,2,876,1,11,Horror,3,2.99,11.99,Phillip Holm
7776,2005-07-28 07:04:36,4170,385,2005-08-01 09:32:36,1,906,2,5,Comedy,4,0.99,27.99,Phillip Holm
8518,2005-07-29 10:05:27,2311,385,2005-08-02 05:39:27,1,502,1,5,Comedy,4,2.99,21.99,Phillip Holm
6445,2005-07-12 00:37:02,582,385,2005-07-17 22:05:02,2,127,1,5,Comedy,5,4.99,14.99,Phillip Holm
917,2005-05-30 11:27:06,3629,385,2005-06-02 08:31:06,1,792,2,9,Foreign,7,2.99,15.99,Phillip Holm
3953,2005-07-06 21:54:55,3879,385,2005-07-09 18:52:55,1,848,1,16,Travel,3,0.99,19.99,Phillip Holm
9704,2005-07-31 07:39:32,1402,385,2005-08-06 01:50:32,2,307,1,16,Travel,6,4.99,9.99,Phillip Holm
6933,2005-07-26 23:09:23,1334,385,2005-07-31 20:50:23,1,294,2,16,Travel,5,4.99,26.99,Phillip Holm
9570,2005-07-31 02:40:37,591,385,2005-08-01 01:59:37,1,129,2,6,Documentary,3,2.99,16.99,Phillip Holm
3105,2005-06-20 17:11:46,130,385,2005-06-21 11:48:46,2,26,1,14,Sci-Fi,3,0.99,15.99,Phillip Holm
11021,2005-08-02 05:30:11,2069,385,2005-08-05 05:50:11,2,449,2,14,Sci-Fi,4,2.99,12.99,Phillip Holm
1746,2005-06-16 16:41:19,4272,385,2005-06-19 11:28:19,2,930,1,14,Sci-Fi,4,2.99,23.99,Phillip Holm
8346,2005-07-29 04:48:22,2475,385,2005-08-01 04:22:22,1,542,1,1,Action,3,2.99,28.99,Phillip Holm
10655,2005-08-01 16:33:27,1399,385,2005-08-08 17:17:27,2,306,1,10,Games,3,0.99,12.99,Phillip Holm
1937,2005-06-17 07:16:46,1266,385,2005-06-21 04:22:46,2,281,1,10,Games,6,0.99,9.99,Phillip Holm
10636,2005-08-01 15:40:35,621,385,2005-08-05 18:46:35,1,135,1,15,Sports,3,2.99,22.99,Phillip Holm
5783,2005-07-10 13:55:33,3331,385,2005-07-16 12:13:33,1,733,1,15,Sports,4,0.99,29.99,Phillip Holm
4714,2005-07-08 12:12:48,1932,385,2005-07-17 08:43:48,2,420,1,15,Sports,7,4.99,27.99,Phillip Holm
2145,2005-06-17 22:10:36,238,388,2005-06-18 21:07:36,2,54,1,12,Music,5,0.99,15.99,Craig Morrell
2537,2005-06-19 01:52:21,3499,388,2005-06-26 02:09:21,1,767,1,12,Music,6,4.99,13.99,Craig Morrell
10044,2005-07-31 19:02:33,3349,388,2005-08-05 13:24:33,2,735,2,3,Children,7,2.99,26.99,Craig Morrell
4947,2005-07-08 22:49:37,3905,388,2005-07-17 21:03:37,1,852,1,3,Children,4,0.99,27.99,Craig Morrell
7985,2005-07-28 14:29:01,4022,388,2005-08-03 17:20:01,2,876,1,11,Horror,3,2.99,11.99,Craig Morrell
3159,2005-06-20 21:11:50,33,388,2005-06-29 19:35:50,2,7,1,5,Comedy,6,4.99,28.99,Craig Morrell
411,2005-05-27 14:14:14,1434,388,2005-06-03 17:39:14,1,314,1,2,Animation,3,0.99,13.99,Craig Morrell
1276,2005-06-15 08:00:13,1508,388,2005-06-24 02:55:13,2,330,1,2,Animation,7,4.99,22.99,Craig Morrell
6321,2005-07-11 18:51:02,2655,388,2005-07-14 20:57:02,2,582,2,2,Animation,3,2.99,19.99,Craig Morrell
8456,2005-07-29 07:58:31,671,388,2005-08-05 07:17:31,2,146,1,7,Drama,6,2.99,24.99,Craig Morrell
21,2005-05-25 01:59:46,146,388,2005-05-26 01:01:46,2,31,1,8,Family,5,4.99,16.99,Craig Morrell
9940,2005-07-31 15:29:06,3975,388,2005-08-06 14:26:06,2,866,2,8,Family,6,0.99,28.99,Craig Morrell
9840,2005-07-31 12:23:18,364,388,2005-08-06 15:59:18,1,80,1,8,Family,7,2.99,21.99,Craig Morrell
9213,2005-07-30 13:07:11,184,388,2005-08-01 15:30:11,1,40,2,6,Documentary,4,0.99,22.99,Craig Morrell
9368,2005-07-30 18:50:53,3026,388,2005-08-05 17:56:53,2,664,2,1,Action,6,2.99,12.99,Craig Morrell
5899,2005-07-10 20:21:52,1391,388,2005-07-13 00:46:52,1,305,1,13,New,6,2.99,24.99,Craig Morrell
6452,2005-07-12 00:57:31,109,388,2005-07-14 20:41:31,1,22,1,13,New,6,2.99,10.99,Craig Morrell
2692,2005-06-19 13:08:19,3162,388,2005-06-21 16:45:19,1,694,1,4,Classics,6,4.99,15.99,Craig Morrell
6587,2005-07-12 06:56:26,238,419,2005-07-20 05:53:26,2,54,1,12,Music,5,0.99,15.99,Chad Carbone
10150,2005-07-31 22:22:00,2328,419,2005-08-05 01:17:00,2,505,2,3,Children,6,2.99,24.99,Chad Carbone
4224,2005-07-07 12:24:21,3659,419,2005-07-10 11:48:21,1,799,1,11,Horror,3,0.99,26.99,Chad Carbone
5933,2005-07-10 22:06:48,4372,419,2005-07-12 23:58:48,2,953,1,2,Animation,3,0.99,9.99,Chad Carbone
5900,2005-07-10 20:21:54,1081,419,2005-07-17 00:26:54,1,241,1,2,Animation,4,0.99,20.99,Chad Carbone
2793,2005-06-19 18:52:37,732,419,2005-06-25 19:45:37,2,160,1,2,Animation,4,0.99,12.99,Chad Carbone
7362,2005-07-27 14:58:27,1902,419,2005-08-01 11:51:27,1,414,2,9,Foreign,3,2.99,23.99,Chad Carbone
62,2005-05-25 09:18:52,261,419,2005-05-30 10:55:52,1,58,2,6,Documentary,6,2.99,16.99,Chad Carbone
10372,2005-08-01 06:23:48,635,419,2005-08-06 03:47:48,1,138,2,14,Sci-Fi,5,2.99,29.99,Chad Carbone
6173,2005-07-11 10:33:11,4252,419,2005-07-15 10:57:11,1,924,2,14,Sci-Fi,7,0.99,15.99,Chad Carbone
7619,2005-07-28 00:25:41,1057,419,2005-07-30 04:35:41,2,235,2,14,Sci-Fi,6,2.99,13.99,Chad Carbone
3596,2005-07-06 05:03:11,594,419,2005-07-07 05:30:11,2,130,1,1,Action,7,0.99,24.99,Chad Carbone
5863,2005-07-10 18:25:23,2557,419,2005-07-15 23:49:23,1,560,2,10,Games,6,0.99,21.99,Chad Carbone
7796,2005-07-28 07:39:39,622,419,2005-08-02 05:34:39,2,135,2,15,Sports,3,2.99,22.99,Chad Carbone
5333,2005-07-09 16:59:38,2142,419,2005-07-16 17:23:38,2,463,2,15,Sports,4,2.99,21.99,Chad Carbone
11025,2005-08-02 05:39:12,2253,419,2005-08-08 00:09:12,2,487,2,4,Classics,6,4.99,29.99,Chad Carbone
3694,2005-07-06 10:01:23,3848,419,2005-07-08 11:44:23,2,843,1,4,Classics,4,4.99,15.99,Chad Carbone
7167,2005-07-27 07:37:26,238,380,2005-08-03 06:39:26,1,54,1,12,Music,5,0.99,15.99,Russell Brinson
3637,2005-07-06 07:06:31,3823,380,2005-07-10 02:11:31,2,837,2,5,Comedy,4,2.99,19.99,Russell Brinson
3688,2005-07-06 09:41:53,1102,380,2005-07-14 10:30:53,2,245,1,2,Animation,4,0.99,28.99,Russell Brinson
7443,2005-07-27 17:47:43,703,380,2005-07-29 13:15:43,1,154,1,2,Animation,6,2.99,12.99,Russell Brinson
10450,2005-08-01 09:10:03,234,380,2005-08-08 12:34:03,1,52,2,9,Foreign,6,0.99,29.99,Russell Brinson
7773,2005-07-28 07:02:17,4143,380,2005-07-30 04:16:17,2,900,2,9,Foreign,6,2.99,17.99,Russell Brinson
7974,2005-07-28 14:11:57,2442,380,2005-08-02 19:25:57,2,533,1,9,Foreign,4,2.99,21.99,Russell Brinson
3099,2005-06-20 16:44:33,3756,380,2005-06-27 12:17:33,2,821,2,9,Foreign,6,0.99,17.99,Russell Brinson
847,2005-05-30 01:18:15,4387,380,2005-06-06 20:20:15,2,958,2,7,Drama,6,2.99,19.99,Russell Brinson
4675,2005-07-08 10:24:22,1309,380,2005-07-14 11:09:22,1,288,2,16,Travel,7,2.99,20.99,Russell Brinson
1868,2005-06-17 02:03:22,2412,380,2005-06-25 04:38:22,1,526,2,16,Travel,7,2.99,10.99,Russell Brinson
9261,2005-07-30 14:39:35,372,380,2005-08-08 11:26:35,1,82,1,8,Family,3,0.99,13.99,Russell Brinson
7435,2005-07-27 17:38:44,1574,380,2005-07-30 16:57:44,1,345,2,8,Family,3,0.99,17.99,Russell Brinson
3260,2005-06-21 03:59:13,3627,380,2005-06-23 03:29:13,1,791,2,6,Documentary,3,4.99,24.99,Russell Brinson
4706,2005-07-08 11:51:41,2512,380,2005-07-17 12:58:41,1,552,2,6,Documentary,5,0.99,15.99,Russell Brinson
2998,2005-06-20 09:30:22,1288,380,2005-06-24 06:31:22,2,285,1,14,Sci-Fi,3,0.99,18.99,Russell Brinson
5339,2005-07-09 17:09:17,698,380,2005-07-10 21:07:17,2,153,1,14,Sci-Fi,7,0.99,18.99,Russell Brinson
1984,2005-06-17 10:25:28,3417,380,2005-06-23 08:18:28,2,748,2,1,Action,4,0.99,16.99,Russell Brinson
10983,2005-08-02 04:24:23,4502,380,2005-08-09 08:05:23,2,982,2,1,Action,4,0.99,23.99,Russell Brinson
2440,2005-06-18 18:41:09,2866,380,2005-06-22 12:46:09,1,628,1,15,Sports,5,2.99,24.99,Russell Brinson
9710,2005-07-31 08:05:31,3486,380,2005-08-09 03:29:31,2,764,1,15,Sports,3,4.99,28.99,Russell Brinson
2464,2005-06-18 20:06:05,463,380,2005-06-20 19:22:05,1,102,2,15,Sports,4,4.99,20.99,Russell Brinson
2018,2005-06-17 12:35:58,1278,380,2005-06-26 13:16:58,2,283,1,13,New,6,0.99,10.99,Russell Brinson
7021,2005-07-27 02:26:38,2690,380,2005-08-05 01:18:38,1,590,2,13,New,3,2.99,17.99,Russell Brinson
9056,2005-07-30 07:13:20,4363,380,2005-08-03 07:36:20,1,951,2,4,Classics,6,0.99,28.99,Russell Brinson
3231,2005-06-21 02:25:00,237,28,2005-06-23 05:46:00,2,54,1,12,Music,5,0.99,15.99,Cynthia Young
7580,2005-07-27 23:07:40,338,28,2005-08-05 02:17:40,1,74,2,12,Music,4,4.99,18.99,Cynthia Young
4951,2005-07-08 22:58:21,2766,28,2005-07-16 18:58:21,1,608,1,3,Children,6,2.99,11.99,Cynthia Young
6032,2005-07-11 02:49:01,3792,28,2005-07-18 05:05:01,2,830,2,11,Horror,7,0.99,23.99,Cynthia Young
1543,2005-06-16 01:24:08,1188,28,2005-06-18 06:24:08,2,265,1,5,Comedy,5,4.99,28.99,Cynthia Young
8464,2005-07-29 08:18:20,2343,28,2005-08-03 04:50:20,2,510,1,2,Animation,6,4.99,29.99,Cynthia Young
6476,2005-07-12 01:37:48,978,28,2005-07-12 20:21:48,2,218,2,7,Drama,7,0.99,22.99,Cynthia Young
5653,2005-07-10 07:21:27,919,28,2005-07-16 01:58:27,1,204,1,7,Drama,4,0.99,25.99,Cynthia Young
4704,2005-07-08 11:45:35,2291,28,2005-07-10 09:46:35,1,496,2,16,Travel,3,0.99,10.99,Cynthia Young
5817,2005-07-10 15:49:12,2993,28,2005-07-18 19:30:12,2,656,2,16,Travel,3,0.99,9.99,Cynthia Young
3845,2005-07-06 16:38:14,4495,28,2005-07-09 14:59:14,2,981,2,16,Travel,7,0.99,13.99,Cynthia Young
2604,2005-06-19 06:30:10,2889,28,2005-06-25 11:16:10,2,634,2,8,Family,6,0.99,14.99,Cynthia Young
2299,2005-06-18 08:18:52,4339,28,2005-06-26 11:48:52,1,945,2,6,Documentary,5,0.99,22.99,Cynthia Young
868,2005-05-30 04:19:55,3604,28,2005-05-31 02:28:55,1,788,1,6,Documentary,5,2.99,15.99,Cynthia Young
8901,2005-07-30 01:07:12,4392,28,2005-08-02 06:34:12,1,960,2,6,Documentary,5,2.99,15.99,Cynthia Young
9544,2005-07-31 01:44:51,2383,28,2005-08-05 05:25:51,2,520,1,14,Sci-Fi,7,2.99,28.99,Cynthia Young
9593,2005-07-31 03:22:30,1223,28,2005-08-05 08:23:30,1,271,1,1,Action,5,4.99,12.99,Cynthia Young
10116,2005-07-31 21:14:02,738,28,2005-08-03 01:48:02,2,162,1,1,Action,4,2.99,13.99,Cynthia Young
9705,2005-07-31 07:40:33,4158,28,2005-08-01 03:50:33,2,902,2,15,Sports,6,4.99,22.99,Cynthia Young
1240,2005-06-15 04:58:07,3841,28,2005-06-17 23:56:07,1,841,2,15,Sports,5,2.99,9.99,Cynthia Young
388,2005-05-27 10:37:27,434,28,2005-05-30 05:45:27,1,96,1,13,New,4,2.99,21.99,Cynthia Young
10294,2005-08-01 03:48:12,528,28,2005-08-09 01:19:12,2,116,2,4,Classics,4,2.99,10.99,Cynthia Young
6741,2005-07-12 14:24:16,237,359,2005-07-15 08:31:16,1,54,1,12,Music,5,0.99,15.99,Willie Markham
1329,2005-06-15 11:25:06,1154,359,2005-06-17 16:10:06,2,255,1,12,Music,6,4.99,21.99,Willie Markham
2401,2005-06-18 16:22:03,85,359,2005-06-19 13:49:03,2,17,2,12,Music,3,0.99,14.99,Willie Markham
7115,2005-07-27 05:42:58,3620,359,2005-08-02 05:35:58,2,790,2,7,Drama,6,0.99,22.99,Willie Markham
8174,2005-07-28 21:36:52,465,359,2005-08-04 00:32:52,1,103,1,16,Travel,7,4.99,27.99,Willie Markham
6542,2005-07-12 04:53:49,2421,359,2005-07-13 01:48:49,1,528,1,8,Family,4,2.99,25.99,Willie Markham
392,2005-05-27 11:14:42,263,359,2005-06-01 14:28:42,2,58,2,6,Documentary,6,2.99,16.99,Willie Markham
11032,2005-08-02 05:53:35,1119,359,2005-08-05 02:58:35,2,248,2,6,Documentary,6,4.99,20.99,Willie Markham
1770,2005-06-16 18:07:55,1681,359,2005-06-23 23:49:55,2,367,1,14,Sci-Fi,6,0.99,20.99,Willie Markham
2736,2005-06-19 15:43:20,4510,359,2005-06-21 13:03:20,1,985,1,14,Sci-Fi,4,4.99,19.99,Willie Markham
7098,2005-07-27 05:01:08,2555,359,2005-08-02 07:49:08,2,560,1,10,Games,6,0.99,21.99,Willie Markham
4830,2005-07-08 17:56:23,1150,359,2005-07-17 21:40:23,2,254,2,15,Sports,4,2.99,11.99,Willie Markham
528,2005-05-28 04:30:05,1655,359,2005-06-03 10:01:05,2,361,2,15,Sports,5,2.99,25.99,Willie Markham
6424,2005-07-11 23:49:37,3040,359,2005-07-21 00:53:37,1,667,1,15,Sports,3,2.99,20.99,Willie Markham
9898,2005-07-31 14:12:03,2151,359,2005-08-01 12:27:03,1,465,1,13,New,4,4.99,17.99,Willie Markham
284,2005-05-26 19:21:44,350,359,2005-06-04 14:18:44,2,77,2,13,New,5,4.99,15.99,Willie Markham
10174,2005-07-31 23:40:08,2459,359,2005-08-06 21:08:08,2,537,2,4,Classics,3,2.99,29.99,Willie Markham
199,2005-05-26 07:11:58,2135,71,2005-05-28 09:06:58,1,462,1,12,Music,5,2.99,17.99,Kathy James
7550,2005-07-27 21:55:07,4488,71,2005-07-28 23:34:07,2,980,2,12,Music,4,4.99,12.99,Kathy James
8789,2005-07-29 20:47:27,3062,71,2005-08-05 18:36:27,1,673,1,12,Music,3,0.99,19.99,Kathy James
8574,2005-07-29 11:51:53,2949,71,2005-08-03 05:59:53,2,647,2,12,Music,4,0.99,18.99,Kathy James
7160,2005-07-27 07:26:06,3905,71,2005-07-31 04:54:06,2,852,1,3,Children,4,0.99,27.99,Kathy James
8956,2005-07-30 03:32:29,2129,71,2005-08-01 03:08:29,2,461,1,2,Animation,3,0.99,14.99,Kathy James
1873,2005-06-17 02:38:28,2933,71,2005-06-23 04:39:28,1,644,2,2,Animation,7,2.99,29.99,Kathy James
6020,2005-07-11 02:08:55,1974,71,2005-07-16 22:07:55,1,430,2,2,Animation,7,0.99,23.99,Kathy James
4614,2005-07-08 07:45:17,2579,71,2005-07-12 02:10:17,2,565,1,9,Foreign,6,4.99,9.99,Kathy James
3345,2005-06-21 11:05:07,4442,71,2005-06-26 15:14:07,2,971,1,9,Foreign,4,4.99,11.99,Kathy James
8293,2005-07-29 02:30:50,831,71,2005-08-04 03:09:50,2,181,2,16,Travel,7,2.99,10.99,Kathy James
8668,2005-07-29 15:41:31,4531,71,2005-08-01 16:20:31,2,989,1,16,Travel,4,4.99,22.99,Kathy James
7982,2005-07-28 14:19:59,668,71,2005-07-29 14:09:59,2,145,2,8,Family,5,4.99,25.99,Kathy James
8128,2005-07-28 19:46:06,2872,71,2005-08-06 16:10:06,2,629,2,6,Documentary,7,0.99,9.99,Kathy James
5770,2005-07-10 13:21:28,914,71,2005-07-11 08:59:28,2,203,2,14,Sci-Fi,5,4.99,9.99,Kathy James
6739,2005-07-12 14:22:08,1221,71,2005-07-18 16:57:08,2,271,1,1,Action,5,4.99,12.99,Kathy James
5358,2005-07-09 18:09:21,3764,71,2005-07-14 23:59:21,2,823,2,1,Action,4,2.99,21.99,Kathy James
5543,2005-07-10 02:48:03,1496,71,2005-07-17 05:49:03,2,327,2,1,Action,3,4.99,24.99,Kathy James
5814,2005-07-10 15:46:50,2537,71,2005-07-13 15:28:50,2,556,2,10,Games,6,4.99,26.99,Kathy James
5281,2005-07-09 14:55:07,1966,71,2005-07-13 15:24:07,2,429,1,15,Sports,3,0.99,29.99,Kathy James
8783,2005-07-29 20:31:28,2316,71,2005-08-02 19:33:28,2,503,1,15,Sports,3,2.99,24.99,Kathy James
272,2005-05-26 16:27:11,971,71,2005-06-03 13:10:11,2,216,2,13,New,3,4.99,16.99,Kathy James
2374,2005-06-18 14:44:06,2634,71,2005-06-22 17:14:06,1,578,1,4,Classics,4,4.99,16.99,Kathy James
4391,2005-07-07 21:09:38,2135,42,2005-07-09 17:35:38,1,462,1,12,Music,5,2.99,17.99,Carolyn Perez
2056,2005-06-17 15:27:33,229,42,2005-06-20 13:04:33,2,51,2,12,Music,5,2.99,10.99,Carolyn Perez
8166,2005-07-28 21:23:33,3906,42,2005-08-03 21:07:33,2,852,2,3,Children,4,0.99,27.99,Carolyn Perez
10845,2005-08-01 23:47:03,2737,42,2005-08-08 01:57:03,1,600,2,11,Horror,5,0.99,16.99,Carolyn Perez
6179,2005-07-11 10:59:59,3665,42,2005-07-17 06:02:59,1,800,2,11,Horror,7,2.99,19.99,Carolyn Perez
8915,2005-07-30 01:42:09,3030,42,2005-08-04 23:29:09,2,665,1,11,Horror,4,2.99,22.99,Carolyn Perez
7405,2005-07-27 16:25:11,2312,42,2005-08-01 12:33:11,2,502,1,5,Comedy,4,2.99,21.99,Carolyn Perez
10935,2005-08-02 02:54:53,4373,42,2005-08-10 00:07:53,2,953,2,2,Animation,3,0.99,9.99,Carolyn Perez
6925,2005-07-26 22:52:32,2919,42,2005-07-29 21:22:32,1,641,2,9,Foreign,4,0.99,21.99,Carolyn Perez
2302,2005-06-18 08:27:33,1852,42,2005-06-22 02:46:33,2,403,1,7,Drama,5,4.99,18.99,Carolyn Perez
6799,2005-07-12 16:52:13,2778,42,2005-07-14 15:11:13,2,609,2,16,Travel,7,2.99,23.99,Carolyn Perez
8049,2005-07-28 16:51:58,673,42,2005-07-31 22:18:58,1,147,1,8,Family,5,0.99,16.99,Carolyn Perez
8095,2005-07-28 18:32:40,2685,42,2005-08-06 23:45:40,1,589,2,6,Documentary,3,0.99,20.99,Carolyn Perez
5652,2005-07-10 07:18:58,927,42,2005-07-19 07:52:58,1,206,1,6,Documentary,6,0.99,25.99,Carolyn Perez
1534,2005-06-16 00:49:32,3124,42,2005-06-18 02:41:32,1,687,1,6,Documentary,6,0.99,15.99,Carolyn Perez
8499,2005-07-29 09:10:41,219,42,2005-08-05 10:01:41,1,49,2,14,Sci-Fi,6,2.99,22.99,Carolyn Perez
8785,2005-07-29 20:36:26,216,42,2005-07-30 15:06:26,1,49,1,14,Sci-Fi,6,2.99,22.99,Carolyn Perez
8852,2005-07-29 23:30:03,1138,42,2005-08-05 05:22:03,2,252,1,1,Action,6,2.99,18.99,Carolyn Perez
2170,2005-06-17 23:57:34,3989,42,2005-06-22 03:37:34,2,869,2,1,Action,4,2.99,22.99,Carolyn Perez
10345,2005-08-01 05:18:56,3985,42,2005-08-04 01:34:56,2,869,1,1,Action,4,2.99,22.99,Carolyn Perez
635,2005-05-28 17:46:57,1648,42,2005-06-06 18:24:57,1,360,1,1,Action,4,0.99,24.99,Carolyn Perez
5517,2005-07-10 01:15:00,3689,42,2005-07-19 01:59:00,1,807,1,10,Games,4,0.99,25.99,Carolyn Perez
5199,2005-07-09 10:50:56,349,42,2005-07-10 06:43:56,1,77,2,13,New,5,4.99,15.99,Carolyn Perez
10060,2005-07-31 19:23:00,1979,42,2005-08-08 19:07:00,1,432,1,4,Classics,4,2.99,22.99,Carolyn Perez
406,2005-05-27 13:46:46,2136,381,2005-05-30 12:43:46,1,462,2,12,Music,5,2.99,17.99,Bobby Boudreau
9822,2005-07-31 11:48:25,2469,381,2005-08-05 15:52:25,2,540,1,12,Music,7,2.99,10.99,Bobby Boudreau
6778,2005-07-12 16:06:00,4503,381,2005-07-14 21:57:00,2,983,1,12,Music,7,2.99,18.99,Bobby Boudreau
2410,2005-06-18 16:55:08,265,381,2005-06-20 12:40:08,2,59,1,3,Children,4,2.99,20.99,Bobby Boudreau
9144,2005-07-30 10:22:15,718,381,2005-08-05 08:14:15,1,157,2,3,Children,7,0.99,29.99,Bobby Boudreau
3425,2005-06-21 18:07:07,4548,381,2005-06-27 22:59:07,2,993,1,3,Children,6,2.99,10.99,Bobby Boudreau
2418,2005-06-18 17:14:42,2756,381,2005-06-26 16:33:42,1,604,2,5,Comedy,4,0.99,10.99,Bobby Boudreau
8688,2005-07-29 16:31:32,2263,381,2005-07-30 12:39:32,1,489,1,2,Animation,4,0.99,14.99,Bobby Boudreau
7375,2005-07-27 15:22:33,2970,381,2005-08-01 20:06:33,1,651,1,2,Animation,3,0.99,20.99,Bobby Boudreau
9173,2005-07-30 11:40:10,2103,381,2005-08-04 05:40:10,2,456,2,2,Animation,6,4.99,18.99,Bobby Boudreau
10033,2005-07-31 18:44:29,4480,381,2005-08-04 19:52:29,1,979,1,7,Drama,6,4.99,10.99,Bobby Boudreau
4735,2005-07-08 13:12:27,4324,381,2005-07-13 10:06:27,2,942,1,7,Drama,7,0.99,27.99,Bobby Boudreau
7645,2005-07-28 01:27:42,830,381,2005-08-03 07:16:42,2,181,2,16,Travel,7,2.99,10.99,Bobby Boudreau
3812,2005-07-06 15:22:19,4490,381,2005-07-08 13:04:19,1,981,1,16,Travel,7,0.99,13.99,Bobby Boudreau
5689,2005-07-10 09:24:17,1731,381,2005-07-15 05:36:17,1,377,1,8,Family,7,0.99,20.99,Bobby Boudreau
10705,2005-08-01 18:38:54,4338,381,2005-08-04 18:00:54,1,945,2,6,Documentary,5,0.99,22.99,Bobby Boudreau
6116,2005-07-11 07:37:38,247,381,2005-07-14 11:53:38,2,55,2,14,Sci-Fi,6,2.99,27.99,Bobby Boudreau
3970,2005-07-06 22:48:17,701,381,2005-07-15 19:07:17,1,153,1,14,Sci-Fi,7,0.99,18.99,Bobby Boudreau
835,2005-05-29 23:37:00,299,381,2005-06-02 23:38:00,1,67,2,1,Action,5,2.99,24.99,Bobby Boudreau
169,2005-05-26 03:09:30,1758,381,2005-05-27 01:37:30,2,382,1,10,Games,3,0.99,21.99,Bobby Boudreau
10608,2005-08-01 14:48:41,3835,381,2005-08-04 17:32:41,2,840,1,10,Games,5,0.99,26.99,Bobby Boudreau
1878,2005-06-17 02:55:32,3319,381,2005-06-21 03:44:32,1,730,2,13,New,3,0.99,28.99,Bobby Boudreau
6451,2005-07-12 00:52:19,1008,381,2005-07-16 21:30:19,2,226,2,13,New,4,4.99,20.99,Bobby Boudreau
1402,2005-06-15 16:31:08,1951,381,2005-06-24 19:31:08,1,425,2,4,Classics,6,0.99,20.99,Bobby Boudreau
3458,2005-06-21 21:42:49,2136,338,2005-06-29 01:26:49,1,462,2,12,Music,5,2.99,17.99,Dennis Gilman
1510,2005-06-15 22:39:34,989,338,2005-06-24 19:21:34,2,220,2,12,Music,7,2.99,13.99,Dennis Gilman
5309,2005-07-09 16:00:16,4026,338,2005-07-17 17:56:16,1,877,1,12,Music,4,0.99,23.99,Dennis Gilman
10897,2005-08-02 01:23:42,291,338,2005-08-03 23:27:42,1,66,1,3,Children,6,0.99,27.99,Dennis Gilman
7584,2005-07-27 23:15:46,4390,338,2005-08-03 02:18:46,2,959,1,3,Children,6,2.99,10.99,Dennis Gilman
9485,2005-07-30 23:32:40,3722,338,2005-08-08 17:44:40,1,814,1,5,Comedy,6,4.99,15.99,Dennis Gilman
8766,2005-07-29 19:41:04,3888,338,2005-08-02 00:41:04,2,849,2,2,Animation,6,0.99,28.99,Dennis Gilman
2148,2005-06-17 22:44:35,315,338,2005-06-26 19:43:35,1,70,2,2,Animation,7,4.99,26.99,Dennis Gilman
11064,2005-08-02 06:55:17,3012,338,2005-08-06 03:29:17,1,661,1,9,Foreign,5,4.99,17.99,Dennis Gilman
1952,2005-06-17 08:33:02,1823,338,2005-06-21 14:00:02,2,396,2,7,Drama,5,4.99,18.99,Dennis Gilman
675,2005-05-28 22:22:44,1273,338,2005-06-01 02:57:44,2,282,1,7,Drama,5,0.99,20.99,Dennis Gilman
2179,2005-06-18 00:41:36,4334,338,2005-06-19 02:17:36,1,945,1,6,Documentary,5,0.99,22.99,Dennis Gilman
3516,2005-07-06 00:50:30,385,338,2005-07-09 19:12:30,2,85,2,6,Documentary,4,0.99,29.99,Dennis Gilman
4779,2005-07-08 15:53:41,1321,338,2005-07-15 20:30:41,1,292,1,1,Action,3,0.99,20.99,Dennis Gilman
2495,2005-06-18 22:15:42,3826,338,2005-06-21 23:21:42,1,838,1,1,Action,5,4.99,25.99,Dennis Gilman
10791,2005-08-01 21:41:52,2061,338,2005-08-04 03:28:52,2,447,2,10,Games,5,2.99,28.99,Dennis Gilman
6236,2005-07-11 14:18:17,3813,338,2005-07-14 08:47:17,2,835,1,10,Games,6,2.99,13.99,Dennis Gilman
6360,2005-07-11 21:07:40,3075,338,2005-07-16 15:11:40,1,676,2,15,Sports,7,4.99,16.99,Dennis Gilman
4104,2005-07-07 06:25:41,1066,338,2005-07-13 04:18:41,2,237,1,15,Sports,3,2.99,21.99,Dennis Gilman
1807,2005-06-16 20:58:59,1174,338,2005-06-20 21:31:59,2,260,2,15,Sports,3,4.99,9.99,Dennis Gilman
3772,2005-07-06 13:22:53,434,338,2005-07-10 11:54:53,2,96,1,13,New,4,2.99,21.99,Dennis Gilman
5482,2005-07-09 23:53:04,2136,460,2005-07-15 04:59:04,1,462,2,12,Music,5,2.99,17.99,Leon Bostic
7125,2005-07-27 06:11:00,801,460,2005-08-04 09:41:00,2,174,2,12,Music,6,4.99,13.99,Leon Bostic
8656,2005-07-29 15:05:52,1385,460,2005-07-31 20:57:52,2,304,1,3,Children,3,2.99,28.99,Leon Bostic
4452,2005-07-07 23:31:54,2414,460,2005-07-14 04:05:54,1,527,1,11,Horror,4,4.99,24.99,Leon Bostic
6613,2005-07-12 08:30:07,3421,460,2005-07-14 10:25:07,2,749,2,11,Horror,6,4.99,19.99,Leon Bostic
298,2005-05-26 20:52:26,1083,460,2005-05-29 22:08:26,2,241,1,2,Animation,4,0.99,20.99,Leon Bostic
10754,2005-08-01 20:12:33,2122,460,2005-08-10 01:07:33,2,460,1,9,Foreign,3,4.99,26.99,Leon Bostic
1392,2005-06-15 16:12:27,363,460,2005-06-16 17:30:27,2,79,2,7,Drama,5,0.99,10.99,Leon Bostic
6788,2005-07-12 16:33:44,1162,460,2005-07-20 15:38:44,2,257,2,16,Travel,3,0.99,14.99,Leon Bostic
1064,2005-05-31 08:50:07,2373,460,2005-06-02 14:47:07,2,518,1,16,Travel,5,4.99,15.99,Leon Bostic
3820,2005-07-06 15:35:26,4192,460,2005-07-11 12:22:26,2,912,2,14,Sci-Fi,3,2.99,9.99,Leon Bostic
7785,2005-07-28 07:16:11,4277,460,2005-08-02 03:43:11,1,930,2,14,Sci-Fi,4,2.99,23.99,Leon Bostic
880,2005-05-30 06:12:33,1819,460,2005-06-02 04:35:33,2,395,2,1,Action,4,0.99,28.99,Leon Bostic
10926,2005-08-02 02:26:37,4016,460,2005-08-09 20:55:37,1,875,1,15,Sports,6,0.99,9.99,Leon Bostic
223,2005-05-26 10:15:23,3121,460,2005-05-30 11:43:23,1,686,1,13,New,5,4.99,9.99,Leon Bostic
10179,2005-07-31 23:49:54,2136,131,2005-08-01 20:46:54,2,462,2,12,Music,5,2.99,17.99,Monica Hicks
1646,2005-06-16 09:12:53,4037,131,2005-06-24 08:03:53,2,879,2,12,Music,3,4.99,20.99,Monica Hicks
8570,2005-07-29 11:40:08,3094,131,2005-08-06 10:23:08,1,680,2,5,Comedy,4,4.99,21.99,Monica Hicks
7557,2005-07-27 22:18:19,3152,131,2005-07-29 00:24:19,1,692,2,2,Animation,3,2.99,10.99,Monica Hicks
1768,2005-06-16 18:02:06,2131,131,2005-06-23 17:19:06,2,461,2,2,Animation,3,0.99,14.99,Monica Hicks
9323,2005-07-30 17:21:44,3749,131,2005-08-03 16:28:44,1,820,1,2,Animation,3,2.99,11.99,Monica Hicks
10861,2005-08-02 00:12:46,2162,131,2005-08-09 04:09:46,2,467,2,9,Foreign,6,0.99,10.99,Monica Hicks
8071,2005-07-28 17:27:48,2582,131,2005-08-03 11:48:48,2,566,1,9,Foreign,6,0.99,20.99,Monica Hicks
83,2005-05-25 12:30:15,466,131,2005-05-27 15:40:15,1,103,1,16,Travel,7,4.99,27.99,Monica Hicks
5233,2005-07-09 12:44:26,1401,131,2005-07-15 12:31:26,1,307,1,16,Travel,6,4.99,9.99,Monica Hicks
5726,2005-07-10 11:22:08,3582,131,2005-07-13 05:55:08,1,784,1,16,Travel,7,2.99,20.99,Monica Hicks
944,2005-05-30 15:26:24,151,131,2005-06-07 18:09:24,2,31,2,8,Family,5,4.99,16.99,Monica Hicks
8267,2005-07-29 01:21:02,4107,131,2005-08-04 19:34:02,2,893,2,14,Sci-Fi,4,4.99,11.99,Monica Hicks
55,2005-05-25 08:26:13,1139,131,2005-05-30 10:57:13,1,252,2,1,Action,6,2.99,18.99,Monica Hicks
5395,2005-07-09 19:42:37,4428,131,2005-07-10 15:39:37,1,968,1,1,Action,6,4.99,19.99,Monica Hicks
3515,2005-07-06 00:48:55,3220,131,2005-07-09 00:15:55,1,707,2,1,Action,5,2.99,29.99,Monica Hicks
5610,2005-07-10 05:09:52,481,131,2005-07-13 07:08:52,2,106,1,10,Games,4,2.99,14.99,Monica Hicks
5874,2005-07-10 19:02:51,2255,131,2005-07-16 13:14:51,1,488,1,15,Sports,3,0.99,23.99,Monica Hicks
10459,2005-08-01 09:20:09,201,131,2005-08-03 11:36:09,1,45,1,13,New,5,4.99,14.99,Monica Hicks
6326,2005-07-11 19:06:55,2137,563,2005-07-12 20:41:55,1,462,2,12,Music,5,2.99,17.99,Ken Prewitt
8632,2005-07-29 14:11:25,1666,563,2005-08-07 15:32:25,1,363,2,12,Music,3,0.99,12.99,Ken Prewitt
4629,2005-07-08 08:31:26,228,563,2005-07-17 12:07:26,1,51,1,12,Music,5,2.99,10.99,Ken Prewitt
4711,2005-07-08 12:06:58,2327,563,2005-07-12 08:37:58,1,505,2,3,Children,6,2.99,24.99,Ken Prewitt
8610,2005-07-29 13:25:02,4222,563,2005-08-03 08:10:02,2,918,2,3,Children,4,4.99,23.99,Ken Prewitt
4825,2005-07-08 17:43:01,2419,563,2005-07-11 20:58:01,1,527,2,11,Horror,4,4.99,24.99,Ken Prewitt
4883,2005-07-08 19:46:58,1366,563,2005-07-10 15:48:58,1,301,1,11,Horror,4,0.99,24.99,Ken Prewitt
2573,2005-06-19 04:23:18,3354,563,2005-06-23 06:04:18,1,737,1,11,Horror,4,0.99,28.99,Ken Prewitt
758,2005-05-29 10:31:56,1191,563,2005-06-01 14:53:56,2,265,1,5,Comedy,5,4.99,28.99,Ken Prewitt
4565,2005-07-08 05:12:28,3755,563,2005-07-17 03:38:28,2,821,2,9,Foreign,6,0.99,17.99,Ken Prewitt
4436,2005-07-07 22:52:04,4326,563,2005-07-10 04:51:04,1,942,2,7,Drama,7,0.99,27.99,Ken Prewitt
7612,2005-07-28 00:11:55,1411,563,2005-07-30 00:47:55,1,309,1,8,Family,6,0.99,29.99,Ken Prewitt
4776,2005-07-08 15:44:20,2598,563,2005-07-17 10:50:20,2,571,1,6,Documentary,6,2.99,26.99,Ken Prewitt
8262,2005-07-29 01:11:18,1341,563,2005-08-02 05:17:18,2,295,2,6,Documentary,3,0.99,14.99,Ken Prewitt
773,2005-05-29 13:18:05,245,563,2005-06-07 17:22:05,1,55,1,14,Sci-Fi,6,2.99,27.99,Ken Prewitt
5406,2005-07-09 20:13:23,1322,563,2005-07-11 22:05:23,2,292,2,1,Action,3,0.99,20.99,Ken Prewitt
8812,2005-07-29 21:47:40,1172,563,2005-08-04 01:18:40,2,260,2,15,Sports,3,4.99,9.99,Ken Prewitt
4106,2005-07-07 06:33:35,4083,563,2005-07-13 04:03:35,1,890,2,15,Sports,5,0.99,14.99,Ken Prewitt
4808,2005-07-08 17:02:49,2544,563,2005-07-12 22:49:49,2,558,2,13,New,3,2.99,18.99,Ken Prewitt
1545,2005-06-16 01:31:23,762,563,2005-06-24 05:50:23,1,166,2,4,Classics,6,2.99,19.99,Ken Prewitt
9807,2005-07-31 11:13:52,2137,267,2005-08-02 07:34:52,1,462,2,12,Music,5,2.99,17.99,Margie Wade
6706,2005-07-12 12:59:16,4552,267,2005-07-19 10:37:16,1,993,2,3,Children,6,2.99,10.99,Margie Wade
91,2005-05-25 14:57:22,139,267,2005-06-01 18:32:22,1,28,1,5,Comedy,5,4.99,16.99,Margie Wade
3817,2005-07-06 15:31:45,2933,267,2005-07-11 17:11:45,1,644,2,2,Animation,7,2.99,29.99,Margie Wade
2699,2005-06-19 13:29:28,72,267,2005-06-24 11:15:28,2,15,1,9,Foreign,5,2.99,10.99,Margie Wade
1257,2005-06-15 06:15:36,1938,267,2005-06-21 01:04:36,2,421,2,9,Foreign,7,4.99,10.99,Margie Wade
6070,2005-07-11 04:47:42,1679,267,2005-07-13 01:49:42,2,366,2,7,Drama,3,0.99,29.99,Margie Wade
8572,2005-07-29 11:51:24,2815,267,2005-08-02 11:44:24,1,618,2,7,Drama,3,0.99,21.99,Margie Wade
8190,2005-07-28 22:47:06,2290,267,2005-08-04 21:51:06,1,496,2,16,Travel,3,0.99,10.99,Margie Wade
3090,2005-06-20 16:00:19,3301,267,2005-06-23 14:55:19,1,727,1,8,Family,6,0.99,12.99,Margie Wade
9308,2005-07-30 16:53:21,2202,267,2005-08-08 15:33:21,2,476,2,8,Family,5,2.99,9.99,Margie Wade
10343,2005-08-01 05:15:47,2627,267,2005-08-02 04:48:47,2,576,2,6,Documentary,7,2.99,13.99,Margie Wade
2578,2005-06-19 04:40:06,1695,267,2005-06-26 09:37:06,2,369,2,14,Sci-Fi,4,4.99,22.99,Margie Wade
9059,2005-07-30 07:18:44,480,267,2005-08-08 08:39:44,1,105,2,1,Action,6,0.99,21.99,Margie Wade
2754,2005-06-19 16:55:59,1761,267,2005-06-26 18:11:59,1,382,2,10,Games,3,0.99,21.99,Margie Wade
436,2005-05-27 17:21:04,4317,267,2005-05-30 21:26:04,2,941,1,10,Games,4,4.99,10.99,Margie Wade
5340,2005-07-09 17:11:35,650,267,2005-07-17 17:59:35,2,141,1,10,Games,6,4.99,11.99,Margie Wade
1030,2005-05-31 04:06:47,3948,267,2005-06-02 02:59:47,1,861,2,10,Games,3,4.99,12.99,Margie Wade
10048,2005-07-31 19:08:56,3821,267,2005-08-05 20:15:56,2,836,1,15,Sports,3,2.99,14.99,Margie Wade
1349,2005-06-15 12:49:02,1131,267,2005-06-17 15:20:02,1,251,1,13,New,6,4.99,19.99,Margie Wade
2877,2005-06-20 01:07:16,485,267,2005-06-24 01:05:16,1,109,1,13,New,3,0.99,17.99,Margie Wade
2582,2005-06-19 04:56:27,201,267,2005-06-26 08:56:27,2,45,1,13,New,5,4.99,14.99,Margie Wade
9403,2005-07-30 20:18:53,3466,267,2005-08-06 19:54:53,1,760,1,13,New,5,2.99,21.99,Margie Wade
2265,2005-06-18 06:03:27,3069,267,2005-06-20 01:16:27,1,675,1,13,New,6,2.99,17.99,Margie Wade
2761,2005-06-19 17:22:17,2134,431,2005-06-20 20:20:17,2,462,1,12,Music,5,2.99,17.99,Joel Francisco
3369,2005-06-21 13:20:31,303,431,2005-06-30 13:45:31,2,68,2,3,Children,5,4.99,26.99,Joel Francisco
1126,2005-05-31 17:27:45,2765,431,2005-06-04 20:06:45,2,608,1,3,Children,6,2.99,11.99,Joel Francisco
4144,2005-07-07 08:25:44,550,431,2005-07-16 13:10:44,2,119,2,5,Comedy,6,0.99,22.99,Joel Francisco
1561,2005-06-16 02:41:30,2263,431,2005-06-22 05:19:30,1,489,1,2,Animation,4,0.99,14.99,Joel Francisco
2096,2005-06-17 18:33:04,1069,431,2005-06-21 17:29:04,2,239,1,2,Animation,5,4.99,16.99,Joel Francisco
10527,2005-08-01 11:55:54,4530,431,2005-08-05 15:56:54,2,989,1,16,Travel,4,4.99,22.99,Joel Francisco
8810,2005-07-29 21:45:19,1233,431,2005-08-08 01:45:19,2,273,1,8,Family,6,0.99,14.99,Joel Francisco
2269,2005-06-18 06:20:54,3088,431,2005-06-25 04:51:54,2,679,1,8,Family,6,2.99,17.99,Joel Francisco
4863,2005-07-08 19:03:15,1,431,2005-07-11 21:29:15,2,1,1,6,Documentary,6,0.99,20.99,Joel Francisco
2281,2005-06-18 06:47:29,4212,431,2005-06-20 10:27:29,2,915,2,1,Action,7,4.99,9.99,Joel Francisco
10508,2005-08-01 11:23:27,3890,431,2005-08-02 10:17:27,1,850,1,1,Action,7,0.99,27.99,Joel Francisco
7978,2005-07-28 14:16:14,508,431,2005-08-01 12:53:14,2,113,2,15,Sports,4,4.99,19.99,Joel Francisco
3304,2005-06-21 07:43:40,2154,431,2005-06-27 08:06:40,2,465,2,13,New,4,4.99,17.99,Joel Francisco
10959,2005-08-02 03:39:39,4233,431,2005-08-11 07:20:39,1,920,2,13,New,3,0.99,16.99,Joel Francisco
4801,2005-07-08 16:51:36,761,431,2005-07-13 17:23:36,1,166,1,4,Classics,6,2.99,19.99,Joel Francisco
5675,2005-07-10 08:31:06,2134,376,2005-07-17 11:48:06,1,462,1,12,Music,5,2.99,17.99,Randy Gaither
4869,2005-07-08 19:14:05,2860,376,2005-07-15 22:27:05,1,626,2,3,Children,5,2.99,12.99,Randy Gaither
10810,2005-08-01 22:40:39,2314,376,2005-08-06 19:47:39,1,502,2,5,Comedy,4,2.99,21.99,Randy Gaither
6807,2005-07-12 17:33:53,669,376,2005-07-18 16:28:53,2,146,1,7,Drama,6,2.99,24.99,Randy Gaither
8269,2005-07-29 01:26:54,2778,376,2005-08-04 22:42:54,1,609,2,16,Travel,7,2.99,23.99,Randy Gaither
4554,2005-07-08 04:48:03,3878,376,2005-07-16 04:34:03,1,848,1,16,Travel,3,0.99,19.99,Randy Gaither
4320,2005-07-07 17:51:59,3437,376,2005-07-13 18:39:59,1,753,2,8,Family,3,0.99,20.99,Randy Gaither
1208,2005-06-15 02:30:03,750,376,2005-06-18 00:04:03,1,164,2,6,Documentary,4,0.99,20.99,Randy Gaither
6545,2005-07-12 04:56:30,4447,376,2005-07-20 05:41:30,1,972,1,14,Sci-Fi,4,4.99,24.99,Randy Gaither
8420,2005-07-29 07:00:45,4184,376,2005-08-06 02:20:45,1,911,1,1,Action,7,4.99,14.99,Randy Gaither
4163,2005-07-07 09:19:28,3176,376,2005-07-10 06:47:28,2,697,2,1,Action,7,0.99,16.99,Randy Gaither
9828,2005-07-31 11:56:57,3845,376,2005-08-02 17:05:57,1,842,1,10,Games,4,2.99,13.99,Randy Gaither
3719,2005-07-06 11:05:55,3573,376,2005-07-11 08:10:55,2,782,1,15,Sports,6,2.99,26.99,Randy Gaither
9773,2005-07-31 09:56:56,4555,376,2005-08-04 09:38:56,1,994,1,13,New,6,4.99,29.99,Randy Gaither
6524,2005-07-12 04:14:35,1467,376,2005-07-17 03:59:35,2,321,1,13,New,3,4.99,21.99,Randy Gaither
4166,2005-07-07 09:33:30,3267,376,2005-07-16 06:06:30,1,720,1,13,New,3,2.99,20.99,Randy Gaither
2779,2005-06-19 18:19:07,1020,376,2005-06-23 18:25:07,2,228,2,4,Classics,4,0.99,16.99,Randy Gaither
9872,2005-07-31 13:27:55,1021,376,2005-08-04 14:33:55,1,228,2,4,Classics,4,0.99,16.99,Randy Gaither
10413,2005-08-01 07:59:39,1018,376,2005-08-08 03:55:39,1,228,1,4,Classics,4,0.99,16.99,Randy Gaither
554,2005-05-28 08:23:16,1951,376,2005-05-31 03:29:16,2,425,2,4,Classics,6,0.99,20.99,Randy Gaither
1441,2005-06-15 18:54:21,2095,444,2005-06-22 22:48:21,2,454,1,12,Music,6,0.99,20.99,Marcus Hidalgo
557,2005-05-28 08:36:22,158,444,2005-06-03 10:42:22,2,34,2,11,Horror,6,0.99,29.99,Marcus Hidalgo
3415,2005-06-21 16:59:49,3540,444,2005-06-27 17:19:49,1,774,1,5,Comedy,3,2.99,22.99,Marcus Hidalgo
1239,2005-06-15 04:53:01,3731,444,2005-06-16 07:03:01,1,816,1,2,Animation,3,0.99,27.99,Marcus Hidalgo
3301,2005-06-21 07:32:25,503,444,2005-06-28 06:26:25,2,112,1,9,Foreign,4,4.99,22.99,Marcus Hidalgo
10693,2005-08-01 18:14:14,2387,444,2005-08-03 22:00:14,2,521,1,7,Drama,7,4.99,28.99,Marcus Hidalgo
201,2005-05-26 07:13:45,776,444,2005-06-04 02:02:45,2,169,2,16,Travel,3,2.99,19.99,Marcus Hidalgo
2551,2005-06-19 02:51:04,2007,444,2005-06-28 05:02:04,1,437,1,8,Family,7,2.99,13.99,Marcus Hidalgo
1397,2005-06-15 16:25:26,1830,444,2005-06-21 20:45:26,1,397,2,14,Sci-Fi,5,2.99,26.99,Marcus Hidalgo
9634,2005-07-31 05:06:02,924,444,2005-08-04 06:53:02,1,205,1,1,Action,3,0.99,22.99,Marcus Hidalgo
5753,2005-07-10 12:29:43,3639,444,2005-07-17 12:50:43,2,794,2,1,Action,5,0.99,28.99,Marcus Hidalgo
3498,2005-07-06 00:02:08,1869,444,2005-07-10 00:19:08,1,408,1,10,Games,4,4.99,28.99,Marcus Hidalgo
7679,2005-07-28 02:58:39,1063,444,2005-08-02 04:58:39,1,236,2,10,Games,4,2.99,19.99,Marcus Hidalgo
10529,2005-08-01 12:00:02,851,444,2005-08-08 16:18:02,1,187,2,15,Sports,5,2.99,12.99,Marcus Hidalgo
4648,2005-07-08 09:31:27,3490,444,2005-07-13 03:55:27,2,764,2,15,Sports,3,4.99,28.99,Marcus Hidalgo
5825,2005-07-10 16:20:30,3843,444,2005-07-11 18:58:30,1,841,2,15,Sports,5,2.99,9.99,Marcus Hidalgo
6285,2005-07-11 16:52:07,2140,444,2005-07-13 21:33:07,2,463,1,15,Sports,4,2.99,21.99,Marcus Hidalgo
3539,2005-07-06 01:39:08,4081,444,2005-07-07 05:38:08,1,890,1,15,Sports,5,0.99,14.99,Marcus Hidalgo
5631,2005-07-10 06:15:45,2095,595,2005-07-17 09:53:45,2,454,1,12,Music,6,0.99,20.99,Terrence Gunderson
6105,2005-07-11 07:03:19,3501,595,2005-07-19 06:46:19,1,767,1,12,Music,6,4.99,13.99,Terrence Gunderson
7490,2005-07-27 19:48:12,4503,595,2005-08-04 17:15:12,1,983,1,12,Music,7,2.99,18.99,Terrence Gunderson
7396,2005-07-27 16:03:53,3346,595,2005-08-05 10:36:53,2,735,2,3,Children,7,2.99,26.99,Terrence Gunderson
9542,2005-07-31 01:41:48,2243,595,2005-08-01 00:49:48,2,485,2,3,Children,6,4.99,16.99,Terrence Gunderson
3371,2005-06-21 13:27:22,2526,595,2005-06-29 14:04:22,2,555,1,5,Comedy,4,0.99,25.99,Terrence Gunderson
7307,2005-07-27 12:59:10,3882,595,2005-07-29 11:35:10,1,849,1,2,Animation,6,0.99,28.99,Terrence Gunderson
6704,2005-07-12 12:50:24,1590,595,2005-07-20 16:41:24,2,349,1,2,Animation,4,2.99,27.99,Terrence Gunderson
10729,2005-08-01 19:21:11,2918,595,2005-08-07 21:20:11,2,641,2,9,Foreign,4,0.99,21.99,Terrence Gunderson
1170,2005-06-14 23:47:35,2444,595,2005-06-17 05:28:35,2,533,1,9,Foreign,4,2.99,21.99,Terrence Gunderson
10932,2005-08-02 02:46:22,1688,595,2005-08-06 01:49:22,2,368,1,7,Drama,7,2.99,20.99,Terrence Gunderson
9223,2005-07-30 13:23:20,3231,595,2005-08-04 11:24:20,1,709,2,7,Drama,7,2.99,19.99,Terrence Gunderson
7086,2005-07-27 04:39:46,2938,595,2005-08-05 00:32:46,2,645,2,16,Travel,7,2.99,18.99,Terrence Gunderson
3789,2005-07-06 14:02:26,3560,595,2005-07-14 18:13:26,1,778,1,8,Family,3,4.99,24.99,Terrence Gunderson
9497,2005-07-30 23:56:54,933,595,2005-08-04 19:52:54,1,206,2,6,Documentary,6,0.99,25.99,Terrence Gunderson
9152,2005-07-30 10:51:27,3607,595,2005-07-31 06:38:27,2,788,2,6,Documentary,5,2.99,15.99,Terrence Gunderson
9631,2005-07-31 05:02:00,321,595,2005-08-02 02:04:00,2,72,1,6,Documentary,6,2.99,12.99,Terrence Gunderson
4775,2005-07-08 15:44:05,4277,595,2005-07-11 20:39:05,2,930,2,14,Sci-Fi,4,2.99,23.99,Terrence Gunderson
5952,2005-07-10 23:18:20,3406,595,2005-07-16 17:42:20,1,747,1,10,Games,5,0.99,9.99,Terrence Gunderson
4241,2005-07-07 13:39:00,4154,595,2005-07-12 17:49:00,2,902,1,15,Sports,6,4.99,22.99,Terrence Gunderson
9354,2005-07-30 18:32:51,510,595,2005-08-02 21:28:51,2,113,2,15,Sports,4,4.99,19.99,Terrence Gunderson
9826,2005-07-31 11:51:46,2649,595,2005-08-09 17:18:46,1,580,2,13,New,3,4.99,12.99,Terrence Gunderson
4017,2005-07-07 01:08:18,3117,595,2005-07-09 01:47:18,2,685,2,13,New,6,4.99,10.99,Terrence Gunderson
613,2005-05-28 15:27:22,270,595,2005-06-02 20:01:22,1,60,1,4,Classics,3,4.99,22.99,Terrence Gunderson
8651,2005-07-29 15:02:18,2095,61,2005-08-07 09:34:18,2,454,1,12,Music,6,0.99,20.99,Katherine Rivera
1157,2005-05-31 22:47:45,1449,61,2005-06-02 18:01:45,1,317,2,5,Comedy,4,0.99,25.99,Katherine Rivera
8029,2005-07-28 16:11:21,4273,61,2005-08-05 13:52:21,1,930,1,14,Sci-Fi,4,2.99,23.99,Katherine Rivera
7027,2005-07-27 02:50:15,3280,61,2005-08-04 02:58:15,1,723,1,14,Sci-Fi,3,2.99,29.99,Katherine Rivera
10549,2005-08-01 12:46:39,3719,61,2005-08-06 17:17:39,1,813,2,15,Sports,7,0.99,18.99,Katherine Rivera
9597,2005-07-31 03:29:07,3317,61,2005-08-09 03:33:07,2,730,1,13,New,3,0.99,28.99,Katherine Rivera
7071,2005-07-27 04:01:15,4361,61,2005-08-03 05:18:15,2,951,1,4,Classics,6,0.99,28.99,Katherine Rivera
8075,2005-07-28 17:37:28,2175,61,2005-07-29 11:56:28,2,469,2,4,Classics,7,4.99,27.99,Katherine Rivera
1548,2005-06-16 01:43:33,2094,374,2005-06-23 22:04:33,2,454,1,12,Music,6,0.99,20.99,Jeremy Hurtado
2641,2005-06-19 09:38:33,231,374,2005-06-22 09:55:33,1,51,2,12,Music,5,2.99,10.99,Jeremy Hurtado
2046,2005-06-17 14:39:50,872,374,2005-06-24 16:02:50,1,191,2,3,Children,6,0.99,27.99,Jeremy Hurtado
9113,2005-07-30 09:09:03,3903,374,2005-07-31 03:13:03,1,852,1,3,Children,4,0.99,27.99,Jeremy Hurtado
521,2005-05-28 03:32:22,2397,374,2005-05-28 22:37:22,1,524,1,5,Comedy,6,0.99,13.99,Jeremy Hurtado
2487,2005-06-18 21:32:54,3683,374,2005-06-23 21:11:54,2,805,2,2,Animation,5,4.99,12.99,Jeremy Hurtado
7837,2005-07-28 08:58:32,115,374,2005-07-29 14:11:32,1,23,1,2,Animation,3,0.99,9.99,Jeremy Hurtado
10695,2005-08-01 18:16:20,3612,374,2005-08-03 12:21:20,2,789,2,9,Foreign,7,2.99,15.99,Jeremy Hurtado
919,2005-05-30 11:35:06,4052,374,2005-06-02 13:16:06,2,882,1,7,Drama,4,0.99,24.99,Jeremy Hurtado
3797,2005-07-06 14:54:52,1047,374,2005-07-10 09:50:52,2,233,2,16,Travel,3,0.99,17.99,Jeremy Hurtado
8586,2005-07-29 12:16:34,2752,374,2005-08-07 06:48:34,1,603,2,8,Family,6,4.99,27.99,Jeremy Hurtado
5591,2005-07-10 04:25:03,378,374,2005-07-16 04:21:03,1,83,2,8,Family,5,2.99,18.99,Jeremy Hurtado
5945,2005-07-10 22:52:42,427,374,2005-07-11 21:52:42,1,94,1,8,Family,7,2.99,14.99,Jeremy Hurtado
910,2005-05-30 10:46:16,2601,374,2005-06-04 13:32:16,1,571,2,6,Documentary,6,2.99,26.99,Jeremy Hurtado
6315,2005-07-11 18:42:49,608,374,2005-07-12 23:19:49,2,132,1,14,Sci-Fi,6,0.99,25.99,Jeremy Hurtado
5570,2005-07-10 03:46:47,2013,374,2005-07-17 09:28:47,1,438,1,10,Games,3,2.99,22.99,Jeremy Hurtado
9866,2005-07-31 13:13:50,3555,374,2005-08-07 15:11:50,1,777,1,15,Sports,5,4.99,10.99,Jeremy Hurtado
5463,2005-07-09 22:57:02,601,374,2005-07-11 03:10:02,1,131,1,4,Classics,5,4.99,12.99,Jeremy Hurtado
4139,2005-07-07 08:17:35,2094,509,2005-07-14 14:01:35,2,454,1,12,Music,6,0.99,20.99,Raul Fortier
10988,2005-08-02 04:38:17,1157,509,2005-08-09 00:09:17,1,255,2,12,Music,6,4.99,21.99,Raul Fortier
831,2005-05-29 22:50:25,3912,509,2005-06-06 02:27:25,1,854,2,11,Horror,4,4.99,22.99,Raul Fortier
7848,2005-07-28 09:24:31,162,509,2005-08-05 05:11:31,2,35,1,11,Horror,4,2.99,24.99,Raul Fortier
22,2005-05-25 02:19:23,727,509,2005-05-26 04:52:23,2,159,1,5,Comedy,5,4.99,12.99,Raul Fortier
10189,2005-08-01 00:25:00,616,509,2005-08-03 06:01:00,2,134,2,2,Animation,4,4.99,21.99,Raul Fortier
8214,2005-07-28 23:37:57,352,509,2005-08-07 00:29:57,2,78,1,2,Animation,7,2.99,12.99,Raul Fortier
8240,2005-07-29 00:33:32,1975,509,2005-08-05 21:25:32,2,430,2,2,Animation,7,0.99,23.99,Raul Fortier
4832,2005-07-08 18:07:05,1838,509,2005-07-10 19:37:05,2,399,2,9,Foreign,6,2.99,23.99,Raul Fortier
1267,2005-06-15 07:21:21,4246,509,2005-06-17 08:12:21,2,923,2,7,Drama,7,2.99,12.99,Raul Fortier
2919,2005-06-20 04:10:16,2835,509,2005-06-27 06:34:16,1,621,2,8,Family,5,2.99,23.99,Raul Fortier
8114,2005-07-28 19:14:06,815,509,2005-08-05 13:16:06,1,177,2,14,Sci-Fi,4,4.99,20.99,Raul Fortier
6591,2005-07-12 07:13:46,2846,509,2005-07-16 05:15:46,2,624,2,10,Games,3,4.99,25.99,Raul Fortier
4266,2005-07-07 14:34:50,1578,509,2005-07-08 09:23:50,2,346,2,4,Classics,4,4.99,13.99,Raul Fortier
5008,2005-07-09 01:31:42,824,509,2005-07-11 22:34:42,2,180,2,4,Classics,4,2.99,27.99,Raul Fortier
254,2005-05-26 14:43:48,1835,390,2005-05-31 09:19:48,2,398,2,12,Music,5,4.99,21.99,Shawn Heaton
9251,2005-07-30 14:19:25,2948,390,2005-08-08 11:22:25,2,647,1,12,Music,4,0.99,18.99,Shawn Heaton
3147,2005-06-20 20:25:17,615,390,2005-06-28 20:22:17,2,133,2,12,Music,7,4.99,14.99,Shawn Heaton
1893,2005-06-17 04:18:37,3346,390,2005-06-23 23:35:37,2,735,2,3,Children,7,2.99,26.99,Shawn Heaton
1539,2005-06-16 01:11:25,267,390,2005-06-23 03:43:25,2,59,2,3,Children,4,2.99,20.99,Shawn Heaton
4022,2005-07-07 01:50:06,3914,390,2005-07-09 21:47:06,2,854,2,11,Horror,4,4.99,22.99,Shawn Heaton
4968,2005-07-08 23:49:19,3204,390,2005-07-14 02:46:19,1,704,2,5,Comedy,3,2.99,25.99,Shawn Heaton
7595,2005-07-27 23:32:23,4313,390,2005-08-03 05:28:23,1,939,2,5,Comedy,4,2.99,17.99,Shawn Heaton
3999,2005-07-06 23:50:54,707,390,2005-07-09 22:09:54,1,154,2,2,Animation,6,2.99,12.99,Shawn Heaton
912,2005-05-30 10:58:33,3200,390,2005-05-31 09:31:33,2,703,2,2,Animation,6,4.99,18.99,Shawn Heaton
8493,2005-07-29 09:04:31,664,390,2005-08-04 05:17:31,2,143,2,7,Drama,6,0.99,17.99,Shawn Heaton
10061,2005-07-31 19:23:25,1401,390,2005-08-04 19:38:25,1,307,1,16,Travel,6,4.99,9.99,Shawn Heaton
9314,2005-07-30 17:05:19,2358,390,2005-07-31 12:19:19,1,513,2,16,Travel,6,2.99,21.99,Shawn Heaton
7515,2005-07-27 20:52:37,1211,390,2005-08-02 20:17:37,2,269,2,8,Family,3,0.99,22.99,Shawn Heaton
6215,2005-07-11 12:52:36,316,390,2005-07-12 08:33:36,1,71,2,8,Family,3,4.99,25.99,Shawn Heaton
6430,2005-07-12 00:03:34,178,390,2005-07-15 03:11:34,1,39,2,14,Sci-Fi,5,0.99,10.99,Shawn Heaton
4191,2005-07-07 10:56:14,2475,390,2005-07-11 09:56:14,1,542,1,1,Action,3,2.99,28.99,Shawn Heaton
9825,2005-07-31 11:50:51,4322,390,2005-08-02 07:18:51,1,941,2,10,Games,4,4.99,10.99,Shawn Heaton
1730,2005-06-16 15:30:01,1372,390,2005-06-19 12:56:01,1,302,1,10,Games,5,2.99,29.99,Shawn Heaton
4310,2005-07-07 17:30:56,3842,390,2005-07-12 13:19:56,2,841,2,15,Sports,5,2.99,9.99,Shawn Heaton
2330,2005-06-18 10:41:19,4285,390,2005-06-25 10:48:19,1,933,1,13,New,4,4.99,11.99,Shawn Heaton
3491,2005-07-05 23:41:08,1835,421,2005-07-13 21:53:08,1,398,2,12,Music,5,4.99,21.99,Lee Hawks
8268,2005-07-29 01:23:23,4239,421,2005-08-05 01:36:23,1,922,1,11,Horror,7,4.99,22.99,Lee Hawks
3988,2005-07-06 23:30:42,2981,421,2005-07-13 03:06:42,2,653,1,11,Horror,3,4.99,15.99,Lee Hawks
9377,2005-07-30 19:12:18,4164,421,2005-08-05 19:38:18,1,905,1,5,Comedy,7,4.99,10.99,Lee Hawks
10200,2005-08-01 00:39:05,580,421,2005-08-05 01:07:05,1,127,1,5,Comedy,5,4.99,14.99,Lee Hawks
931,2005-05-30 12:53:01,3384,421,2005-05-31 14:28:01,1,743,2,2,Animation,7,0.99,27.99,Lee Hawks
8025,2005-07-28 16:03:27,2932,421,2005-08-03 21:58:27,2,644,2,2,Animation,7,2.99,29.99,Lee Hawks
1693,2005-06-16 12:39:51,2386,421,2005-06-19 16:19:51,2,521,1,7,Drama,7,4.99,28.99,Lee Hawks
8725,2005-07-29 18:08:42,2385,421,2005-08-04 16:01:42,2,521,1,7,Drama,7,4.99,28.99,Lee Hawks
507,2005-05-28 02:31:19,3621,421,2005-06-02 05:07:19,2,790,2,7,Drama,6,0.99,22.99,Lee Hawks
11089,2005-08-02 07:52:20,825,421,2005-08-07 07:24:20,1,181,1,16,Travel,7,2.99,10.99,Lee Hawks
3170,2005-06-20 22:02:54,1306,421,2005-06-29 00:41:54,2,288,2,16,Travel,7,2.99,20.99,Lee Hawks
7449,2005-07-27 18:17:41,2084,421,2005-08-01 18:52:41,1,451,2,16,Travel,7,4.99,12.99,Lee Hawks
6960,2005-07-27 00:08:33,192,421,2005-08-03 20:58:33,2,43,2,8,Family,6,2.99,15.99,Lee Hawks
6220,2005-07-11 13:22:06,1717,421,2005-07-12 17:46:06,2,374,2,14,Sci-Fi,3,0.99,29.99,Lee Hawks
3703,2005-07-06 10:15:26,4276,421,2005-07-13 13:00:26,1,930,2,14,Sci-Fi,4,2.99,23.99,Lee Hawks
2407,2005-06-18 16:50:41,2547,421,2005-06-24 15:29:41,2,559,1,14,Sci-Fi,7,2.99,22.99,Lee Hawks
4456,2005-07-07 23:45:21,3395,421,2005-07-13 23:03:21,2,745,1,15,Sports,5,4.99,23.99,Lee Hawks
9875,2005-07-31 13:37:41,2878,421,2005-08-03 15:17:41,2,631,1,15,Sports,4,0.99,11.99,Lee Hawks
8865,2005-07-29 23:54:54,1835,305,2005-07-31 05:10:54,2,398,2,12,Music,5,4.99,21.99,Richard Mccrary
1884,2005-06-17 03:19:20,4567,305,2005-06-21 00:19:20,1,998,2,11,Horror,6,0.99,10.99,Richard Mccrary
1574,2005-06-16 03:39:56,161,305,2005-06-22 05:40:56,2,35,1,11,Horror,4,2.99,24.99,Richard Mccrary
5745,2005-07-10 12:10:11,41,305,2005-07-19 06:56:11,1,9,1,11,Horror,3,2.99,21.99,Richard Mccrary
6619,2005-07-12 08:50:48,4062,305,2005-07-14 11:54:48,1,885,1,11,Horror,7,0.99,22.99,Richard Mccrary
5052,2005-07-09 03:59:43,1884,305,2005-07-12 05:48:43,1,410,2,5,Comedy,7,2.99,19.99,Richard Mccrary
4260,2005-07-07 14:22:45,4575,305,2005-07-08 15:10:45,2,1000,1,5,Comedy,3,4.99,18.99,Richard Mccrary
69,2005-05-25 10:10:14,3207,305,2005-05-27 14:02:14,2,705,1,9,Foreign,4,2.99,9.99,Richard Mccrary
5041,2005-07-09 03:18:51,2711,305,2005-07-13 03:08:51,1,595,2,9,Foreign,7,0.99,20.99,Richard Mccrary
3387,2005-06-21 14:21:49,2709,305,2005-06-24 16:46:49,2,595,1,9,Foreign,7,0.99,20.99,Richard Mccrary
9119,2005-07-30 09:25:56,275,305,2005-08-03 03:36:56,1,61,1,7,Drama,5,4.99,28.99,Richard Mccrary
11035,2005-08-02 05:55:39,3776,305,2005-08-08 06:46:39,2,827,1,7,Drama,5,4.99,22.99,Richard Mccrary
2166,2005-06-17 23:51:21,4343,305,2005-06-27 01:06:21,2,946,2,8,Family,3,4.99,14.99,Richard Mccrary
5582,2005-07-10 04:08:25,3341,305,2005-07-13 06:04:25,1,734,2,6,Documentary,4,4.99,12.99,Richard Mccrary
6134,2005-07-11 08:28:19,3225,305,2005-07-18 09:20:19,2,708,2,6,Documentary,4,4.99,19.99,Richard Mccrary
10929,2005-08-02 02:35:44,913,305,2005-08-05 03:52:44,1,203,2,14,Sci-Fi,5,4.99,9.99,Richard Mccrary
10981,2005-08-02 04:17:53,3699,305,2005-08-09 03:45:53,2,809,2,15,Sports,5,0.99,14.99,Richard Mccrary
10426,2005-08-01 08:26:08,1325,305,2005-08-09 04:09:08,1,293,1,15,Sports,6,2.99,17.99,Richard Mccrary
4638,2005-07-08 08:57:20,2240,305,2005-07-10 05:08:20,2,484,2,4,Classics,3,2.99,13.99,Richard Mccrary
584,2005-05-28 11:49:00,1833,69,2005-06-01 11:54:00,1,398,2,12,Music,5,4.99,21.99,Judy Gray
3358,2005-06-21 11:56:40,1772,69,2005-06-26 08:28:40,2,384,2,12,Music,5,4.99,19.99,Judy Gray
1549,2005-06-16 01:57:15,266,69,2005-06-18 23:30:15,1,59,1,3,Children,4,2.99,20.99,Judy Gray
8649,2005-07-29 14:57:33,789,69,2005-08-07 09:43:33,2,172,2,7,Drama,7,4.99,12.99,Judy Gray
6297,2005-07-11 17:37:22,2738,69,2005-07-19 13:54:22,2,601,1,16,Travel,4,0.99,20.99,Judy Gray
5569,2005-07-10 03:38:32,2835,69,2005-07-16 00:02:32,2,621,2,8,Family,5,2.99,23.99,Judy Gray
3883,2005-07-06 18:39:38,3238,69,2005-07-14 15:59:38,2,710,2,8,Family,4,4.99,18.99,Judy Gray
4265,2005-07-07 14:27:51,1685,69,2005-07-12 19:55:51,2,367,2,14,Sci-Fi,6,0.99,20.99,Judy Gray
765,2005-05-29 11:38:34,515,69,2005-06-02 17:04:34,1,114,1,14,Sci-Fi,3,0.99,26.99,Judy Gray
6385,2005-07-11 22:07:32,1830,69,2005-07-20 16:57:32,1,397,2,14,Sci-Fi,5,2.99,26.99,Judy Gray
6785,2005-07-12 16:30:57,4448,69,2005-07-18 20:46:57,1,972,2,14,Sci-Fi,4,4.99,24.99,Judy Gray
10074,2005-07-31 19:57:16,1268,69,2005-08-04 00:54:16,1,281,2,10,Games,6,0.99,9.99,Judy Gray
9612,2005-07-31 03:58:31,2142,69,2005-08-04 07:34:31,2,463,2,15,Sports,4,2.99,21.99,Judy Gray
9193,2005-07-30 12:28:42,3470,69,2005-08-02 12:17:42,2,760,2,13,New,5,2.99,21.99,Judy Gray
4427,2005-07-07 22:28:51,1021,69,2005-07-11 21:37:51,2,228,2,4,Classics,4,0.99,16.99,Judy Gray
2468,2005-06-18 20:23:52,1833,382,2005-06-23 14:34:52,1,398,2,12,Music,5,4.99,21.99,Victor Barkley
2489,2005-06-18 22:00:44,4012,382,2005-06-22 02:06:44,2,873,2,3,Children,3,0.99,13.99,Victor Barkley
522,2005-05-28 03:33:20,3195,382,2005-05-31 04:23:20,1,702,1,11,Horror,4,2.99,12.99,Victor Barkley
3480,2005-07-05 23:11:43,1488,382,2005-07-12 02:01:43,2,326,2,2,Animation,6,2.99,18.99,Victor Barkley
2389,2005-06-18 15:27:47,731,382,2005-06-21 12:26:47,1,160,1,2,Animation,4,0.99,12.99,Victor Barkley
5816,2005-07-10 15:48:47,1746,382,2005-07-13 11:51:47,2,379,2,7,Drama,7,0.99,14.99,Victor Barkley
8871,2005-07-30 00:12:41,4535,382,2005-08-08 03:53:41,1,989,2,16,Travel,4,4.99,22.99,Victor Barkley
4351,2005-07-07 19:04:24,3567,382,2005-07-14 00:03:24,2,780,2,8,Family,7,4.99,15.99,Victor Barkley
9067,2005-07-30 07:31:01,3628,382,2005-08-04 11:44:01,2,791,2,6,Documentary,3,4.99,24.99,Victor Barkley
8993,2005-07-30 04:51:25,1891,382,2005-08-01 01:04:25,1,412,1,6,Documentary,6,4.99,25.99,Victor Barkley
9555,2005-07-31 02:11:16,2108,382,2005-08-03 06:58:16,2,457,2,6,Documentary,5,0.99,21.99,Victor Barkley
7625,2005-07-28 00:47:56,3129,382,2005-08-02 23:34:56,1,687,2,6,Documentary,6,0.99,15.99,Victor Barkley
10327,2005-08-01 04:55:35,328,382,2005-08-07 08:17:35,2,73,1,14,Sci-Fi,5,2.99,22.99,Victor Barkley
356,2005-05-27 06:32:30,2868,382,2005-05-30 06:24:30,2,628,2,15,Sports,5,2.99,24.99,Victor Barkley
2514,2005-06-18 23:56:44,2559,382,2005-06-23 21:10:44,1,561,1,13,New,6,2.99,26.99,Victor Barkley
8777,2005-07-29 20:10:21,2462,382,2005-07-30 20:32:21,2,538,2,13,New,7,0.99,19.99,Victor Barkley
5004,2005-07-09 01:20:50,2637,382,2005-07-09 19:56:50,1,578,2,4,Classics,4,4.99,16.99,Victor Barkley
3125,2005-06-20 18:31:58,3293,382,2005-06-21 15:03:58,1,725,1,4,Classics,6,4.99,25.99,Victor Barkley
6616,2005-07-12 08:37:30,1833,179,2005-07-20 10:33:30,1,398,2,12,Music,5,4.99,21.99,Dana Hart
502,2005-05-28 01:34:43,3131,179,2005-05-31 01:02:43,2,688,2,3,Children,6,0.99,12.99,Dana Hart
759,2005-05-29 10:57:57,2367,179,2005-06-07 16:23:57,2,515,2,3,Children,7,4.99,14.99,Dana Hart
10156,2005-07-31 22:36:00,141,179,2005-08-02 00:03:00,2,28,1,5,Comedy,5,4.99,16.99,Dana Hart
10385,2005-08-01 06:39:55,778,179,2005-08-06 02:16:55,1,170,1,9,Foreign,5,4.99,28.99,Dana Hart
7054,2005-07-27 03:43:28,2661,179,2005-08-04 09:15:28,1,584,1,9,Foreign,6,2.99,26.99,Dana Hart
3844,2005-07-06 16:37:58,2814,179,2005-07-09 19:54:58,2,618,2,7,Drama,3,0.99,21.99,Dana Hart
1046,2005-05-31 06:42:30,468,179,2005-06-03 04:33:30,2,103,1,16,Travel,7,4.99,27.99,Dana Hart
1286,2005-06-15 08:41:13,774,179,2005-06-23 13:13:13,2,169,1,16,Travel,3,2.99,19.99,Dana Hart
9893,2005-07-31 14:07:21,2445,179,2005-08-01 09:20:21,2,534,1,8,Family,5,0.99,18.99,Dana Hart
7028,2005-07-27 02:54:25,834,179,2005-08-02 06:16:25,2,183,1,8,Family,4,4.99,14.99,Dana Hart
9491,2005-07-30 23:45:23,3624,179,2005-08-01 00:33:23,2,791,1,6,Documentary,3,4.99,24.99,Dana Hart
6806,2005-07-12 17:31:43,656,179,2005-07-17 14:36:43,1,142,1,6,Documentary,3,0.99,24.99,Dana Hart
6071,2005-07-11 04:50:03,889,179,2005-07-19 23:52:03,1,199,1,6,Documentary,4,2.99,29.99,Dana Hart
10569,2005-08-01 13:18:23,611,179,2005-08-10 13:33:23,1,132,2,14,Sci-Fi,6,0.99,25.99,Dana Hart
7609,2005-07-28 00:11:00,3655,179,2005-07-31 03:04:00,1,798,1,14,Sci-Fi,4,4.99,11.99,Dana Hart
8731,2005-07-29 18:23:57,2638,179,2005-08-05 19:38:57,1,579,1,1,Action,3,4.99,22.99,Dana Hart
2613,2005-06-19 07:25:50,3830,179,2005-06-21 03:04:50,1,838,2,1,Action,5,4.99,25.99,Dana Hart
4618,2005-07-08 08:00:20,3691,179,2005-07-14 05:59:20,1,807,1,10,Games,4,0.99,25.99,Dana Hart
3671,2005-07-06 09:01:29,2821,179,2005-07-15 08:08:29,1,619,2,15,Sports,3,0.99,20.99,Dana Hart
8573,2005-07-29 11:51:25,1637,179,2005-08-07 08:53:25,1,357,2,4,Classics,7,0.99,13.99,Dana Hart
7621,2005-07-28 00:34:06,1833,88,2005-08-06 00:13:06,1,398,2,12,Music,5,4.99,21.99,Bonnie Hughes
3620,2005-07-06 06:01:50,1661,88,2005-07-08 05:04:50,1,363,1,12,Music,3,0.99,12.99,Bonnie Hughes
2483,2005-06-18 21:22:23,4225,88,2005-06-25 01:14:23,1,918,2,3,Children,4,4.99,23.99,Bonnie Hughes
8692,2005-07-29 16:43:39,3192,88,2005-08-01 15:54:39,2,702,1,11,Horror,4,2.99,12.99,Bonnie Hughes
1433,2005-06-15 18:30:00,2310,88,2005-06-16 15:14:00,1,502,1,5,Comedy,4,2.99,21.99,Bonnie Hughes
3524,2005-07-06 01:01:51,1626,88,2005-07-11 19:52:51,2,355,2,2,Animation,7,0.99,18.99,Bonnie Hughes
3673,2005-07-06 09:02:09,1837,88,2005-07-15 06:45:09,2,399,2,9,Foreign,6,2.99,23.99,Bonnie Hughes
36,2005-05-25 04:36:26,1308,88,2005-05-29 00:31:26,1,288,2,16,Travel,7,2.99,20.99,Bonnie Hughes
11056,2005-08-02 06:36:27,1404,88,2005-08-10 06:02:27,1,307,2,16,Travel,6,4.99,9.99,Bonnie Hughes
8526,2005-07-29 10:20:48,575,88,2005-08-03 14:15:48,1,125,2,16,Travel,5,2.99,19.99,Bonnie Hughes
8296,2005-07-29 02:43:25,2543,88,2005-08-01 00:23:25,1,557,2,8,Family,5,2.99,27.99,Bonnie Hughes
7088,2005-07-27 04:42:28,373,88,2005-08-04 07:09:28,2,82,1,8,Family,3,0.99,13.99,Bonnie Hughes
3846,2005-07-06 16:43:10,2829,88,2005-07-14 11:09:10,2,621,1,8,Family,5,2.99,23.99,Bonnie Hughes
6643,2005-07-12 10:39:22,174,88,2005-07-18 13:52:22,1,39,1,14,Sci-Fi,5,0.99,10.99,Bonnie Hughes
10424,2005-08-01 08:22:54,1921,88,2005-08-06 13:44:54,1,417,2,1,Action,5,0.99,29.99,Bonnie Hughes
6916,2005-07-12 22:29:18,3311,88,2005-07-19 16:46:18,1,729,2,15,Sports,5,2.99,28.99,Bonnie Hughes
2878,2005-06-20 01:09:14,4120,88,2005-06-21 21:40:14,2,895,2,4,Classics,3,2.99,21.99,Bonnie Hughes
1475,2005-06-15 21:08:01,1834,344,2005-06-18 22:33:01,2,398,2,12,Music,5,4.99,21.99,Henry Billingsley
8561,2005-07-29 11:29:12,2207,344,2005-08-05 09:17:12,1,477,2,12,Music,5,0.99,15.99,Henry Billingsley
6363,2005-07-11 21:13:19,4167,344,2005-07-20 15:44:19,1,906,1,5,Comedy,4,0.99,27.99,Henry Billingsley
1341,2005-06-15 12:26:18,3363,344,2005-06-21 07:26:18,2,738,1,9,Foreign,3,0.99,27.99,Henry Billingsley
7480,2005-07-27 19:19:53,452,344,2005-08-02 01:01:53,1,100,1,9,Foreign,7,4.99,21.99,Henry Billingsley
4347,2005-07-07 18:58:57,1964,344,2005-07-14 16:35:57,2,428,2,8,Family,6,2.99,21.99,Henry Billingsley
9788,2005-07-31 10:28:21,4367,344,2005-08-09 13:45:21,1,952,1,6,Documentary,7,2.99,17.99,Henry Billingsley
157,2005-05-26 01:25:21,887,344,2005-05-26 21:17:21,2,197,1,15,Sports,4,2.99,27.99,Henry Billingsley
1731,2005-06-16 15:32:12,3698,344,2005-06-19 18:58:12,2,809,2,15,Sports,5,0.99,14.99,Henry Billingsley
4028,2005-07-07 02:19:14,1651,344,2005-07-15 08:09:14,2,361,1,15,Sports,5,2.99,25.99,Henry Billingsley
813,2005-05-29 20:14:34,4554,344,2005-06-05 20:56:34,1,994,1,13,New,6,4.99,29.99,Henry Billingsley
6985,2005-07-27 00:57:42,1834,448,2005-07-31 00:53:42,1,398,2,12,Music,5,4.99,21.99,Miguel Betancourt
2697,2005-06-19 13:29:08,2271,448,2005-06-23 13:21:08,1,491,1,3,Children,4,0.99,18.99,Miguel Betancourt
3959,2005-07-06 22:07:58,40,448,2005-07-13 02:30:58,1,8,2,11,Horror,6,4.99,15.99,Miguel Betancourt
9178,2005-07-30 11:58:50,2046,448,2005-08-08 15:24:50,2,444,2,5,Comedy,3,4.99,22.99,Miguel Betancourt
3347,2005-06-21 11:08:32,4330,448,2005-06-28 09:59:32,1,944,2,7,Drama,6,4.99,29.99,Miguel Betancourt
3225,2005-06-21 02:16:55,1003,448,2005-06-27 05:39:55,2,225,1,7,Drama,3,0.99,19.99,Miguel Betancourt
4558,2005-07-08 04:55:26,828,448,2005-07-09 10:53:26,2,181,2,16,Travel,7,2.99,10.99,Miguel Betancourt
4537,2005-07-08 03:48:40,1305,448,2005-07-13 22:54:40,2,288,1,16,Travel,7,2.99,20.99,Miguel Betancourt
6341,2005-07-11 19:48:02,3580,448,2005-07-15 01:31:02,1,783,1,16,Travel,5,2.99,22.99,Miguel Betancourt
4024,2005-07-07 02:11:23,3976,448,2005-07-11 02:00:23,1,866,2,8,Family,6,0.99,28.99,Miguel Betancourt
4406,2005-07-07 21:35:16,438,448,2005-07-15 16:13:16,2,97,1,1,Action,7,0.99,24.99,Miguel Betancourt
1123,2005-05-31 16:48:43,142,448,2005-06-02 19:17:43,2,29,1,1,Action,5,2.99,11.99,Miguel Betancourt
3992,2005-07-06 23:36:56,3219,448,2005-07-15 03:13:56,1,707,2,1,Action,5,2.99,29.99,Miguel Betancourt
299,2005-05-26 20:55:36,4376,448,2005-05-28 00:25:36,2,956,1,10,Games,7,4.99,23.99,Miguel Betancourt
1313,2005-06-15 10:18:34,1657,448,2005-06-23 06:25:34,1,361,2,15,Sports,5,2.99,25.99,Miguel Betancourt
1823,2005-06-16 21:48:16,3871,448,2005-06-22 03:09:16,1,846,2,13,New,3,4.99,9.99,Miguel Betancourt
4206,2005-07-07 11:32:16,1557,448,2005-07-14 13:07:16,2,341,2,4,Classics,5,0.99,13.99,Miguel Betancourt
2528,2005-06-19 01:14:12,1836,331,2005-06-26 05:08:12,2,398,2,12,Music,5,4.99,21.99,Eric Robert
4326,2005-07-07 18:01:22,4037,331,2005-07-16 15:45:22,1,879,2,12,Music,3,4.99,20.99,Eric Robert
996,2005-05-31 00:06:20,2075,331,2005-05-31 21:29:20,2,450,1,3,Children,5,2.99,29.99,Eric Robert
1415,2005-06-15 17:31:57,1885,331,2005-06-16 22:22:57,2,410,2,5,Comedy,7,2.99,19.99,Eric Robert
8231,2005-07-29 00:14:37,1083,331,2005-07-31 19:12:37,1,241,1,2,Animation,4,0.99,20.99,Eric Robert
11052,2005-08-02 06:26:19,1089,331,2005-08-06 04:20:19,2,243,1,2,Animation,3,4.99,22.99,Eric Robert
3613,2005-07-06 05:45:53,3776,331,2005-07-07 10:02:53,1,827,1,7,Drama,5,4.99,22.99,Eric Robert
3871,2005-07-06 17:58:51,3114,331,2005-07-15 22:18:51,2,683,2,7,Drama,5,4.99,19.99,Eric Robert
2587,2005-06-19 05:06:14,2188,331,2005-06-24 10:50:14,2,473,1,7,Drama,5,2.99,16.99,Eric Robert
5152,2005-07-09 08:34:44,4005,331,2005-07-10 05:26:44,1,872,2,16,Travel,3,2.99,27.99,Eric Robert
87,2005-05-25 13:52:43,1586,331,2005-05-29 11:12:43,2,348,2,8,Family,7,0.99,9.99,Eric Robert
5885,2005-07-10 19:33:50,3129,331,2005-07-17 00:26:50,2,687,2,6,Documentary,6,0.99,15.99,Eric Robert
5947,2005-07-10 23:07:42,327,331,2005-07-18 23:13:42,1,73,1,14,Sci-Fi,5,2.99,22.99,Eric Robert
4063,2005-07-07 04:23:57,1452,331,2005-07-14 23:35:57,2,319,1,14,Sci-Fi,4,2.99,22.99,Eric Robert
10188,2005-08-01 00:19:41,1221,331,2005-08-08 00:19:41,2,271,1,1,Action,5,4.99,12.99,Eric Robert
9401,2005-07-30 20:18:19,2057,331,2005-08-07 15:46:19,1,447,1,10,Games,5,2.99,28.99,Eric Robert
4051,2005-07-07 03:37:28,2715,331,2005-07-09 01:40:28,1,596,1,10,Games,4,4.99,25.99,Eric Robert
3505,2005-07-06 00:19:32,2630,331,2005-07-14 20:14:32,2,577,1,15,Sports,4,0.99,10.99,Eric Robert
8995,2005-07-30 04:53:11,3575,331,2005-08-07 00:24:11,1,782,2,15,Sports,6,2.99,26.99,Eric Robert
4872,2005-07-08 19:23:16,1836,103,2005-07-10 14:17:16,2,398,2,12,Music,5,4.99,21.99,Gladys Hamilton
2118,2005-06-17 20:28:29,1261,103,2005-06-23 22:47:29,1,280,1,3,Children,7,0.99,26.99,Gladys Hamilton
3850,2005-07-06 16:51:21,1700,103,2005-07-12 13:58:21,1,370,1,3,Children,4,2.99,26.99,Gladys Hamilton
240,2005-05-26 12:40:23,3420,103,2005-06-04 07:22:23,1,749,1,11,Horror,6,4.99,19.99,Gladys Hamilton
6525,2005-07-12 04:17:15,1408,103,2005-07-18 23:11:15,1,308,2,5,Comedy,3,2.99,13.99,Gladys Hamilton
5163,2005-07-09 09:00:28,1486,103,2005-07-17 08:07:28,2,326,1,2,Animation,6,2.99,18.99,Gladys Hamilton
6949,2005-07-26 23:44:12,1594,103,2005-07-30 05:39:12,2,349,2,2,Animation,4,2.99,27.99,Gladys Hamilton
4213,2005-07-07 11:53:49,705,103,2005-07-13 07:51:49,1,154,2,2,Animation,6,2.99,12.99,Gladys Hamilton
8302,2005-07-29 03:01:24,1314,103,2005-07-30 01:08:24,2,290,1,9,Foreign,4,0.99,29.99,Gladys Hamilton
6697,2005-07-12 12:44:57,210,103,2005-07-19 13:02:57,1,47,2,9,Foreign,5,4.99,23.99,Gladys Hamilton
2724,2005-06-19 14:57:54,3879,103,2005-06-22 16:31:54,2,848,1,16,Travel,3,0.99,19.99,Gladys Hamilton
2197,2005-06-18 01:50:27,3350,103,2005-06-19 01:31:27,2,736,1,8,Family,4,0.99,21.99,Gladys Hamilton
3750,2005-07-06 12:19:28,2422,103,2005-07-14 13:16:28,2,528,1,8,Family,4,2.99,25.99,Gladys Hamilton
7472,2005-07-27 19:04:19,1535,103,2005-08-03 00:08:19,2,336,1,6,Documentary,5,4.99,22.99,Gladys Hamilton
658,2005-05-28 20:23:23,3226,103,2005-06-06 19:31:23,2,708,2,6,Documentary,4,4.99,19.99,Gladys Hamilton
7310,2005-07-27 13:00:55,3711,103,2005-07-28 17:54:55,1,812,1,6,Documentary,7,0.99,13.99,Gladys Hamilton
9390,2005-07-30 19:42:07,1794,103,2005-08-01 23:17:07,1,390,1,14,Sci-Fi,4,4.99,20.99,Gladys Hamilton
4357,2005-07-07 19:24:39,3413,103,2005-07-12 00:11:39,1,748,1,1,Action,4,0.99,16.99,Gladys Hamilton
4040,2005-07-07 03:02:40,3046,103,2005-07-16 06:05:40,2,668,2,15,Sports,7,4.99,25.99,Gladys Hamilton
8520,2005-07-29 10:10:02,2440,103,2005-08-02 05:25:02,2,532,2,15,Sports,5,4.99,28.99,Gladys Hamilton
1396,2005-06-15 16:22:38,1007,103,2005-06-17 15:53:38,2,226,1,13,New,4,4.99,20.99,Gladys Hamilton
7983,2005-07-28 14:23:01,1836,115,2005-07-29 11:51:01,1,398,2,12,Music,5,4.99,21.99,Wendy Harrison
983,2005-05-30 22:15:51,63,115,2005-06-02 22:56:51,1,12,2,12,Music,6,0.99,22.99,Wendy Harrison
10919,2005-08-02 02:11:03,868,115,2005-08-04 01:49:03,1,191,1,3,Children,6,0.99,27.99,Wendy Harrison
7355,2005-07-27 14:45:59,3803,115,2005-08-02 17:23:59,2,833,1,3,Children,5,0.99,20.99,Wendy Harrison
10475,2005-08-01 10:03:17,2931,115,2005-08-10 15:50:17,2,644,2,2,Animation,7,2.99,29.99,Wendy Harrison
10022,2005-07-31 18:25:30,1900,115,2005-08-04 13:35:30,1,414,1,9,Foreign,3,2.99,23.99,Wendy Harrison
3289,2005-06-21 06:41:48,2248,115,2005-06-30 00:54:48,1,486,1,9,Foreign,7,4.99,14.99,Wendy Harrison
10647,2005-08-01 16:08:46,3137,115,2005-08-06 20:37:46,2,689,1,9,Foreign,5,2.99,14.99,Wendy Harrison
5245,2005-07-09 13:24:14,3547,115,2005-07-12 11:16:14,1,775,2,7,Drama,4,4.99,18.99,Wendy Harrison
6798,2005-07-12 16:49:11,275,115,2005-07-19 12:11:11,2,61,1,7,Drama,5,4.99,28.99,Wendy Harrison
6373,2005-07-11 21:35:20,1042,115,2005-07-13 23:22:20,2,233,1,16,Travel,3,0.99,17.99,Wendy Harrison
4780,2005-07-08 16:06:51,2740,115,2005-07-13 18:34:51,1,601,1,16,Travel,4,0.99,20.99,Wendy Harrison
9578,2005-07-31 02:54:31,2965,115,2005-08-02 02:48:31,1,650,1,6,Documentary,3,0.99,27.99,Wendy Harrison
6080,2005-07-11 05:08:11,2682,115,2005-07-16 09:54:11,2,589,2,6,Documentary,3,0.99,20.99,Wendy Harrison
1361,2005-06-15 13:37:38,4338,115,2005-06-19 17:08:38,1,945,2,6,Documentary,5,0.99,22.99,Wendy Harrison
1515,2005-06-15 23:07:50,3244,115,2005-06-20 02:33:50,2,714,2,14,Sci-Fi,6,2.99,29.99,Wendy Harrison
3624,2005-07-06 06:06:27,1778,115,2005-07-13 08:30:27,2,387,1,10,Games,7,0.99,27.99,Wendy Harrison
915,2005-05-30 11:20:27,1859,115,2005-06-02 11:55:27,1,406,1,10,Games,5,0.99,22.99,Wendy Harrison
3544,2005-07-06 02:06:32,3098,115,2005-07-09 04:35:32,2,681,1,15,Sports,4,0.99,20.99,Wendy Harrison
8594,2005-07-29 12:42:13,4155,115,2005-08-02 07:38:13,1,902,1,15,Sports,6,4.99,22.99,Wendy Harrison
6574,2005-07-12 06:04:22,621,115,2005-07-18 03:19:22,2,135,1,15,Sports,3,2.99,22.99,Wendy Harrison
1102,2005-05-31 14:20:29,2052,115,2005-06-04 17:38:29,2,445,2,4,Classics,5,2.99,11.99,Wendy Harrison
6113,2005-07-11 07:31:08,4437,115,2005-07-20 11:01:08,2,970,2,4,Classics,7,0.99,11.99,Wendy Harrison
7465,2005-07-27 18:50:30,2357,115,2005-07-30 20:55:30,1,512,2,4,Classics,5,4.99,25.99,Wendy Harrison
269,2005-05-26 16:19:46,3501,322,2005-05-27 15:59:46,2,767,1,12,Music,6,4.99,13.99,Jason Morrissey
2481,2005-06-18 21:08:30,800,322,2005-06-23 02:35:30,2,174,2,12,Music,6,4.99,13.99,Jason Morrissey
6709,2005-07-12 13:20:41,4049,322,2005-07-16 10:37:41,2,881,2,11,Horror,5,4.99,13.99,Jason Morrissey
3627,2005-07-06 06:19:25,1087,322,2005-07-11 05:53:25,1,242,2,5,Comedy,4,0.99,13.99,Jason Morrissey
3478,2005-07-05 23:05:44,2528,322,2005-07-07 00:14:44,2,555,2,5,Comedy,4,0.99,25.99,Jason Morrissey
8142,2005-07-28 20:21:54,1075,322,2005-07-31 18:39:54,2,239,2,2,Animation,5,4.99,16.99,Jason Morrissey
9115,2005-07-30 09:13:55,3750,322,2005-08-04 04:02:55,2,820,1,2,Animation,3,2.99,11.99,Jason Morrissey
9104,2005-07-30 08:49:55,3372,322,2005-08-06 12:23:55,1,739,2,7,Drama,4,4.99,17.99,Jason Morrissey
6673,2005-07-12 11:50:56,1997,322,2005-07-13 14:27:56,1,434,2,16,Travel,3,0.99,25.99,Jason Morrissey
1386,2005-06-15 15:38:58,1296,322,2005-06-20 16:28:58,2,286,1,16,Travel,7,2.99,16.99,Jason Morrissey
1588,2005-06-16 04:53:21,4472,322,2005-06-25 07:29:21,2,977,2,16,Travel,3,2.99,25.99,Jason Morrissey
3646,2005-07-06 07:28:59,3591,322,2005-07-11 05:19:59,1,785,1,16,Travel,6,4.99,20.99,Jason Morrissey
3413,2005-06-21 16:57:07,666,322,2005-06-30 12:03:07,2,145,2,8,Family,5,4.99,25.99,Jason Morrissey
2554,2005-06-19 03:05:38,3916,322,2005-06-25 23:03:38,1,855,1,6,Documentary,7,0.99,28.99,Jason Morrissey
2983,2005-06-20 08:41:42,1349,322,2005-06-29 04:02:42,2,298,1,14,Sci-Fi,4,2.99,13.99,Jason Morrissey
6511,2005-07-12 03:39:29,1350,322,2005-07-17 01:01:29,2,298,1,14,Sci-Fi,4,2.99,13.99,Jason Morrissey
166,2005-05-26 02:49:11,3894,322,2005-05-31 01:28:11,1,850,2,1,Action,7,0.99,27.99,Jason Morrissey
9252,2005-07-30 14:19:59,2350,322,2005-08-07 15:17:59,1,511,2,1,Action,7,0.99,23.99,Jason Morrissey
7091,2005-07-27 04:44:10,2593,322,2005-07-31 07:14:10,1,570,1,15,Sports,5,4.99,20.99,Jason Morrissey
3054,2005-06-20 13:16:41,2817,322,2005-06-28 13:45:41,2,619,1,15,Sports,3,0.99,20.99,Jason Morrissey
6033,2005-07-11 02:59:34,2819,322,2005-07-16 03:48:34,2,619,2,15,Sports,3,0.99,20.99,Jason Morrissey
1709,2005-06-16 14:10:15,3501,426,2005-06-24 16:38:15,2,767,1,12,Music,6,4.99,13.99,Bradley Motley
5725,2005-07-10 11:21:21,4293,426,2005-07-14 05:34:21,2,936,1,12,Music,3,2.99,21.99,Bradley Motley
7495,2005-07-27 20:01:20,3446,426,2005-07-30 16:40:20,1,755,2,3,Children,5,4.99,11.99,Bradley Motley
2804,2005-06-19 19:24:54,88,426,2005-06-25 01:19:54,2,18,1,2,Animation,6,0.99,27.99,Bradley Motley
7527,2005-07-27 21:14:28,2124,426,2005-08-05 21:08:28,1,460,2,9,Foreign,3,4.99,26.99,Bradley Motley
4114,2005-07-07 06:51:12,4109,426,2005-07-15 01:36:12,1,894,1,16,Travel,6,0.99,23.99,Bradley Motley
604,2005-05-28 14:37:07,1585,426,2005-06-03 11:03:07,2,348,2,8,Family,7,0.99,9.99,Bradley Motley
4398,2005-07-07 21:18:44,3628,426,2005-07-10 22:45:44,1,791,2,6,Documentary,3,4.99,24.99,Bradley Motley
7789,2005-07-28 07:22:07,2837,426,2005-08-06 10:47:07,1,622,2,6,Documentary,4,0.99,25.99,Bradley Motley
9247,2005-07-30 14:13:56,4106,426,2005-08-02 16:34:56,2,893,2,14,Sci-Fi,4,4.99,11.99,Bradley Motley
2204,2005-06-18 02:11:38,1137,426,2005-06-24 00:28:38,1,252,1,1,Action,6,2.99,18.99,Bradley Motley
3243,2005-06-21 03:00:11,2556,426,2005-06-25 21:53:11,1,560,1,10,Games,6,0.99,21.99,Bradley Motley
7711,2005-07-28 04:26:42,2695,426,2005-07-29 07:30:42,2,591,2,10,Games,6,4.99,20.99,Bradley Motley
4900,2005-07-08 20:38:06,3487,426,2005-07-09 22:45:06,2,764,1,15,Sports,3,4.99,28.99,Bradley Motley
1842,2005-06-16 23:45:59,1472,426,2005-06-26 05:31:59,1,322,1,15,Sports,5,2.99,29.99,Bradley Motley
10172,2005-07-31 23:29:51,2506,426,2005-08-09 01:57:51,1,551,1,13,New,3,4.99,9.99,Bradley Motley
9185,2005-07-30 12:10:40,2268,426,2005-08-06 07:01:40,1,490,1,13,New,4,2.99,13.99,Bradley Motley
10505,2005-08-01 11:13:59,2977,426,2005-08-05 07:20:59,2,652,1,4,Classics,3,0.99,14.99,Bradley Motley
4264,2005-07-07 14:25:28,3499,406,2005-07-08 08:49:28,2,767,1,12,Music,6,4.99,13.99,Nathan Runyon
5098,2005-07-09 06:13:54,1772,406,2005-07-10 04:27:54,1,384,2,12,Music,5,4.99,19.99,Nathan Runyon
9487,2005-07-30 23:40:22,2165,406,2005-08-01 22:29:22,1,468,1,3,Children,5,2.99,12.99,Nathan Runyon
3186,2005-06-20 23:04:20,3198,406,2005-06-29 02:56:20,2,702,2,11,Horror,4,2.99,12.99,Nathan Runyon
2150,2005-06-17 22:50:36,1910,406,2005-06-21 19:33:36,1,415,2,11,Horror,3,2.99,23.99,Nathan Runyon
7604,2005-07-27 23:54:52,3720,406,2005-08-05 03:04:52,2,814,1,5,Comedy,6,4.99,15.99,Nathan Runyon
855,2005-05-30 02:00:28,2527,406,2005-06-03 20:16:28,2,555,1,5,Comedy,4,0.99,25.99,Nathan Runyon
7259,2005-07-27 11:06:00,2345,406,2005-08-02 06:44:00,2,510,1,2,Animation,6,4.99,29.99,Nathan Runyon
9224,2005-07-30 13:25:37,2260,406,2005-08-01 15:13:37,2,489,1,2,Animation,4,0.99,14.99,Nathan Runyon
9660,2005-07-31 06:03:17,1090,406,2005-08-07 06:59:17,2,243,1,2,Animation,3,4.99,22.99,Nathan Runyon
2113,2005-06-17 19:57:46,1509,406,2005-06-24 00:22:46,1,330,1,2,Animation,7,4.99,22.99,Nathan Runyon
2585,2005-06-19 05:05:03,91,406,2005-06-20 09:28:03,1,18,2,2,Animation,6,0.99,27.99,Nathan Runyon
5263,2005-07-09 14:10:36,119,406,2005-07-12 15:07:36,1,23,2,2,Animation,3,0.99,9.99,Nathan Runyon
7171,2005-07-27 07:58:35,4381,406,2005-08-03 07:45:35,1,957,1,9,Foreign,7,4.99,26.99,Nathan Runyon
2241,2005-06-18 04:31:41,921,406,2005-06-24 22:34:41,2,204,2,7,Drama,4,0.99,25.99,Nathan Runyon
8080,2005-07-28 18:05:06,3035,406,2005-07-29 22:44:06,2,666,1,7,Drama,4,4.99,27.99,Nathan Runyon
2325,2005-06-18 10:08:07,752,406,2005-06-21 15:07:07,1,164,2,6,Documentary,4,0.99,20.99,Nathan Runyon
5766,2005-07-10 13:07:31,7,406,2005-07-16 13:03:31,1,1,2,6,Documentary,6,0.99,20.99,Nathan Runyon
8903,2005-07-30 01:08:06,4546,406,2005-07-30 21:47:06,2,992,2,6,Documentary,5,0.99,17.99,Nathan Runyon
10632,2005-08-01 15:36:56,1290,406,2005-08-05 17:32:56,1,285,1,14,Sci-Fi,3,0.99,18.99,Nathan Runyon
8630,2005-07-29 14:07:59,1378,406,2005-08-03 13:18:59,2,303,1,1,Action,6,0.99,27.99,Nathan Runyon
7109,2005-07-27 05:28:57,1658,406,2005-08-04 10:41:57,2,361,2,15,Sports,5,2.99,25.99,Nathan Runyon
6439,2005-07-12 00:23:48,3463,406,2005-07-13 00:54:48,2,759,2,13,New,4,2.99,29.99,Nathan Runyon
8295,2005-07-29 02:42:14,2065,406,2005-07-30 22:22:14,1,448,1,13,New,3,2.99,25.99,Nathan Runyon
3306,2005-06-21 07:46:58,1669,406,2005-06-26 11:22:58,2,364,1,13,New,3,2.99,14.99,Nathan Runyon
9291,2005-07-30 16:03:39,2884,406,2005-08-05 11:11:39,2,633,2,4,Classics,6,4.99,10.99,Nathan Runyon
8962,2005-07-30 03:43:45,4439,406,2005-08-07 00:33:45,1,970,2,4,Classics,7,0.99,11.99,Nathan Runyon
1720,2005-06-16 15:00:14,3500,543,2005-06-21 13:57:14,2,767,1,12,Music,6,4.99,13.99,Lance Pemberton
7312,2005-07-27 13:03:14,228,543,2005-07-31 07:56:14,2,51,1,12,Music,5,2.99,10.99,Lance Pemberton
476,2005-05-27 22:31:36,2451,543,2005-06-03 19:12:36,1,535,1,11,Horror,6,0.99,21.99,Lance Pemberton
3467,2005-06-21 22:19:25,729,543,2005-06-27 00:03:25,2,159,2,5,Comedy,5,4.99,12.99,Lance Pemberton
9999,2005-07-31 17:40:53,1438,543,2005-08-01 14:25:53,1,314,2,2,Animation,3,0.99,13.99,Lance Pemberton
8580,2005-07-29 12:00:27,4040,543,2005-08-04 16:39:27,1,880,1,2,Animation,6,2.99,9.99,Lance Pemberton
9505,2005-07-31 00:11:19,4047,543,2005-08-05 18:24:19,2,880,2,2,Animation,6,2.99,9.99,Lance Pemberton
10520,2005-08-01 11:45:58,4396,543,2005-08-06 17:28:58,2,961,1,9,Foreign,7,4.99,22.99,Lance Pemberton
2426,2005-06-18 17:40:44,474,543,2005-06-22 14:30:44,2,104,2,9,Foreign,4,2.99,17.99,Lance Pemberton
3070,2005-06-20 14:15:39,3860,543,2005-06-25 12:52:39,2,845,1,9,Foreign,7,4.99,9.99,Lance Pemberton
4887,2005-07-08 19:59:14,3613,543,2005-07-15 22:53:14,1,789,2,9,Foreign,7,2.99,15.99,Lance Pemberton
8845,2005-07-29 23:06:13,3036,543,2005-08-02 20:16:13,1,666,1,7,Drama,4,4.99,27.99,Lance Pemberton
6013,2005-07-11 02:02:03,3774,543,2005-07-14 02:07:03,1,826,2,16,Travel,7,4.99,19.99,Lance Pemberton
3128,2005-06-20 18:41:47,189,543,2005-06-24 20:54:47,2,43,1,8,Family,6,2.99,15.99,Lance Pemberton
5467,2005-07-09 23:05:47,374,543,2005-07-16 17:06:47,2,83,1,8,Family,5,2.99,18.99,Lance Pemberton
243,2005-05-26 13:06:05,1721,543,2005-06-03 17:28:05,2,375,1,1,Action,4,2.99,17.99,Lance Pemberton
10257,2005-08-01 02:49:43,2403,543,2005-08-04 04:45:43,2,525,1,4,Classics,4,0.99,29.99,Lance Pemberton
4482,2005-07-08 01:01:18,3500,511,2005-07-11 01:18:18,1,767,1,12,Music,6,4.99,13.99,Chester Benner
5601,2005-07-10 04:56:55,3062,511,2005-07-11 00:14:55,1,673,1,12,Music,3,0.99,19.99,Chester Benner
8026,2005-07-28 16:05:38,4225,511,2005-07-29 21:28:38,2,918,2,3,Children,4,4.99,23.99,Chester Benner
1281,2005-06-15 08:21:39,2963,511,2005-06-17 11:03:39,1,649,2,2,Animation,4,2.99,14.99,Chester Benner
9143,2005-07-30 10:22:11,2962,511,2005-08-07 06:13:11,2,649,2,2,Animation,4,2.99,14.99,Chester Benner
5164,2005-07-09 09:03:14,1170,511,2005-07-14 04:20:14,1,259,1,2,Animation,4,2.99,15.99,Chester Benner
3366,2005-06-21 13:03:37,2584,511,2005-06-26 16:29:37,1,567,1,9,Foreign,3,2.99,26.99,Chester Benner
6040,2005-07-11 03:14:26,2161,511,2005-07-14 01:12:26,2,467,1,9,Foreign,6,0.99,10.99,Chester Benner
3600,2005-07-06 05:19:42,2748,511,2005-07-11 00:34:42,2,603,1,8,Family,6,4.99,27.99,Chester Benner
9760,2005-07-31 09:29:33,426,511,2005-08-09 07:32:33,2,94,1,8,Family,7,2.99,14.99,Chester Benner
56,2005-05-25 08:28:11,1352,511,2005-05-26 14:21:11,1,298,2,14,Sci-Fi,4,2.99,13.99,Chester Benner
10231,2005-08-01 01:50:49,1056,511,2005-08-06 03:12:49,1,235,1,14,Sci-Fi,6,2.99,13.99,Chester Benner
1508,2005-06-15 22:33:24,1141,511,2005-06-18 02:27:24,2,252,2,1,Action,6,2.99,18.99,Chester Benner
10429,2005-08-01 08:34:18,3894,511,2005-08-10 12:38:18,1,850,2,1,Action,7,0.99,27.99,Chester Benner
3852,2005-07-06 16:57:49,3329,511,2005-07-11 17:11:49,1,732,1,1,Action,5,0.99,17.99,Chester Benner
6320,2005-07-11 18:50:55,441,511,2005-07-13 22:46:55,2,97,2,1,Action,7,0.99,24.99,Chester Benner
819,2005-05-29 21:00:32,623,511,2005-06-02 15:15:32,2,135,2,15,Sports,3,2.99,22.99,Chester Benner
2966,2005-06-20 07:39:33,3483,511,2005-06-29 07:48:33,1,763,2,15,Sports,3,4.99,26.99,Chester Benner
9095,2005-07-30 08:38:36,3019,511,2005-07-31 06:14:36,1,663,1,4,Classics,7,0.99,29.99,Chester Benner
8378,2005-07-29 05:28:35,3500,347,2005-08-02 05:55:35,1,767,1,12,Music,6,4.99,13.99,Ryan Salisbury
9856,2005-07-31 13:00:35,723,347,2005-08-07 18:07:35,1,158,2,12,Music,6,2.99,16.99,Ryan Salisbury
9013,2005-07-30 05:19:20,2367,347,2005-08-04 01:35:20,1,515,2,3,Children,7,4.99,14.99,Ryan Salisbury
9582,2005-07-31 03:05:19,3913,347,2005-08-04 07:26:19,1,854,2,11,Horror,4,4.99,22.99,Ryan Salisbury
5819,2005-07-10 15:56:20,3439,347,2005-07-12 19:59:20,2,754,2,5,Comedy,6,2.99,17.99,Ryan Salisbury
8176,2005-07-28 21:42:08,3527,347,2005-08-03 22:59:08,2,772,1,7,Drama,4,2.99,24.99,Ryan Salisbury
1711,2005-06-16 14:11:52,273,347,2005-06-25 08:49:52,1,61,1,7,Drama,5,4.99,28.99,Ryan Salisbury
9876,2005-07-31 13:37:51,828,347,2005-08-07 18:05:51,2,181,2,16,Travel,7,2.99,10.99,Ryan Salisbury
3026,2005-06-20 11:48:00,4032,347,2005-06-21 12:51:00,2,878,2,16,Travel,3,4.99,25.99,Ryan Salisbury
3092,2005-06-20 16:04:42,4344,347,2005-06-27 19:54:42,1,946,2,8,Family,3,4.99,14.99,Ryan Salisbury
3605,2005-07-06 05:27:15,384,347,2005-07-10 00:05:15,2,85,2,6,Documentary,4,0.99,29.99,Ryan Salisbury
3666,2005-07-06 08:27:43,4212,347,2005-07-09 07:37:43,2,915,2,1,Action,7,4.99,9.99,Ryan Salisbury
7811,2005-07-28 08:06:01,3891,347,2005-07-30 10:08:01,2,850,1,1,Action,7,0.99,27.99,Ryan Salisbury
3326,2005-06-21 09:04:50,1025,347,2005-06-30 12:10:50,2,229,2,1,Action,6,4.99,12.99,Ryan Salisbury
8148,2005-07-28 20:39:47,537,347,2005-08-02 16:29:47,1,117,2,10,Games,6,4.99,15.99,Ryan Salisbury
6121,2005-07-11 07:55:27,1613,347,2005-07-16 03:43:27,2,352,2,10,Games,4,0.99,22.99,Ryan Salisbury
8771,2005-07-29 19:54:41,3533,347,2005-08-03 20:38:41,1,773,1,15,Sports,6,2.99,28.99,Ryan Salisbury
4232,2005-07-07 12:49:12,3841,347,2005-07-15 16:45:12,1,841,2,15,Sports,5,2.99,9.99,Ryan Salisbury
5471,2005-07-09 23:11:52,4086,347,2005-07-13 02:08:52,2,890,2,15,Sports,5,0.99,14.99,Ryan Salisbury
4523,2005-07-08 03:06:59,2785,347,2005-07-17 04:44:59,1,611,1,4,Classics,7,4.99,17.99,Ryan Salisbury
2274,2005-06-18 06:31:15,3021,347,2005-06-21 01:24:15,2,663,2,4,Classics,7,0.99,29.99,Ryan Salisbury
8153,2005-07-28 20:55:49,2173,347,2005-08-01 15:56:49,2,469,2,4,Classics,7,4.99,27.99,Ryan Salisbury
1883,2005-06-17 03:18:51,3504,550,2005-06-18 05:46:51,1,767,2,12,Music,6,4.99,13.99,Guy Brownlee
8959,2005-07-30 03:35:49,3508,550,2005-08-06 02:02:49,2,768,1,3,Children,3,4.99,11.99,Guy Brownlee
10140,2005-07-31 22:03:20,2494,550,2005-08-07 23:15:20,2,547,2,3,Children,3,0.99,19.99,Guy Brownlee
3154,2005-06-20 20:44:40,3195,550,2005-06-23 19:10:40,1,702,1,11,Horror,4,2.99,12.99,Guy Brownlee
3272,2005-06-21 05:18:27,1090,550,2005-06-30 02:51:27,1,243,1,2,Animation,3,4.99,22.99,Guy Brownlee
1233,2005-06-15 04:18:37,4214,550,2005-06-22 03:36:37,1,916,1,2,Animation,3,2.99,10.99,Guy Brownlee
922,2005-05-30 11:55:55,2442,550,2005-06-08 10:12:55,2,533,1,9,Foreign,4,2.99,21.99,Guy Brownlee
8628,2005-07-29 14:06:24,4484,550,2005-08-06 10:42:24,2,979,2,7,Drama,6,4.99,10.99,Guy Brownlee
3979,2005-07-06 23:04:35,794,550,2005-07-13 01:38:35,2,173,2,7,Drama,7,4.99,25.99,Guy Brownlee
9748,2005-07-31 09:17:56,3308,550,2005-08-02 14:54:56,1,728,1,7,Drama,3,0.99,26.99,Guy Brownlee
7030,2005-07-27 03:01:40,1277,550,2005-07-31 07:01:40,1,282,2,7,Drama,5,0.99,20.99,Guy Brownlee
9616,2005-07-31 04:05:01,1210,550,2005-08-05 00:10:01,1,269,2,8,Family,3,0.99,22.99,Guy Brownlee
6695,2005-07-12 12:39:39,3088,550,2005-07-17 13:36:39,2,679,1,8,Family,6,2.99,17.99,Guy Brownlee
5727,2005-07-10 11:25:28,3338,550,2005-07-11 11:03:28,2,734,1,6,Documentary,4,4.99,12.99,Guy Brownlee
8838,2005-07-29 22:52:23,133,550,2005-08-03 22:49:23,1,26,2,14,Sci-Fi,3,0.99,15.99,Guy Brownlee
3236,2005-06-21 02:47:43,1492,550,2005-06-29 08:04:43,2,327,1,1,Action,3,4.99,24.99,Guy Brownlee
1863,2005-06-17 01:31:46,4466,550,2005-06-26 02:09:46,2,976,1,10,Games,6,0.99,12.99,Guy Brownlee
7838,2005-07-28 09:00:21,2222,550,2005-07-29 05:52:21,1,481,1,13,New,4,2.99,22.99,Guy Brownlee
6111,2005-07-11 07:26:57,3504,300,2005-07-13 10:43:57,2,767,2,12,Music,6,4.99,13.99,John Farnsworth
457,2005-05-27 19:52:29,2368,300,2005-06-02 17:17:29,2,516,2,12,Music,7,0.99,18.99,John Farnsworth
1381,2005-06-15 15:17:21,3262,300,2005-06-20 17:07:21,2,718,2,12,Music,7,0.99,24.99,John Farnsworth
6822,2005-07-12 18:23:39,1592,300,2005-07-19 21:06:39,1,349,1,2,Animation,4,2.99,27.99,John Farnsworth
10977,2005-08-02 04:12:17,2302,300,2005-08-06 06:52:17,2,500,2,9,Foreign,5,4.99,11.99,John Farnsworth
6998,2005-07-27 01:16:29,788,300,2005-07-30 05:50:29,2,172,2,7,Drama,7,4.99,12.99,John Farnsworth
5705,2005-07-10 10:09:17,4030,300,2005-07-19 07:24:17,2,878,2,16,Travel,3,4.99,25.99,John Farnsworth
9078,2005-07-30 08:01:00,955,300,2005-07-31 10:39:00,1,213,1,8,Family,4,0.99,19.99,John Farnsworth
9791,2005-07-31 10:35:22,3642,300,2005-08-03 05:34:22,1,795,1,8,Family,7,0.99,23.99,John Farnsworth
4030,2005-07-07 02:25:42,1734,300,2005-07-08 22:53:42,2,377,2,8,Family,7,0.99,20.99,John Farnsworth
7815,2005-07-28 08:14:11,3551,300,2005-07-30 02:34:11,2,776,2,6,Documentary,6,4.99,11.99,John Farnsworth
5562,2005-07-10 03:17:42,3604,300,2005-07-12 03:26:42,1,788,1,6,Documentary,5,2.99,15.99,John Farnsworth
3177,2005-06-20 22:32:44,2546,300,2005-06-22 23:01:44,1,559,1,14,Sci-Fi,7,2.99,22.99,John Farnsworth
1111,2005-05-31 15:24:19,1137,300,2005-06-08 21:18:19,1,252,1,1,Action,6,2.99,18.99,John Farnsworth
8117,2005-07-28 19:20:16,1502,300,2005-08-05 23:55:16,1,329,1,1,Action,4,2.99,15.99,John Farnsworth
780,2005-05-29 14:18:32,1919,300,2005-06-06 20:14:32,1,417,1,1,Action,5,0.99,29.99,John Farnsworth
3775,2005-07-06 13:27:33,3696,300,2005-07-09 10:27:33,1,809,2,15,Sports,5,0.99,14.99,John Farnsworth
8283,2005-07-29 01:52:22,2002,300,2005-08-05 03:22:22,2,436,1,13,New,4,0.99,14.99,John Farnsworth
8210,2005-07-28 23:31:05,3424,300,2005-08-06 17:36:05,1,750,1,13,New,3,0.99,25.99,John Farnsworth
9127,2005-07-30 09:46:36,4114,300,2005-07-31 07:43:36,1,895,1,4,Classics,3,2.99,21.99,John Farnsworth
8639,2005-07-29 14:30:31,3504,290,2005-08-02 16:04:31,1,767,2,12,Music,6,4.99,13.99,Kristina Chambers
1220,2005-06-15 03:26:15,1621,290,2005-06-23 08:17:15,1,354,1,3,Children,6,4.99,18.99,Kristina Chambers
4416,2005-07-07 22:04:36,1247,290,2005-07-09 02:44:36,2,275,2,11,Horror,3,0.99,11.99,Kristina Chambers
1496,2005-06-15 21:55:58,3915,290,2005-06-17 02:28:58,2,854,2,11,Horror,4,4.99,22.99,Kristina Chambers
4039,2005-07-07 02:57:59,4050,290,2005-07-12 03:44:59,2,881,2,11,Horror,5,4.99,13.99,Kristina Chambers
1532,2005-06-16 00:41:31,3793,290,2005-06-20 21:36:31,1,830,2,11,Horror,7,0.99,23.99,Kristina Chambers
160,2005-05-26 01:46:20,1885,290,2005-06-01 05:45:20,1,410,2,5,Comedy,7,2.99,19.99,Kristina Chambers
10194,2005-08-01 00:33:52,1447,290,2005-08-06 04:50:52,2,317,1,5,Comedy,4,0.99,25.99,Kristina Chambers
6816,2005-07-12 18:18:50,2963,290,2005-07-18 21:09:50,2,649,2,2,Animation,4,2.99,14.99,Kristina Chambers
3013,2005-06-20 10:45:09,4146,290,2005-06-26 04:55:09,1,901,1,2,Animation,3,0.99,29.99,Kristina Chambers
5827,2005-07-10 16:22:20,1296,290,2005-07-15 21:13:20,2,286,1,16,Travel,7,2.99,16.99,Kristina Chambers
10096,2005-07-31 20:38:58,3606,290,2005-08-06 02:34:58,1,788,2,6,Documentary,5,2.99,15.99,Kristina Chambers
1336,2005-06-15 12:01:34,1696,290,2005-06-23 12:05:34,1,369,2,14,Sci-Fi,4,4.99,22.99,Kristina Chambers
4073,2005-07-07 04:49:13,647,290,2005-07-10 03:20:13,2,140,2,14,Sci-Fi,6,0.99,23.99,Kristina Chambers
7650,2005-07-28 01:47:20,701,290,2005-08-05 06:00:20,2,153,1,14,Sci-Fi,7,0.99,18.99,Kristina Chambers
9000,2005-07-30 04:58:55,3763,290,2005-08-08 04:01:55,2,823,2,1,Action,4,2.99,21.99,Kristina Chambers
9413,2005-07-30 20:44:39,2618,290,2005-08-01 01:56:39,2,574,2,1,Action,3,0.99,19.99,Kristina Chambers
5105,2005-07-09 06:38:59,2555,290,2005-07-17 03:06:59,2,560,1,10,Games,6,0.99,21.99,Kristina Chambers
10901,2005-08-02 01:35:44,3813,290,2005-08-04 21:20:44,2,835,1,10,Games,6,2.99,13.99,Kristina Chambers
6952,2005-07-26 23:51:27,4288,290,2005-07-30 02:45:27,2,934,2,10,Games,7,4.99,20.99,Kristina Chambers
5214,2005-07-09 11:43:08,1657,290,2005-07-17 08:58:08,2,361,2,15,Sports,5,2.99,25.99,Kristina Chambers
7265,2005-07-27 11:19:01,3465,290,2005-08-01 09:29:01,1,760,1,13,New,5,2.99,21.99,Kristina Chambers
2518,2005-06-19 00:16:23,3503,86,2005-06-25 19:28:23,2,767,2,12,Music,6,4.99,13.99,Jacqueline Long
4571,2005-07-08 05:34:41,2416,86,2005-07-17 02:15:41,1,527,2,11,Horror,4,4.99,24.99,Jacqueline Long
7874,2005-07-28 10:21:52,2981,86,2005-08-06 16:19:52,1,653,1,11,Horror,3,4.99,15.99,Jacqueline Long
10536,2005-08-01 12:21:53,1251,86,2005-08-04 13:08:53,2,276,1,5,Comedy,6,4.99,28.99,Jacqueline Long
1924,2005-06-17 06:13:34,2577,86,2005-06-18 01:51:34,1,564,2,2,Animation,4,2.99,11.99,Jacqueline Long
8850,2005-07-29 23:24:20,355,86,2005-07-31 00:43:20,2,78,2,2,Animation,7,2.99,12.99,Jacqueline Long
2141,2005-06-17 21:41:34,2176,86,2005-06-19 00:15:34,1,470,1,2,Animation,4,4.99,24.99,Jacqueline Long
5752,2005-07-10 12:27:38,4444,86,2005-07-18 09:22:38,2,971,1,9,Foreign,4,4.99,11.99,Jacqueline Long
9376,2005-07-30 19:11:49,451,86,2005-08-04 18:14:49,1,100,1,9,Foreign,7,4.99,21.99,Jacqueline Long
4235,2005-07-07 13:05:52,3525,86,2005-07-10 12:17:52,2,772,1,7,Drama,4,2.99,24.99,Jacqueline Long
8803,2005-07-29 21:26:24,2814,86,2005-08-06 18:05:24,2,618,2,7,Drama,3,0.99,21.99,Jacqueline Long
1640,2005-06-16 08:35:39,443,86,2005-06-17 05:37:39,2,98,1,7,Drama,4,4.99,12.99,Jacqueline Long
66,2005-05-25 09:35:12,1162,86,2005-05-29 04:16:12,2,257,2,16,Travel,3,0.99,14.99,Jacqueline Long
1822,2005-06-16 21:43:45,674,86,2005-06-17 21:37:45,1,147,1,8,Family,5,0.99,16.99,Jacqueline Long
6872,2005-07-12 20:15:04,3246,86,2005-07-18 18:19:04,1,715,1,8,Family,3,4.99,25.99,Jacqueline Long
10584,2005-08-01 13:58:47,715,86,2005-08-06 13:38:47,2,156,2,6,Documentary,3,4.99,15.99,Jacqueline Long
3945,2005-07-06 21:35:00,754,86,2005-07-08 00:31:00,2,165,1,14,Sci-Fi,7,4.99,27.99,Jacqueline Long
3611,2005-07-06 05:37:18,4502,86,2005-07-10 05:14:18,1,982,2,1,Action,4,0.99,23.99,Jacqueline Long
3207,2005-06-21 00:43:16,4020,86,2005-06-24 22:13:16,1,875,2,15,Sports,6,0.99,9.99,Jacqueline Long
10252,2005-08-01 02:39:39,2380,86,2005-08-10 00:40:39,2,519,2,15,Sports,3,2.99,27.99,Jacqueline Long
5295,2005-07-09 15:25:06,4460,86,2005-07-10 12:40:06,1,974,1,13,New,4,0.99,24.99,Jacqueline Long
3270,2005-06-21 05:07:31,1578,86,2005-06-22 07:45:31,2,346,2,4,Classics,4,4.99,13.99,Jacqueline Long
7231,2005-07-27 10:01:51,1638,86,2005-08-05 13:38:51,2,357,2,4,Classics,7,0.99,13.99,Jacqueline Long
5680,2005-07-10 08:47:36,3503,199,2005-07-17 06:10:36,1,767,2,12,Music,6,4.99,13.99,Beth Franklin
1910,2005-06-17 05:11:27,3903,199,2005-06-23 23:16:27,1,852,1,3,Children,4,0.99,27.99,Beth Franklin
4580,2005-07-08 06:04:23,3512,199,2005-07-15 05:42:23,2,768,2,3,Children,3,4.99,11.99,Beth Franklin
6668,2005-07-12 11:37:45,1498,199,2005-07-14 13:28:45,2,328,2,3,Children,7,2.99,28.99,Beth Franklin
9894,2005-07-31 14:07:44,3724,199,2005-08-05 18:01:44,2,814,2,5,Comedy,6,4.99,15.99,Beth Franklin
4976,2005-07-09 00:03:30,617,199,2005-07-10 19:05:30,1,134,2,2,Animation,4,4.99,21.99,Beth Franklin
10517,2005-08-01 11:41:57,2299,199,2005-08-05 06:14:57,1,500,1,9,Foreign,5,4.99,11.99,Beth Franklin
10850,2005-08-01 23:53:45,1853,199,2005-08-10 21:11:45,1,403,2,7,Drama,5,4.99,18.99,Beth Franklin
9959,2005-07-31 16:04:22,340,199,2005-08-03 21:51:22,2,75,2,16,Travel,6,4.99,14.99,Beth Franklin
6782,2005-07-12 16:23:25,2742,199,2005-07-20 18:46:25,2,601,2,16,Travel,4,0.99,20.99,Beth Franklin
9752,2005-07-31 09:22:02,249,199,2005-08-02 14:34:02,1,56,1,1,Action,6,2.99,15.99,Beth Franklin
7782,2005-07-28 07:13:40,3770,199,2005-08-05 06:50:40,1,825,1,1,Action,6,2.99,22.99,Beth Franklin
8709,2005-07-29 17:25:54,902,199,2005-08-02 22:35:54,1,200,2,10,Games,7,0.99,27.99,Beth Franklin
4499,2005-07-08 02:08:48,851,199,2005-07-10 07:06:48,2,187,2,15,Sports,5,2.99,12.99,Beth Franklin
499,2005-05-28 01:05:07,2381,199,2005-06-05 19:54:07,2,519,2,15,Sports,3,2.99,27.99,Beth Franklin
5398,2005-07-09 19:44:58,4352,199,2005-07-17 00:56:58,1,948,2,13,New,6,0.99,22.99,Beth Franklin
3299,2005-06-21 07:23:34,3427,199,2005-06-27 04:02:34,1,751,2,13,New,6,0.99,17.99,Beth Franklin
1406,2005-06-15 16:44:00,3118,199,2005-06-21 11:22:00,2,685,2,13,New,6,4.99,10.99,Beth Franklin
10196,2005-08-01 00:34:51,3070,199,2005-08-05 03:43:51,1,675,1,13,New,6,2.99,17.99,Beth Franklin
7499,2005-07-27 20:10:28,3503,157,2005-07-30 16:24:28,1,767,2,12,Music,6,4.99,13.99,Darlene Rose
10203,2005-08-01 00:45:27,1096,157,2005-08-04 22:45:27,2,244,1,12,Music,5,4.99,26.99,Darlene Rose
7195,2005-07-27 08:47:01,721,157,2005-07-30 08:40:01,2,158,2,12,Music,6,2.99,16.99,Darlene Rose
5862,2005-07-10 18:20:48,2075,157,2005-07-17 00:09:48,1,450,1,3,Children,5,2.99,29.99,Darlene Rose
4253,2005-07-07 14:13:13,3355,157,2005-07-16 18:55:13,2,737,1,11,Horror,4,0.99,28.99,Darlene Rose
642,2005-05-28 18:49:12,140,157,2005-06-01 20:50:12,2,28,1,5,Comedy,5,4.99,16.99,Darlene Rose
8707,2005-07-29 17:21:58,2525,157,2005-08-02 14:47:58,2,555,1,5,Comedy,4,0.99,25.99,Darlene Rose
352,2005-05-27 05:48:19,4369,157,2005-05-29 09:05:19,1,953,1,2,Animation,3,0.99,9.99,Darlene Rose
9264,2005-07-30 14:51:36,4071,157,2005-08-02 10:06:36,1,887,2,2,Animation,5,4.99,28.99,Darlene Rose
8347,2005-07-29 04:49:25,4407,157,2005-07-31 00:57:25,2,963,2,2,Animation,5,0.99,12.99,Darlene Rose
2340,2005-06-18 11:30:56,1913,157,2005-06-23 06:00:56,1,416,2,9,Foreign,6,0.99,10.99,Darlene Rose
9958,2005-07-31 16:03:56,4142,157,2005-08-04 15:21:56,2,900,1,9,Foreign,6,2.99,17.99,Darlene Rose
9237,2005-07-30 13:48:17,2777,157,2005-07-31 13:57:17,2,609,2,16,Travel,7,2.99,23.99,Darlene Rose
7110,2005-07-27 05:30:48,3289,157,2005-07-28 01:43:48,1,724,2,8,Family,5,2.99,15.99,Darlene Rose
8576,2005-07-29 11:55:01,3552,157,2005-08-03 08:41:01,2,776,2,6,Documentary,6,4.99,11.99,Darlene Rose
8337,2005-07-29 04:31:55,752,157,2005-08-02 02:38:55,2,164,2,6,Documentary,4,0.99,20.99,Darlene Rose
4919,2005-07-08 21:41:54,2106,157,2005-07-11 23:14:54,1,457,1,6,Documentary,5,0.99,21.99,Darlene Rose
3739,2005-07-06 11:54:18,4333,157,2005-07-09 10:48:18,1,945,1,6,Documentary,5,0.99,22.99,Darlene Rose
8163,2005-07-28 21:11:48,1919,157,2005-07-31 18:30:48,1,417,1,1,Action,5,0.99,29.99,Darlene Rose
8827,2005-07-29 22:31:24,1517,157,2005-08-06 21:05:24,2,331,1,10,Games,6,2.99,25.99,Darlene Rose
4435,2005-07-07 22:51:04,3815,157,2005-07-14 23:15:04,2,835,2,10,Games,6,2.99,13.99,Darlene Rose
3329,2005-06-21 09:20:31,3506,335,2005-06-22 10:00:31,2,767,2,12,Music,6,4.99,13.99,Gregory Mauldin
10606,2005-08-01 14:39:15,81,335,2005-08-08 11:31:15,1,17,1,12,Music,3,0.99,14.99,Gregory Mauldin
9428,2005-07-30 21:18:37,1948,335,2005-08-05 16:09:37,1,424,1,3,Children,6,0.99,12.99,Gregory Mauldin
9361,2005-07-30 18:43:49,4163,335,2005-08-06 21:24:49,1,905,1,5,Comedy,7,4.99,10.99,Gregory Mauldin
4279,2005-07-07 15:01:53,581,335,2005-07-08 09:43:53,1,127,1,5,Comedy,5,4.99,14.99,Gregory Mauldin
6906,2005-07-12 22:03:02,1435,335,2005-07-15 00:35:02,1,314,1,2,Animation,3,0.99,13.99,Gregory Mauldin
3607,2005-07-06 05:30:09,542,335,2005-07-08 01:36:09,2,118,2,2,Animation,7,0.99,26.99,Gregory Mauldin
8634,2005-07-29 14:19:57,2023,335,2005-08-07 13:44:57,1,440,1,9,Foreign,6,0.99,21.99,Gregory Mauldin
5252,2005-07-09 13:40:44,2581,335,2005-07-14 09:41:44,1,566,1,9,Foreign,6,0.99,20.99,Gregory Mauldin
8855,2005-07-29 23:40:10,4388,335,2005-08-02 18:07:10,2,958,2,7,Drama,6,2.99,19.99,Gregory Mauldin
4387,2005-07-07 20:56:47,591,335,2005-07-16 00:51:47,1,129,2,6,Documentary,3,2.99,16.99,Gregory Mauldin
4032,2005-07-07 02:34:13,2628,335,2005-07-14 22:43:13,1,576,2,6,Documentary,7,2.99,13.99,Gregory Mauldin
9125,2005-07-30 09:43:39,333,335,2005-08-07 14:02:39,1,73,2,14,Sci-Fi,5,2.99,22.99,Gregory Mauldin
5728,2005-07-10 11:26:14,636,335,2005-07-15 12:55:14,1,138,2,14,Sci-Fi,5,2.99,29.99,Gregory Mauldin
5024,2005-07-09 02:25:12,2987,335,2005-07-12 03:15:12,1,655,1,14,Sci-Fi,5,4.99,22.99,Gregory Mauldin
6624,2005-07-12 09:05:50,3946,335,2005-07-18 13:59:50,2,861,1,10,Games,3,4.99,12.99,Gregory Mauldin
4016,2005-07-07 01:05:50,3318,335,2005-07-09 05:59:50,1,730,1,13,New,3,0.99,28.99,Gregory Mauldin
8824,2005-07-29 22:22:58,3506,164,2005-07-31 21:02:58,2,767,2,12,Music,6,4.99,13.99,Joann Gardner
5895,2005-07-10 20:13:19,2272,164,2005-07-17 17:51:19,1,491,2,3,Children,4,0.99,18.99,Joann Gardner
6393,2005-07-11 22:28:12,3802,164,2005-07-14 18:03:12,1,833,1,3,Children,5,0.99,20.99,Joann Gardner
1011,2005-05-31 02:05:39,118,164,2005-06-04 21:27:39,2,23,2,2,Animation,3,0.99,9.99,Joann Gardner
1713,2005-06-16 14:28:33,2580,164,2005-06-18 09:02:33,1,565,1,9,Foreign,6,4.99,9.99,Joann Gardner
6702,2005-07-12 12:48:03,233,164,2005-07-13 11:55:03,1,52,2,9,Foreign,6,0.99,29.99,Joann Gardner
7227,2005-07-27 09:53:43,791,164,2005-08-05 09:36:43,2,173,1,7,Drama,7,4.99,25.99,Joann Gardner
3082,2005-06-20 15:32:11,4431,164,2005-06-28 13:08:11,1,969,1,7,Drama,4,4.99,29.99,Joann Gardner
4548,2005-07-08 04:21:54,765,164,2005-07-14 23:16:54,2,167,1,16,Travel,6,4.99,10.99,Joann Gardner
2589,2005-06-19 05:21:27,225,164,2005-06-21 09:55:27,2,50,2,8,Family,3,2.99,20.99,Joann Gardner
8135,2005-07-28 20:03:25,1339,164,2005-08-03 01:28:25,2,295,2,6,Documentary,3,0.99,14.99,Joann Gardner
6637,2005-07-12 09:57:39,2852,164,2005-07-19 08:40:39,1,625,1,14,Sci-Fi,3,0.99,18.99,Joann Gardner
6980,2005-07-27 00:50:30,1127,164,2005-08-03 23:35:30,1,250,2,1,Action,4,0.99,26.99,Joann Gardner
6558,2005-07-12 05:16:07,2195,164,2005-07-13 05:32:07,2,474,2,15,Sports,6,2.99,21.99,Joann Gardner
4520,2005-07-08 02:53:46,3505,104,2005-07-08 22:27:46,2,767,2,12,Music,6,4.99,13.99,Rita Graham
2928,2005-06-20 04:43:45,1265,104,2005-06-21 06:58:45,2,280,2,3,Children,7,0.99,26.99,Rita Graham
7107,2005-07-27 05:22:04,1883,104,2005-08-02 06:38:04,1,410,1,5,Comedy,7,2.99,19.99,Rita Graham
4438,2005-07-07 22:56:17,4371,104,2005-07-16 17:28:17,1,953,1,2,Animation,3,0.99,9.99,Rita Graham
4529,2005-07-08 03:26:20,1361,104,2005-07-16 05:04:20,1,300,2,2,Animation,5,4.99,21.99,Rita Graham
808,2005-05-29 19:08:20,1928,104,2005-06-06 20:32:20,2,418,2,7,Drama,5,0.99,27.99,Rita Graham
4917,2005-07-08 21:32:30,3231,104,2005-07-09 15:34:30,1,709,2,7,Drama,7,2.99,19.99,Rita Graham
4012,2005-07-07 00:56:09,1400,104,2005-07-10 21:49:09,1,307,1,16,Travel,6,4.99,9.99,Rita Graham
1287,2005-06-15 08:41:38,4204,104,2005-06-22 14:02:38,1,914,2,16,Travel,6,2.99,13.99,Rita Graham
5376,2005-07-09 18:54:08,1730,104,2005-07-17 22:01:08,1,377,1,8,Family,7,0.99,20.99,Rita Graham
163,2005-05-26 02:26:23,2306,104,2005-06-04 06:36:23,1,501,1,1,Action,3,4.99,9.99,Rita Graham
2107,2005-06-17 19:31:16,1270,104,2005-06-18 23:33:16,1,281,2,10,Games,6,0.99,9.99,Rita Graham
3273,2005-06-21 05:24:17,3538,104,2005-06-23 01:21:17,2,773,2,15,Sports,6,2.99,28.99,Rita Graham
8413,2005-07-29 06:47:39,2762,104,2005-08-02 09:15:39,2,606,2,15,Sports,3,0.99,15.99,Rita Graham
9090,2005-07-30 08:24:42,3426,104,2005-08-08 06:17:42,2,751,2,13,New,6,0.99,17.99,Rita Graham
9996,2005-07-31 17:32:03,3271,104,2005-08-06 16:17:03,2,720,2,13,New,3,2.99,20.99,Rita Graham
7420,2005-07-27 17:09:39,3505,547,2005-07-30 12:30:39,2,767,2,12,Music,6,4.99,13.99,Kurt Emmons
10903,2005-08-02 01:41:59,2696,547,2005-08-06 23:03:59,1,592,1,12,Music,6,2.99,28.99,Kurt Emmons
3765,2005-07-06 13:01:47,1805,547,2005-07-09 07:10:47,1,392,1,3,Children,5,4.99,13.99,Kurt Emmons
5854,2005-07-10 17:47:34,997,547,2005-07-13 20:14:34,2,222,2,11,Horror,4,4.99,27.99,Kurt Emmons
8828,2005-07-29 22:32:54,1608,547,2005-07-30 20:41:54,1,351,2,11,Horror,4,2.99,10.99,Kurt Emmons
7835,2005-07-28 08:49:39,43,547,2005-08-02 07:16:39,2,9,1,11,Horror,3,2.99,21.99,Kurt Emmons
443,2005-05-27 18:35:20,2021,547,2005-06-04 18:58:20,1,439,2,7,Drama,4,4.99,28.99,Kurt Emmons
3679,2005-07-06 09:15:57,2186,547,2005-07-08 03:20:57,1,472,2,16,Travel,3,4.99,24.99,Kurt Emmons
10980,2005-08-02 04:17:32,150,547,2005-08-04 05:12:32,1,31,2,8,Family,5,4.99,16.99,Kurt Emmons
306,2005-05-26 21:31:57,2781,547,2005-05-28 19:37:57,1,610,2,8,Family,7,0.99,17.99,Kurt Emmons
7547,2005-07-27 21:51:48,1733,547,2005-08-06 01:05:48,2,377,2,8,Family,7,0.99,20.99,Kurt Emmons
2022,2005-06-17 12:44:39,3053,547,2005-06-25 12:32:39,1,670,2,6,Documentary,4,4.99,17.99,Kurt Emmons
1094,2005-05-31 13:03:49,3810,547,2005-06-05 14:30:49,2,834,2,6,Documentary,4,0.99,26.99,Kurt Emmons
5327,2005-07-09 16:39:49,3657,547,2005-07-12 18:47:49,2,798,2,14,Sci-Fi,4,4.99,11.99,Kurt Emmons
6605,2005-07-12 08:01:07,2892,547,2005-07-19 03:12:07,1,635,2,13,New,7,0.99,15.99,Kurt Emmons
7859,2005-07-28 09:57:17,3392,547,2005-08-04 06:04:17,1,744,2,4,Classics,4,0.99,23.99,Kurt Emmons
4587,2005-07-08 06:16:26,3502,63,2005-07-13 00:59:26,1,767,1,12,Music,6,4.99,13.99,Ashley Richardson
10288,2005-08-01 03:38:42,572,63,2005-08-06 04:34:42,1,124,2,3,Children,3,4.99,16.99,Ashley Richardson
3923,2005-07-06 20:34:10,2039,63,2005-07-13 19:20:10,1,444,1,5,Comedy,3,4.99,22.99,Ashley Richardson
9546,2005-07-31 01:47:40,211,63,2005-08-02 07:25:40,2,47,2,9,Foreign,5,4.99,23.99,Ashley Richardson
5832,2005-07-10 16:34:48,2387,63,2005-07-17 17:25:48,1,521,1,7,Drama,7,4.99,28.99,Ashley Richardson
9007,2005-07-30 05:09:32,2813,63,2005-08-02 06:12:32,2,618,2,7,Drama,3,0.99,21.99,Ashley Richardson
5585,2005-07-10 04:15:43,3524,63,2005-07-15 08:24:43,1,771,2,7,Drama,3,4.99,23.99,Ashley Richardson
8311,2005-07-29 03:26:07,3623,63,2005-08-02 01:46:07,1,791,1,6,Documentary,3,4.99,24.99,Ashley Richardson
9938,2005-07-31 15:28:47,2871,63,2005-08-09 21:24:47,2,629,2,6,Documentary,7,0.99,9.99,Ashley Richardson
6769,2005-07-12 15:48:54,1687,63,2005-07-21 14:39:54,2,367,2,14,Sci-Fi,6,0.99,20.99,Ashley Richardson
10148,2005-07-31 22:19:16,1381,63,2005-08-05 00:15:16,2,303,1,1,Action,6,0.99,27.99,Ashley Richardson
5788,2005-07-10 14:10:22,1707,63,2005-07-14 19:46:22,2,372,1,15,Sports,5,4.99,26.99,Ashley Richardson
6847,2005-07-12 19:22:37,346,63,2005-07-21 18:53:37,2,77,1,13,New,5,4.99,15.99,Ashley Richardson
9795,2005-07-31 10:47:19,2005,63,2005-08-04 09:32:19,2,436,2,13,New,4,0.99,14.99,Ashley Richardson
1818,2005-06-16 21:30:34,1218,63,2005-06-20 03:27:34,2,270,2,13,New,7,0.99,29.99,Ashley Richardson
9549,2005-07-31 01:57:04,2409,63,2005-08-07 21:00:04,2,525,2,4,Classics,4,0.99,29.99,Ashley Richardson
282,2005-05-26 18:56:26,4486,282,2005-06-01 16:32:26,2,980,1,12,Music,4,4.99,12.99,Jenny Castro
2016,2005-06-17 12:18:36,4265,282,2005-06-20 12:13:36,1,928,1,3,Children,5,2.99,16.99,Jenny Castro
3675,2005-07-06 09:09:19,3662,282,2005-07-12 08:51:19,1,800,2,11,Horror,7,2.99,19.99,Jenny Castro
9658,2005-07-31 06:00:52,2332,282,2005-08-09 04:47:52,2,506,1,11,Horror,4,4.99,14.99,Jenny Castro
564,2005-05-28 09:12:09,2973,282,2005-05-29 05:07:09,1,651,2,2,Animation,3,0.99,20.99,Jenny Castro
3417,2005-06-21 17:06:20,874,282,2005-06-23 17:00:20,2,193,1,2,Animation,5,2.99,20.99,Jenny Castro
5319,2005-07-09 16:17:44,1899,282,2005-07-18 16:35:44,1,414,1,9,Foreign,3,2.99,23.99,Jenny Castro
5926,2005-07-10 21:53:42,2840,282,2005-07-20 01:04:42,1,623,2,9,Foreign,4,0.99,9.99,Jenny Castro
7433,2005-07-27 17:32:20,1748,282,2005-08-01 18:49:20,1,380,1,9,Foreign,7,2.99,11.99,Jenny Castro
8743,2005-07-29 18:57:01,2664,282,2005-07-31 22:09:01,2,585,2,7,Drama,4,0.99,25.99,Jenny Castro
5113,2005-07-09 07:06:18,3618,282,2005-07-13 07:10:18,2,790,1,7,Drama,6,0.99,22.99,Jenny Castro
2176,2005-06-18 00:29:51,4201,282,2005-06-21 01:41:51,1,914,1,16,Travel,6,2.99,13.99,Jenny Castro
3408,2005-06-21 16:15:11,3453,282,2005-06-27 14:55:11,1,757,1,6,Documentary,4,2.99,28.99,Jenny Castro
8468,2005-07-29 08:26:04,1338,282,2005-08-02 07:18:04,1,295,1,6,Documentary,3,0.99,14.99,Jenny Castro
8223,2005-07-28 23:56:01,4508,282,2005-08-03 22:27:01,1,985,1,14,Sci-Fi,4,4.99,19.99,Jenny Castro
3885,2005-07-06 18:43:43,1820,282,2005-07-12 19:48:43,2,395,2,1,Action,4,0.99,28.99,Jenny Castro
4359,2005-07-07 19:30:20,3222,282,2005-07-09 13:34:20,1,707,2,1,Action,5,2.99,29.99,Jenny Castro
48,2005-05-25 06:20:46,1780,282,2005-06-02 05:42:46,1,387,1,10,Games,7,0.99,27.99,Jenny Castro
4412,2005-07-07 21:56:53,1181,282,2005-07-11 19:28:53,1,263,1,15,Sports,6,4.99,14.99,Jenny Castro
8270,2005-07-29 01:27:22,3565,282,2005-07-29 20:55:22,1,779,2,15,Sports,4,4.99,23.99,Jenny Castro
7534,2005-07-27 21:26:17,2276,282,2005-08-05 00:23:17,2,492,1,13,New,6,0.99,11.99,Jenny Castro
8973,2005-07-30 04:09:13,886,282,2005-08-07 22:30:13,2,196,1,4,Classics,7,0.99,29.99,Jenny Castro
2707,2005-06-19 13:57:08,4486,589,2005-06-27 11:09:08,2,980,1,12,Music,4,4.99,12.99,Tracy Herrmann
7948,2005-07-28 13:06:16,215,589,2005-08-05 08:38:16,1,48,2,3,Children,3,4.99,24.99,Tracy Herrmann
10544,2005-08-01 12:36:21,3195,589,2005-08-07 12:25:21,2,702,1,11,Horror,4,2.99,12.99,Tracy Herrmann
8374,2005-07-29 05:24:02,1084,589,2005-08-05 03:55:02,1,242,1,5,Comedy,4,0.99,13.99,Tracy Herrmann
531,2005-05-28 05:23:38,1113,589,2005-05-29 08:00:38,2,247,1,5,Comedy,3,0.99,19.99,Tracy Herrmann
7431,2005-07-27 17:27:27,3931,589,2005-07-31 18:40:27,1,857,2,5,Comedy,3,2.99,24.99,Tracy Herrmann
1703,2005-06-16 13:28:44,2346,589,2005-06-17 11:03:44,1,510,1,2,Animation,6,4.99,29.99,Tracy Herrmann
6177,2005-07-11 10:53:49,313,589,2005-07-17 14:54:49,1,70,1,2,Animation,7,4.99,26.99,Tracy Herrmann
1439,2005-06-15 18:45:32,3155,589,2005-06-22 15:57:32,2,693,1,2,Animation,5,2.99,16.99,Tracy Herrmann
4986,2005-07-09 00:44:33,3517,589,2005-07-09 19:45:33,2,770,2,9,Foreign,5,2.99,13.99,Tracy Herrmann
596,2005-05-28 14:00:03,821,589,2005-05-29 17:10:03,1,179,1,7,Drama,4,4.99,14.99,Tracy Herrmann
9153,2005-07-30 10:58:16,3743,589,2005-08-03 06:16:16,2,818,2,7,Drama,4,4.99,17.99,Tracy Herrmann
2652,2005-06-19 10:35:26,3108,589,2005-06-28 08:03:26,1,683,1,7,Drama,5,4.99,19.99,Tracy Herrmann
737,2005-05-29 08:11:31,769,589,2005-06-04 11:18:31,2,167,2,16,Travel,6,4.99,10.99,Tracy Herrmann
6247,2005-07-11 15:00:05,2504,589,2005-07-18 13:47:05,1,550,1,8,Family,6,2.99,22.99,Tracy Herrmann
2979,2005-06-20 08:31:05,3961,589,2005-06-27 12:25:05,1,863,2,14,Sci-Fi,5,0.99,9.99,Tracy Herrmann
5951,2005-07-10 23:14:29,2501,589,2005-07-13 01:01:29,1,549,2,1,Action,4,0.99,28.99,Tracy Herrmann
7250,2005-07-27 10:44:09,3410,589,2005-07-28 11:47:09,1,747,2,10,Games,5,0.99,9.99,Tracy Herrmann
8056,2005-07-28 17:04:15,4018,589,2005-08-03 19:11:15,2,875,2,15,Sports,6,0.99,9.99,Tracy Herrmann
6790,2005-07-12 16:34:59,4486,400,2005-07-17 21:43:59,2,980,1,12,Music,4,4.99,12.99,Bryan Hardison
10187,2005-08-01 00:15:49,1629,400,2005-08-05 01:00:49,2,356,1,3,Children,5,2.99,10.99,Bryan Hardison
10484,2005-08-01 10:19:53,1908,400,2005-08-03 05:36:53,1,415,2,11,Horror,3,2.99,23.99,Bryan Hardison
9177,2005-07-30 11:52:40,1088,400,2005-08-08 09:35:40,1,242,2,5,Comedy,4,0.99,13.99,Bryan Hardison
894,2005-05-30 08:31:31,1118,400,2005-06-07 12:39:31,1,247,2,5,Comedy,3,0.99,19.99,Bryan Hardison
1364,2005-06-15 14:05:32,115,400,2005-06-16 15:31:32,1,23,1,2,Animation,3,0.99,9.99,Bryan Hardison
171,2005-05-26 03:14:15,4483,400,2005-06-03 00:24:15,2,979,2,7,Drama,6,4.99,10.99,Bryan Hardison
4573,2005-07-08 05:38:46,2478,400,2005-07-15 07:07:46,1,543,1,16,Travel,5,4.99,20.99,Bryan Hardison
10711,2005-08-01 18:45:09,4278,400,2005-08-02 19:47:09,2,931,2,16,Travel,7,0.99,9.99,Bryan Hardison
4645,2005-07-08 09:20:09,687,400,2005-07-09 06:07:09,2,150,2,6,Documentary,7,2.99,9.99,Bryan Hardison
7296,2005-07-27 12:39:48,1681,400,2005-08-04 18:24:48,2,367,1,14,Sci-Fi,6,0.99,20.99,Bryan Hardison
95,2005-05-25 16:12:52,178,400,2005-06-02 18:55:52,2,39,2,14,Sci-Fi,5,0.99,10.99,Bryan Hardison
1923,2005-06-17 06:06:10,691,400,2005-06-24 04:29:10,2,151,1,14,Sci-Fi,5,4.99,26.99,Bryan Hardison
5212,2005-07-09 11:37:47,3240,400,2005-07-15 14:42:47,1,711,2,14,Sci-Fi,4,4.99,18.99,Bryan Hardison
1917,2005-06-17 05:36:07,2667,400,2005-06-24 01:44:07,1,586,1,1,Action,4,0.99,27.99,Bryan Hardison
9756,2005-07-31 09:25:00,207,400,2005-08-02 05:11:00,1,46,2,10,Games,3,4.99,13.99,Bryan Hardison
516,2005-05-28 03:11:47,4357,400,2005-06-04 02:19:47,1,949,2,10,Games,6,0.99,27.99,Bryan Hardison
6994,2005-07-27 01:08:26,4316,400,2005-08-04 22:58:26,2,940,1,15,Sports,6,0.99,19.99,Bryan Hardison
5222,2005-07-09 12:05:45,2508,400,2005-07-13 12:11:45,1,551,2,13,New,3,4.99,9.99,Bryan Hardison
7682,2005-07-28 03:07:29,3296,400,2005-08-04 08:48:29,2,725,2,4,Classics,6,4.99,25.99,Bryan Hardison
10725,2005-08-01 19:11:04,4486,534,2005-08-07 18:16:04,2,980,1,12,Music,4,4.99,12.99,Christian Jung
3216,2005-06-21 01:19:37,719,534,2005-06-29 06:45:37,2,158,1,12,Music,6,2.99,16.99,Christian Jung
9464,2005-07-30 22:31:31,3904,534,2005-08-07 01:10:31,2,852,1,3,Children,4,0.99,27.99,Christian Jung
304,2005-05-26 21:21:28,1701,534,2005-06-02 00:05:28,1,370,2,3,Children,4,2.99,26.99,Christian Jung
3735,2005-07-06 11:42:04,2262,534,2005-07-12 14:33:04,2,489,1,2,Animation,4,0.99,14.99,Christian Jung
1673,2005-06-16 10:40:17,907,534,2005-06-18 16:13:17,1,201,1,9,Foreign,7,2.99,18.99,Christian Jung
10465,2005-08-01 09:45:25,4384,534,2005-08-10 09:08:25,2,958,1,7,Drama,6,2.99,19.99,Christian Jung
8633,2005-07-29 14:19:53,3436,534,2005-08-01 11:31:53,2,753,2,8,Family,3,0.99,20.99,Christian Jung
7113,2005-07-27 05:41:20,1963,534,2005-07-30 04:50:20,1,428,1,8,Family,6,2.99,21.99,Christian Jung
10796,2005-08-01 21:56:41,2113,534,2005-08-05 01:09:41,1,458,1,8,Family,4,0.99,26.99,Christian Jung
1610,2005-06-16 06:36:33,3551,534,2005-06-19 07:12:33,1,776,2,6,Documentary,6,4.99,11.99,Christian Jung
3213,2005-06-21 01:05:19,3832,534,2005-06-27 21:55:19,2,839,2,14,Sci-Fi,5,0.99,23.99,Christian Jung
2436,2005-06-18 18:13:32,3328,534,2005-06-21 13:33:32,2,732,1,1,Action,5,0.99,17.99,Christian Jung
4998,2005-07-09 01:07:21,202,534,2005-07-10 05:48:21,2,45,1,13,New,5,4.99,14.99,Christian Jung
9456,2005-07-30 22:22:16,2068,534,2005-08-05 18:56:16,2,448,2,13,New,3,2.99,25.99,Christian Jung
940,2005-05-30 15:01:02,1278,534,2005-06-01 18:26:02,1,283,1,13,New,6,0.99,10.99,Christian Jung
7662,2005-07-28 02:16:08,1017,534,2005-08-03 21:51:08,1,228,1,4,Classics,4,0.99,16.99,Christian Jung
1623,2005-06-16 07:48:50,4485,378,2005-06-17 03:53:50,2,980,1,12,Music,4,4.99,12.99,Eugene Culpepper
2134,2005-06-17 21:13:44,1699,378,2005-06-26 16:28:44,2,370,1,3,Children,4,2.99,26.99,Eugene Culpepper
9868,2005-07-31 13:20:08,266,378,2005-08-01 18:17:08,2,59,1,3,Children,4,2.99,20.99,Eugene Culpepper
3759,2005-07-06 12:46:38,4165,378,2005-07-10 11:31:38,1,905,1,5,Comedy,7,4.99,10.99,Eugene Culpepper
7888,2005-07-28 10:40:24,545,378,2005-08-01 16:18:24,1,119,1,5,Comedy,6,0.99,22.99,Eugene Culpepper
347,2005-05-27 04:40:33,1625,378,2005-05-28 09:56:33,2,355,2,2,Animation,7,0.99,18.99,Eugene Culpepper
6233,2005-07-11 14:10:47,3731,378,2005-07-15 15:13:47,2,816,1,2,Animation,3,0.99,27.99,Eugene Culpepper
4755,2005-07-08 14:23:41,661,378,2005-07-10 19:35:41,1,143,1,7,Drama,6,0.99,17.99,Eugene Culpepper
2713,2005-06-19 14:23:09,3979,378,2005-06-20 17:55:09,1,867,1,8,Family,5,4.99,10.99,Eugene Culpepper
1662,2005-06-16 10:13:35,3552,378,2005-06-23 13:54:35,1,776,2,6,Documentary,6,4.99,11.99,Eugene Culpepper
5578,2005-07-10 04:00:31,4543,378,2005-07-16 08:06:31,2,992,2,6,Documentary,5,0.99,17.99,Eugene Culpepper
9668,2005-07-31 06:31:03,1647,378,2005-08-07 06:19:03,2,360,1,1,Action,4,0.99,24.99,Eugene Culpepper
10917,2005-08-02 02:06:18,3146,378,2005-08-03 22:42:18,1,691,1,15,Sports,6,4.99,29.99,Eugene Culpepper
8740,2005-07-29 18:41:31,3781,378,2005-08-01 18:38:31,1,828,2,4,Classics,7,2.99,12.99,Eugene Culpepper
5587,2005-07-10 04:17:25,4485,531,2005-07-15 01:41:25,1,980,1,12,Music,4,4.99,12.99,Jamie Waugh
7391,2005-07-27 16:00:00,1153,531,2005-08-04 18:07:00,2,255,1,12,Music,6,4.99,21.99,Jamie Waugh
681,2005-05-28 23:39:44,3346,531,2005-06-01 01:42:44,1,735,2,3,Children,7,2.99,26.99,Jamie Waugh
9107,2005-07-30 08:52:45,1068,531,2005-08-05 08:39:45,2,238,1,3,Children,4,2.99,29.99,Jamie Waugh
7444,2005-07-27 17:49:16,120,531,2005-07-28 15:05:16,1,24,1,11,Horror,6,2.99,19.99,Jamie Waugh
8359,2005-07-29 05:02:12,140,531,2005-08-04 08:52:12,1,28,1,5,Comedy,5,4.99,16.99,Jamie Waugh
6876,2005-07-12 20:32:50,34,531,2005-07-16 21:12:50,1,7,2,5,Comedy,6,4.99,28.99,Jamie Waugh
10941,2005-08-02 03:11:33,2132,531,2005-08-10 07:31:33,1,461,2,2,Animation,3,0.99,14.99,Jamie Waugh
8860,2005-07-29 23:45:57,2841,531,2005-08-06 02:14:57,2,623,2,9,Foreign,4,0.99,9.99,Jamie Waugh
10920,2005-08-02 02:14:10,3106,531,2005-08-06 23:36:10,1,682,1,8,Family,4,4.99,17.99,Jamie Waugh
233,2005-05-26 11:43:44,715,531,2005-05-28 17:28:44,2,156,2,6,Documentary,3,4.99,15.99,Jamie Waugh
7204,2005-07-27 09:02:31,2512,531,2005-08-03 08:56:31,2,552,2,6,Documentary,5,0.99,15.99,Jamie Waugh
2972,2005-06-20 07:57:54,2232,531,2005-06-21 12:48:54,1,483,1,10,Games,3,2.99,29.99,Jamie Waugh
3921,2005-07-06 20:29:48,949,531,2005-07-14 01:44:48,1,211,1,10,Games,7,4.99,20.99,Jamie Waugh
5850,2005-07-10 17:36:27,4015,531,2005-07-15 16:44:27,2,875,1,15,Sports,6,0.99,9.99,Jamie Waugh
7753,2005-07-28 06:09:19,3071,531,2005-08-06 06:17:19,1,676,1,15,Sports,7,4.99,16.99,Jamie Waugh
8943,2005-07-30 03:06:48,3698,531,2005-08-02 00:59:48,2,809,2,15,Sports,5,0.99,14.99,Jamie Waugh
6756,2005-07-12 15:08:28,1174,531,2005-07-13 14:25:28,2,260,2,15,Sports,3,4.99,9.99,Jamie Waugh
11026,2005-08-02 05:46:05,3554,531,2005-08-07 06:27:05,2,777,1,15,Sports,5,4.99,10.99,Jamie Waugh
5904,2005-07-10 20:39:44,350,531,2005-07-13 17:57:44,2,77,2,13,New,5,4.99,15.99,Jamie Waugh
9956,2005-07-31 16:03:47,4485,342,2005-08-01 16:40:47,2,980,1,12,Music,4,4.99,12.99,Harold Martino
2914,2005-06-20 03:43:18,2419,342,2005-06-25 03:44:18,2,527,2,11,Horror,4,4.99,24.99,Harold Martino
6429,2005-07-12 00:02:50,141,342,2005-07-21 02:08:50,1,28,1,5,Comedy,5,4.99,16.99,Harold Martino
6787,2005-07-12 16:33:28,1481,342,2005-07-18 21:48:28,2,324,1,5,Comedy,3,4.99,11.99,Harold Martino
6997,2005-07-27 01:14:02,2130,342,2005-07-29 01:12:02,2,461,2,2,Animation,3,0.99,14.99,Harold Martino
2190,2005-06-18 01:29:51,4398,342,2005-06-26 04:31:51,2,961,2,9,Foreign,7,4.99,22.99,Harold Martino
10242,2005-08-01 02:18:12,1825,342,2005-08-02 22:32:12,2,396,2,7,Drama,5,4.99,18.99,Harold Martino
9955,2005-07-31 16:01:26,1745,342,2005-08-04 11:15:26,2,379,2,7,Drama,7,0.99,14.99,Harold Martino
5617,2005-07-10 05:28:50,2324,342,2005-07-12 00:02:50,2,504,2,7,Drama,5,0.99,25.99,Harold Martino
7280,2005-07-27 11:50:52,236,342,2005-07-30 15:53:52,2,53,1,8,Family,5,2.99,25.99,Harold Martino
9948,2005-07-31 15:49:41,806,342,2005-08-06 12:36:41,1,175,2,8,Family,3,2.99,27.99,Harold Martino
3081,2005-06-20 15:29:13,2071,342,2005-06-24 21:00:13,2,449,2,14,Sci-Fi,4,2.99,12.99,Harold Martino
6060,2005-07-11 04:06:17,3146,342,2005-07-12 03:05:17,1,691,1,15,Sports,6,4.99,29.99,Harold Martino
9164,2005-07-30 11:24:14,4434,342,2005-08-08 16:24:14,1,970,1,4,Classics,7,0.99,11.99,Harold Martino
6736,2005-07-12 14:16:50,530,342,2005-07-15 16:26:50,1,116,2,4,Classics,4,2.99,10.99,Harold Martino
9526,2005-07-31 01:02:22,417,342,2005-08-04 03:00:22,1,91,2,4,Classics,5,0.99,17.99,Harold Martino
6887,2005-07-12 21:00:23,4487,542,2005-07-21 17:46:23,1,980,1,12,Music,4,4.99,12.99,Lonnie Tirado
2957,2005-06-20 06:53:47,4034,542,2005-06-29 09:21:47,2,879,1,12,Music,3,4.99,20.99,Lonnie Tirado
7672,2005-07-28 02:49:41,573,542,2005-08-04 02:38:41,1,124,2,3,Children,3,4.99,16.99,Lonnie Tirado
376,2005-05-27 08:58:15,3197,542,2005-06-02 04:48:15,1,702,2,11,Horror,4,2.99,12.99,Lonnie Tirado
5477,2005-07-09 23:43:49,994,542,2005-07-15 05:03:49,2,222,1,11,Horror,4,4.99,27.99,Lonnie Tirado
10280,2005-08-01 03:27:15,1457,542,2005-08-07 23:01:15,2,319,2,14,Sci-Fi,4,2.99,22.99,Lonnie Tirado
2610,2005-06-19 07:16:20,3845,542,2005-06-25 09:39:20,2,842,1,10,Games,4,2.99,13.99,Lonnie Tirado
5293,2005-07-09 15:17:23,2880,542,2005-07-11 11:23:23,2,631,2,15,Sports,4,0.99,11.99,Lonnie Tirado
220,2005-05-26 10:06:49,1259,542,2005-06-01 07:43:49,1,279,1,15,Sports,7,4.99,11.99,Lonnie Tirado
8533,2005-07-29 10:29:16,551,542,2005-08-01 06:52:16,1,120,1,15,Sports,3,4.99,16.99,Lonnie Tirado
6077,2005-07-11 05:06:08,2154,542,2005-07-16 10:29:08,1,465,2,13,New,4,4.99,17.99,Lonnie Tirado
6325,2005-07-11 19:06:01,4556,542,2005-07-18 18:25:01,2,994,1,13,New,6,4.99,29.99,Lonnie Tirado
8544,2005-07-29 11:02:08,412,542,2005-08-06 15:06:08,2,91,1,4,Classics,5,0.99,17.99,Lonnie Tirado
7634,2005-07-28 01:07:01,4487,365,2005-07-31 05:00:01,1,980,1,12,Music,4,4.99,12.99,Bruce Schwarz
1983,2005-06-17 10:22:13,1955,365,2005-06-24 05:04:13,1,426,2,12,Music,7,4.99,15.99,Bruce Schwarz
120,2005-05-25 19:37:47,37,365,2005-06-01 23:29:47,2,8,2,11,Horror,6,4.99,15.99,Bruce Schwarz
4583,2005-07-08 06:09:44,4151,365,2005-07-12 03:44:44,1,901,2,2,Animation,3,0.99,29.99,Bruce Schwarz
10717,2005-08-01 18:53:53,2934,365,2005-08-05 21:28:53,1,644,2,2,Animation,7,2.99,29.99,Bruce Schwarz
7488,2005-07-27 19:36:15,554,365,2005-08-05 14:14:15,1,121,1,2,Animation,4,2.99,15.99,Bruce Schwarz
8782,2005-07-29 20:29:34,4379,365,2005-08-04 02:19:34,1,957,1,9,Foreign,7,4.99,26.99,Bruce Schwarz
6604,2005-07-12 07:57:45,822,365,2005-07-16 05:41:45,2,179,1,7,Drama,4,4.99,14.99,Bruce Schwarz
2525,2005-06-19 00:48:22,1307,365,2005-06-24 19:10:22,2,288,2,16,Travel,7,2.99,20.99,Bruce Schwarz
231,2005-05-26 11:31:59,4032,365,2005-05-27 07:27:59,1,878,2,16,Travel,3,4.99,25.99,Bruce Schwarz
3156,2005-06-20 21:03:46,2217,365,2005-06-21 23:32:46,2,479,2,8,Family,7,0.99,12.99,Bruce Schwarz
9540,2005-07-31 01:40:06,2200,365,2005-08-01 01:09:06,1,476,1,8,Family,5,2.99,9.99,Bruce Schwarz
8168,2005-07-28 21:28:32,1120,365,2005-07-30 02:10:32,1,248,2,6,Documentary,6,4.99,20.99,Bruce Schwarz
8856,2005-07-29 23:42:00,2942,365,2005-08-07 03:00:00,1,646,1,10,Games,6,0.99,12.99,Bruce Schwarz
1578,2005-06-16 04:08:16,3397,365,2005-06-23 07:57:16,1,745,2,15,Sports,5,4.99,23.99,Bruce Schwarz
9184,2005-07-30 12:10:19,51,365,2005-08-01 07:35:19,2,10,2,15,Sports,6,4.99,24.99,Bruce Schwarz
1303,2005-06-15 09:55:57,2001,365,2005-06-20 14:26:57,2,436,1,13,New,4,0.99,14.99,Bruce Schwarz
9122,2005-07-30 09:36:52,627,365,2005-08-05 13:20:52,1,136,1,13,New,7,2.99,26.99,Bruce Schwarz
307,2005-05-26 21:48:13,1097,375,2005-06-04 22:24:13,1,244,1,12,Music,5,4.99,26.99,Aaron Selby
10672,2005-08-01 17:10:54,3674,375,2005-08-07 12:19:54,2,804,1,11,Horror,7,4.99,13.99,Aaron Selby
873,2005-05-30 05:15:20,4568,375,2005-06-07 00:49:20,2,998,2,11,Horror,6,0.99,10.99,Aaron Selby
1499,2005-06-15 21:58:07,165,375,2005-06-22 19:37:07,2,35,2,11,Horror,4,2.99,24.99,Aaron Selby
2236,2005-06-18 04:12:33,4001,375,2005-06-23 04:07:33,1,871,2,5,Comedy,6,4.99,19.99,Aaron Selby
8900,2005-07-30 01:07:03,3057,375,2005-08-06 04:07:03,1,672,1,5,Comedy,7,2.99,17.99,Aaron Selby
10274,2005-08-01 03:16:51,2916,375,2005-08-04 22:22:51,2,641,1,9,Foreign,4,0.99,21.99,Aaron Selby
5474,2005-07-09 23:23:57,3608,375,2005-07-15 03:11:57,1,789,1,9,Foreign,7,2.99,15.99,Aaron Selby
10859,2005-08-02 00:11:39,277,375,2005-08-08 19:52:39,1,61,2,7,Drama,5,4.99,28.99,Aaron Selby
10589,2005-08-01 14:11:09,4280,375,2005-08-09 09:28:09,2,931,2,16,Travel,7,0.99,9.99,Aaron Selby
1404,2005-06-15 16:38:53,2776,375,2005-06-16 20:37:53,1,609,2,16,Travel,7,2.99,23.99,Aaron Selby
412,2005-05-27 14:17:23,1400,375,2005-05-29 15:07:23,2,307,1,16,Travel,6,4.99,9.99,Aaron Selby
4335,2005-07-07 18:33:57,1332,375,2005-07-11 13:23:57,1,294,2,16,Travel,5,4.99,26.99,Aaron Selby
7856,2005-07-28 09:48:24,2376,375,2005-07-29 09:49:24,2,518,2,16,Travel,5,4.99,15.99,Aaron Selby
11008,2005-08-02 05:06:17,2831,375,2005-08-10 01:22:17,2,621,1,8,Family,5,2.99,23.99,Aaron Selby
749,2005-05-29 09:33:33,1146,375,2005-05-31 11:45:33,2,253,2,1,Action,5,4.99,18.99,Aaron Selby
10961,2005-08-02 03:47:55,1416,375,2005-08-09 02:03:55,1,310,1,10,Games,5,4.99,20.99,Aaron Selby
10640,2005-08-01 15:44:51,3020,375,2005-08-06 15:52:51,1,663,1,4,Classics,7,0.99,29.99,Aaron Selby
3981,2005-07-06 23:12:12,842,375,2005-07-13 01:47:12,2,184,2,4,Classics,3,2.99,24.99,Aaron Selby
1206,2005-06-15 02:27:07,1097,264,2005-06-18 22:46:07,2,244,1,12,Music,5,4.99,26.99,Gwendolyn May
3403,2005-06-21 15:55:06,1741,264,2005-06-27 12:34:06,1,378,2,12,Music,5,2.99,24.99,Gwendolyn May
6543,2005-07-12 04:54:32,2568,264,2005-07-15 09:50:32,2,562,2,12,Music,6,0.99,12.99,Gwendolyn May
4539,2005-07-08 04:01:02,2450,264,2005-07-14 22:32:02,1,535,1,11,Horror,6,0.99,21.99,Gwendolyn May
6395,2005-07-11 22:29:29,3058,264,2005-07-18 00:50:29,1,672,2,5,Comedy,7,2.99,17.99,Gwendolyn May
6391,2005-07-11 22:23:09,1745,264,2005-07-15 23:02:09,1,379,2,7,Drama,7,0.99,14.99,Gwendolyn May
7006,2005-07-27 01:42:20,3522,264,2005-08-03 03:19:20,1,771,2,7,Drama,3,4.99,23.99,Gwendolyn May
6340,2005-07-11 19:46:05,2374,264,2005-07-20 16:51:05,2,518,1,16,Travel,5,4.99,15.99,Gwendolyn May
3618,2005-07-06 05:58:45,330,264,2005-07-15 09:13:45,2,73,2,14,Sci-Fi,5,2.99,22.99,Gwendolyn May
9861,2005-07-31 13:04:14,1050,264,2005-08-09 15:22:14,1,234,1,14,Sci-Fi,6,2.99,27.99,Gwendolyn May
1165,2005-06-14 23:16:27,2855,264,2005-06-20 02:40:27,2,625,2,14,Sci-Fi,3,0.99,18.99,Gwendolyn May
9932,2005-07-31 15:19:48,1691,264,2005-08-05 21:09:48,1,369,1,14,Sci-Fi,4,4.99,22.99,Gwendolyn May
10792,2005-08-01 21:44:24,1037,264,2005-08-02 19:48:24,2,232,1,10,Games,7,2.99,29.99,Gwendolyn May
9515,2005-07-31 00:35:05,3099,264,2005-08-02 23:35:05,2,681,1,15,Sports,4,0.99,20.99,Gwendolyn May
3028,2005-06-20 11:50:52,886,264,2005-06-21 11:05:52,2,196,1,4,Classics,7,0.99,29.99,Gwendolyn May
9380,2005-07-30 19:17:31,4403,264,2005-08-01 20:46:31,1,962,1,4,Classics,7,2.99,18.99,Gwendolyn May
4328,2005-07-07 18:03:17,2174,264,2005-07-14 16:14:17,1,469,2,4,Classics,7,4.99,27.99,Gwendolyn May
4200,2005-07-07 11:15:11,1097,292,2005-07-11 11:46:11,2,244,1,12,Music,5,4.99,26.99,Misty Lambert
1901,2005-06-17 04:35:19,2469,292,2005-06-25 06:09:19,2,540,1,12,Music,7,2.99,10.99,Misty Lambert
2258,2005-06-18 05:30:36,4573,292,2005-06-24 09:09:36,1,999,2,3,Children,5,2.99,28.99,Misty Lambert
324,2005-05-27 01:00:04,3364,292,2005-05-30 04:27:04,1,738,2,9,Foreign,3,0.99,27.99,Misty Lambert
9819,2005-07-31 11:39:13,1927,292,2005-08-06 09:11:13,2,418,2,7,Drama,5,0.99,27.99,Misty Lambert
5257,2005-07-09 13:56:43,286,292,2005-07-10 14:26:43,2,64,2,7,Drama,6,0.99,26.99,Misty Lambert
7766,2005-07-28 06:41:57,2774,292,2005-08-06 11:21:57,2,609,1,16,Travel,7,2.99,23.99,Misty Lambert
8047,2005-07-28 16:49:43,2936,292,2005-08-03 14:48:43,2,645,1,16,Travel,7,2.99,18.99,Misty Lambert
8842,2005-07-29 23:03:40,4203,292,2005-08-06 23:23:40,2,914,2,16,Travel,6,2.99,13.99,Misty Lambert
7545,2005-07-27 21:48:03,2541,292,2005-08-01 22:23:03,2,557,2,8,Family,5,2.99,27.99,Misty Lambert
3557,2005-07-06 02:48:39,3832,292,2005-07-08 22:52:39,2,839,2,14,Sci-Fi,5,0.99,23.99,Misty Lambert
7216,2005-07-27 09:27:45,1812,292,2005-08-03 13:08:45,1,394,1,14,Sci-Fi,7,2.99,21.99,Misty Lambert
6270,2005-07-11 15:59:10,2308,292,2005-07-18 10:29:10,2,501,2,1,Action,3,4.99,9.99,Misty Lambert
2838,2005-06-19 22:06:06,143,292,2005-06-25 22:30:06,1,29,1,1,Action,5,2.99,11.99,Misty Lambert
8990,2005-07-30 04:41:42,1869,292,2005-08-07 22:50:42,2,408,1,10,Games,4,4.99,28.99,Misty Lambert
7199,2005-07-27 08:53:23,3685,292,2005-08-03 10:01:23,1,806,1,13,New,4,2.99,25.99,Misty Lambert
6900,2005-07-12 21:45:25,129,292,2005-07-19 21:19:25,1,25,2,13,New,3,2.99,15.99,Misty Lambert
3328,2005-06-21 09:08:44,2462,292,2005-06-30 12:28:44,1,538,2,13,New,7,0.99,19.99,Misty Lambert
5095,2005-07-09 06:08:22,2788,292,2005-07-11 10:52:22,1,611,2,4,Classics,7,4.99,17.99,Misty Lambert
9792,2005-07-31 10:43:41,3163,292,2005-08-07 10:18:41,1,694,2,4,Classics,6,4.99,15.99,Misty Lambert
5940,2005-07-10 22:31:01,3295,292,2005-07-14 00:52:01,1,725,2,4,Classics,6,4.99,25.99,Misty Lambert
812,2005-05-29 20:00:30,1099,225,2005-05-30 19:43:30,2,244,2,12,Music,5,4.99,26.99,Arlene Harvey
7524,2005-07-27 21:11:44,4295,225,2005-08-03 02:17:44,1,936,2,12,Music,3,2.99,21.99,Arlene Harvey
8110,2005-07-28 19:07:45,1244,225,2005-08-04 22:12:45,1,275,1,11,Horror,3,0.99,11.99,Arlene Harvey
9980,2005-07-31 17:02:00,122,225,2005-08-08 11:11:00,2,24,1,11,Horror,6,2.99,19.99,Arlene Harvey
5067,2005-07-09 04:52:35,1480,225,2005-07-11 23:33:35,2,324,1,5,Comedy,3,4.99,11.99,Arlene Harvey
4955,2005-07-08 23:16:21,1103,225,2005-07-14 02:09:21,2,245,1,2,Animation,4,0.99,28.99,Arlene Harvey
4824,2005-07-08 17:37:39,1855,225,2005-07-16 18:27:39,1,403,2,7,Drama,5,4.99,18.99,Arlene Harvey
6532,2005-07-12 04:38:32,2361,225,2005-07-13 03:54:32,1,514,1,7,Drama,6,2.99,17.99,Arlene Harvey
7347,2005-07-27 14:31:24,3779,225,2005-07-31 16:19:24,1,827,2,7,Drama,5,4.99,22.99,Arlene Harvey
6317,2005-07-11 18:47:41,4206,225,2005-07-14 18:18:41,1,914,2,16,Travel,6,2.99,13.99,Arlene Harvey
9993,2005-07-31 17:30:20,2503,225,2005-08-01 20:53:20,2,550,1,8,Family,6,2.99,22.99,Arlene Harvey
10138,2005-07-31 22:02:09,179,225,2005-08-07 20:46:09,2,39,2,14,Sci-Fi,5,0.99,10.99,Arlene Harvey
6526,2005-07-12 04:21:20,1718,225,2005-07-18 23:45:20,2,374,2,14,Sci-Fi,3,0.99,29.99,Arlene Harvey
6350,2005-07-11 20:30:15,2853,225,2005-07-16 21:30:15,1,625,2,14,Sci-Fi,3,0.99,18.99,Arlene Harvey
963,2005-05-30 18:52:53,1921,225,2005-06-07 16:19:53,2,417,2,1,Action,5,0.99,29.99,Arlene Harvey
4345,2005-07-07 18:52:57,2235,225,2005-07-15 21:24:57,2,483,2,10,Games,3,2.99,29.99,Arlene Harvey
3574,2005-07-06 03:36:01,2799,225,2005-07-10 01:29:01,2,614,2,10,Games,5,4.99,11.99,Arlene Harvey
8054,2005-07-28 17:02:18,1062,225,2005-08-06 11:55:18,1,236,2,10,Games,4,2.99,19.99,Arlene Harvey
2226,2005-06-18 03:39:56,3487,225,2005-06-24 07:26:56,2,764,1,15,Sports,3,4.99,28.99,Arlene Harvey
6159,2005-07-11 09:55:34,126,225,2005-07-13 10:01:34,2,25,1,13,New,3,2.99,15.99,Arlene Harvey
10793,2005-08-01 21:48:03,3018,225,2005-08-10 19:16:03,1,663,1,4,Classics,7,0.99,29.99,Arlene Harvey
1690,2005-06-16 12:24:18,1099,286,2005-06-25 15:00:18,1,244,2,12,Music,5,4.99,26.99,Velma Lucas
7254,2005-07-27 10:48:50,2697,286,2005-07-28 10:34:50,1,592,1,12,Music,6,2.99,28.99,Velma Lucas
5796,2005-07-10 14:42:54,1631,286,2005-07-17 08:47:54,2,356,2,3,Children,5,2.99,10.99,Velma Lucas
7299,2005-07-27 12:49:56,3002,286,2005-08-03 12:25:56,1,658,2,11,Horror,7,2.99,19.99,Velma Lucas
6611,2005-07-12 08:20:23,1604,286,2005-07-16 07:19:23,1,351,1,11,Horror,4,2.99,10.99,Velma Lucas
7368,2005-07-27 15:06:05,2265,286,2005-07-31 14:10:05,2,489,2,2,Animation,4,0.99,14.99,Velma Lucas
8399,2005-07-29 06:20:18,233,286,2005-08-04 01:26:18,1,52,2,9,Foreign,6,0.99,29.99,Velma Lucas
2195,2005-06-18 01:44:46,2247,286,2005-06-25 20:50:46,1,486,1,9,Foreign,7,4.99,14.99,Velma Lucas
9809,2005-07-31 11:19:21,359,286,2005-08-08 12:43:21,2,79,1,7,Drama,5,0.99,10.99,Velma Lucas
4894,2005-07-08 20:21:31,1028,286,2005-07-11 01:59:31,1,230,1,7,Drama,7,2.99,20.99,Velma Lucas
3592,2005-07-06 04:38:50,1272,286,2005-07-15 06:36:50,2,282,1,7,Drama,5,0.99,20.99,Velma Lucas
4242,2005-07-07 13:39:01,3626,286,2005-07-12 18:29:01,1,791,2,6,Documentary,3,4.99,24.99,Velma Lucas
7719,2005-07-28 04:39:09,2481,286,2005-08-05 03:15:09,1,544,1,6,Documentary,4,2.99,11.99,Velma Lucas
3692,2005-07-06 09:54:12,1237,286,2005-07-11 09:42:12,2,274,1,6,Documentary,4,2.99,20.99,Velma Lucas
81,2005-05-25 12:15:19,2610,286,2005-06-02 14:08:19,2,572,2,14,Sci-Fi,4,2.99,9.99,Velma Lucas
9280,2005-07-30 15:15:38,4103,286,2005-08-05 19:20:38,2,893,1,14,Sci-Fi,4,4.99,11.99,Velma Lucas
4461,2005-07-07 23:59:43,3656,286,2005-07-16 19:44:43,2,798,2,14,Sci-Fi,4,4.99,11.99,Velma Lucas
4707,2005-07-08 11:57:28,52,286,2005-07-10 17:47:28,1,10,2,15,Sports,6,4.99,24.99,Velma Lucas
10105,2005-07-31 20:54:20,112,286,2005-08-09 17:45:20,1,22,2,13,New,6,2.99,10.99,Velma Lucas
7422,2005-07-27 17:10:42,3954,286,2005-08-03 19:32:42,1,862,2,4,Classics,5,0.99,25.99,Velma Lucas
3552,2005-07-06 02:34:09,1099,239,2005-07-12 05:31:09,1,244,2,12,Music,5,4.99,26.99,Minnie Romero
444,2005-05-27 18:39:15,723,239,2005-06-01 15:56:15,1,158,2,12,Music,6,2.99,16.99,Minnie Romero
5651,2005-07-10 07:17:13,301,239,2005-07-15 12:13:13,2,68,1,3,Children,5,4.99,26.99,Minnie Romero
9676,2005-07-31 06:39:13,681,239,2005-08-05 09:31:13,2,149,2,3,Children,7,0.99,21.99,Minnie Romero
9863,2005-07-31 13:05:29,19,239,2005-08-08 12:33:29,1,4,1,11,Horror,5,2.99,26.99,Minnie Romero
8,2005-05-24 23:31:46,2346,239,2005-05-27 23:33:46,2,510,1,2,Animation,6,4.99,29.99,Minnie Romero
5960,2005-07-10 23:38:34,3884,239,2005-07-11 19:21:34,1,849,1,2,Animation,6,0.99,28.99,Minnie Romero
636,2005-05-28 17:47:58,4213,239,2005-06-04 16:32:58,1,916,1,2,Animation,3,2.99,10.99,Minnie Romero
7012,2005-07-27 02:01:03,779,239,2005-08-05 07:34:03,2,170,2,9,Foreign,5,4.99,28.99,Minnie Romero
8457,2005-07-29 07:59:03,3371,239,2005-08-04 08:42:03,1,739,2,7,Drama,4,4.99,17.99,Minnie Romero
6573,2005-07-12 06:03:40,3308,239,2005-07-13 11:49:40,2,728,1,7,Drama,3,0.99,26.99,Minnie Romero
2390,2005-06-18 15:29:26,2748,239,2005-06-23 17:50:26,1,603,1,8,Family,6,4.99,27.99,Minnie Romero
3383,2005-06-21 14:07:19,2968,239,2005-06-29 17:00:19,2,650,2,6,Documentary,3,0.99,27.99,Minnie Romero
10923,2005-08-02 02:15:01,2602,239,2005-08-03 04:18:01,1,571,2,6,Documentary,6,2.99,26.99,Minnie Romero
7426,2005-07-27 17:19:46,4420,239,2005-07-29 21:41:46,1,966,2,6,Documentary,3,0.99,14.99,Minnie Romero
1082,2005-05-31 11:02:01,4510,239,2005-06-05 08:43:01,1,985,1,14,Sci-Fi,4,4.99,19.99,Minnie Romero
1560,2005-06-16 02:36:43,3418,239,2005-06-24 23:10:43,2,748,2,1,Action,4,0.99,16.99,Minnie Romero
7491,2005-07-27 19:53:23,4261,239,2005-07-28 23:25:23,2,927,1,1,Action,6,2.99,16.99,Minnie Romero
621,2005-05-28 15:58:12,1144,239,2005-05-30 21:54:12,1,253,1,1,Action,5,4.99,18.99,Minnie Romero
2215,2005-06-18 02:48:21,2060,239,2005-06-22 01:03:21,2,447,1,10,Games,5,2.99,28.99,Minnie Romero
1160,2005-06-14 23:00:34,2795,239,2005-06-18 01:58:34,2,614,1,10,Games,5,4.99,11.99,Minnie Romero
3547,2005-07-06 02:18:06,2730,239,2005-07-08 05:24:06,1,599,1,15,Sports,3,0.99,20.99,Minnie Romero
4920,2005-07-08 21:42:10,4285,239,2005-07-15 03:08:10,1,933,1,13,New,4,4.99,11.99,Minnie Romero
10755,2005-08-01 20:14:14,1217,239,2005-08-07 01:04:14,1,270,2,13,New,7,0.99,29.99,Minnie Romero
1022,2005-05-31 03:16:45,842,239,2005-06-08 09:04:45,1,184,2,4,Classics,3,2.99,24.99,Minnie Romero
10202,2005-08-01 00:43:18,1099,306,2005-08-08 23:26:18,1,244,2,12,Music,5,4.99,26.99,Charles Kowalski
6868,2005-07-12 20:10:17,719,306,2005-07-15 22:34:17,2,158,1,12,Music,6,2.99,16.99,Charles Kowalski
672,2005-05-28 22:05:29,697,306,2005-06-06 02:10:29,2,152,1,3,Children,5,2.99,13.99,Charles Kowalski
7701,2005-07-28 03:54:28,1604,306,2005-08-01 08:39:28,2,351,1,11,Horror,4,2.99,10.99,Charles Kowalski
5581,2005-07-10 04:06:06,3450,306,2005-07-15 08:31:06,2,756,2,5,Comedy,7,2.99,10.99,Charles Kowalski
10893,2005-08-02 01:12:13,2529,306,2005-08-11 05:53:13,2,555,2,5,Comedy,4,0.99,25.99,Charles Kowalski
4596,2005-07-08 06:41:25,2280,306,2005-07-14 01:36:25,1,493,2,9,Foreign,5,0.99,18.99,Charles Kowalski
9774,2005-07-31 09:57:51,4174,306,2005-08-02 09:08:51,2,907,1,7,Drama,4,0.99,10.99,Charles Kowalski
9395,2005-07-30 20:07:06,1298,306,2005-08-08 21:21:06,1,286,2,16,Travel,7,2.99,16.99,Charles Kowalski
8702,2005-07-29 17:04:37,2215,306,2005-08-05 15:30:37,2,479,2,8,Family,7,0.99,12.99,Charles Kowalski
6953,2005-07-26 23:52:47,2910,306,2005-07-30 23:07:47,1,639,2,8,Family,7,4.99,9.99,Charles Kowalski
1172,2005-06-14 23:54:34,2685,306,2005-06-16 02:26:34,1,589,2,6,Documentary,3,0.99,20.99,Charles Kowalski
2836,2005-06-19 21:58:21,1453,306,2005-06-27 00:41:21,2,319,1,14,Sci-Fi,4,2.99,22.99,Charles Kowalski
375,2005-05-27 08:49:21,1815,306,2005-06-04 14:11:21,1,394,1,14,Sci-Fi,7,2.99,21.99,Charles Kowalski
7225,2005-07-27 09:47:12,632,306,2005-08-03 13:19:12,2,137,2,14,Sci-Fi,3,2.99,21.99,Charles Kowalski
9242,2005-07-30 14:03:58,755,306,2005-08-02 18:09:58,2,165,1,14,Sci-Fi,7,4.99,27.99,Charles Kowalski
3814,2005-07-06 15:23:56,3826,306,2005-07-13 20:51:56,2,838,1,1,Action,5,4.99,25.99,Charles Kowalski
7232,2005-07-27 10:04:19,1147,306,2005-07-28 09:43:19,2,253,2,1,Action,5,4.99,18.99,Charles Kowalski
4484,2005-07-08 01:05:57,2867,306,2005-07-16 00:41:57,2,628,2,15,Sports,5,2.99,24.99,Charles Kowalski
8620,2005-07-29 13:51:20,3718,306,2005-08-02 13:05:20,1,813,2,15,Sports,7,0.99,18.99,Charles Kowalski
899,2005-05-30 09:29:30,1096,156,2005-06-06 12:39:30,2,244,1,12,Music,5,4.99,26.99,Bertha Ferguson
2221,2005-06-18 03:24:56,3905,156,2005-06-22 08:27:56,1,852,1,3,Children,4,0.99,27.99,Bertha Ferguson
9696,2005-07-31 07:13:46,2703,156,2005-08-03 10:49:46,2,593,2,11,Horror,6,0.99,13.99,Bertha Ferguson
7822,2005-07-28 08:31:45,1428,156,2005-07-31 11:06:45,1,313,1,11,Horror,5,4.99,11.99,Bertha Ferguson
4394,2005-07-07 21:12:45,563,156,2005-07-16 18:24:45,2,122,1,11,Horror,7,0.99,11.99,Bertha Ferguson
7389,2005-07-27 15:56:15,3822,156,2005-07-30 21:28:15,2,837,2,5,Comedy,4,2.99,19.99,Bertha Ferguson
5828,2005-07-10 16:27:25,2999,156,2005-07-11 18:42:25,1,657,2,5,Comedy,5,2.99,12.99,Bertha Ferguson
6540,2005-07-12 04:51:13,937,156,2005-07-21 03:38:13,1,207,1,9,Foreign,7,4.99,26.99,Bertha Ferguson
2089,2005-06-17 17:45:09,4030,156,2005-06-25 16:41:09,1,878,2,16,Travel,3,4.99,25.99,Bertha Ferguson
5534,2005-07-10 02:26:49,3251,156,2005-07-11 07:13:49,1,715,2,8,Family,3,4.99,25.99,Bertha Ferguson
9409,2005-07-30 20:33:53,3053,156,2005-08-05 18:32:53,2,670,2,6,Documentary,4,4.99,17.99,Bertha Ferguson
1052,2005-05-31 07:07:03,2157,156,2005-06-05 09:38:03,1,466,1,6,Documentary,6,4.99,20.99,Bertha Ferguson
2658,2005-06-19 10:43:42,3281,156,2005-06-24 16:23:42,1,723,1,14,Sci-Fi,3,2.99,29.99,Bertha Ferguson
10309,2005-08-01 04:24:18,1505,156,2005-08-09 08:32:18,2,329,2,1,Action,4,2.99,15.99,Bertha Ferguson
5908,2005-07-10 20:44:14,810,156,2005-07-13 15:05:14,2,176,2,15,Sports,6,0.99,21.99,Bertha Ferguson
2782,2005-06-19 18:25:07,3644,156,2005-06-22 14:10:07,1,796,1,15,Sports,3,0.99,12.99,Bertha Ferguson
1535,2005-06-16 00:52:04,1096,202,2005-06-20 22:47:04,2,244,1,12,Music,5,4.99,26.99,Carla Gutierrez
5838,2005-07-10 17:04:56,1627,202,2005-07-11 15:15:56,1,356,1,3,Children,5,2.99,10.99,Carla Gutierrez
9467,2005-07-30 22:45:34,1905,202,2005-08-08 00:58:34,2,415,1,11,Horror,3,2.99,23.99,Carla Gutierrez
1474,2005-06-15 20:55:42,164,202,2005-06-19 02:41:42,2,35,2,11,Horror,4,2.99,24.99,Carla Gutierrez
9751,2005-07-31 09:20:50,36,202,2005-08-01 05:34:50,2,7,2,5,Comedy,6,4.99,28.99,Carla Gutierrez
8351,2005-07-29 04:50:53,2963,202,2005-07-30 07:28:53,2,649,2,2,Animation,4,2.99,14.99,Carla Gutierrez
8930,2005-07-30 02:28:38,1107,202,2005-08-02 01:43:38,2,245,2,2,Animation,4,0.99,28.99,Carla Gutierrez
9057,2005-07-30 07:14:18,3141,202,2005-08-01 05:10:18,2,690,1,2,Animation,7,2.99,25.99,Carla Gutierrez
3008,2005-06-20 10:23:25,3383,202,2005-06-26 11:00:25,2,743,1,2,Animation,7,0.99,27.99,Carla Gutierrez
3861,2005-07-06 17:24:49,4506,202,2005-07-15 22:19:49,2,984,1,9,Foreign,3,2.99,20.99,Carla Gutierrez
8830,2005-07-29 22:34:35,1751,202,2005-08-05 20:12:35,2,380,2,9,Foreign,7,2.99,11.99,Carla Gutierrez
3148,2005-06-20 20:27:18,4490,202,2005-06-24 20:30:18,2,981,1,16,Travel,7,0.99,13.99,Carla Gutierrez
5297,2005-07-09 15:32:29,3434,202,2005-07-14 14:58:29,1,753,1,8,Family,3,0.99,20.99,Carla Gutierrez
5194,2005-07-09 10:31:34,3809,202,2005-07-15 08:50:34,2,834,2,6,Documentary,4,0.99,26.99,Carla Gutierrez
4567,2005-07-08 05:20:04,4073,202,2005-07-10 01:35:04,1,888,1,6,Documentary,5,4.99,9.99,Carla Gutierrez
7613,2005-07-28 00:13:58,4253,202,2005-08-06 05:36:58,2,924,2,14,Sci-Fi,7,0.99,15.99,Carla Gutierrez
8779,2005-07-29 20:15:00,3245,202,2005-08-03 21:17:00,1,714,2,14,Sci-Fi,6,2.99,29.99,Carla Gutierrez
10375,2005-08-01 06:26:22,857,202,2005-08-06 02:51:22,2,189,1,10,Games,3,0.99,23.99,Carla Gutierrez
3564,2005-07-06 03:02:13,1096,402,2005-07-13 01:41:13,2,244,1,12,Music,5,4.99,26.99,Luis Yanez
9657,2005-07-31 06:00:41,2681,402,2005-08-06 06:51:41,2,588,2,3,Children,4,4.99,11.99,Luis Yanez
5329,2005-07-09 16:49:46,1628,402,2005-07-16 19:05:46,1,356,1,3,Children,5,2.99,10.99,Luis Yanez
6183,2005-07-11 11:14:35,856,402,2005-07-16 15:35:35,1,188,1,5,Comedy,7,2.99,24.99,Luis Yanez
4399,2005-07-07 21:20:28,4515,402,2005-07-12 20:57:28,2,986,1,2,Animation,6,2.99,24.99,Luis Yanez
3612,2005-07-06 05:37:26,2465,402,2005-07-14 01:51:26,1,539,1,7,Drama,7,2.99,21.99,Luis Yanez
7633,2005-07-28 01:03:41,4171,402,2005-08-01 23:54:41,2,907,1,7,Drama,4,0.99,10.99,Luis Yanez
2913,2005-06-20 03:42:27,3456,402,2005-06-23 04:47:27,1,758,2,7,Drama,5,2.99,11.99,Luis Yanez
1194,2005-06-15 01:25:08,3774,402,2005-06-21 01:16:08,2,826,2,16,Travel,7,4.99,19.99,Luis Yanez
11045,2005-08-02 06:07:54,2214,402,2005-08-08 00:37:54,1,479,1,8,Family,7,0.99,12.99,Luis Yanez
8521,2005-07-29 10:12:45,2608,402,2005-08-07 04:37:45,2,572,2,14,Sci-Fi,4,2.99,9.99,Luis Yanez
3755,2005-07-06 12:37:16,3147,402,2005-07-13 07:22:16,1,691,1,15,Sports,6,4.99,29.99,Luis Yanez
2490,2005-06-18 22:00:50,1934,402,2005-06-19 23:45:50,2,420,2,15,Sports,7,4.99,27.99,Luis Yanez
6283,2005-07-11 16:47:32,3319,402,2005-07-17 21:46:32,1,730,2,13,New,3,0.99,28.99,Luis Yanez
4604,2005-07-08 06:58:43,4230,402,2005-07-14 06:41:43,1,920,1,13,New,3,0.99,16.99,Luis Yanez
9779,2005-07-31 10:08:33,1280,402,2005-08-03 14:56:33,1,283,1,13,New,6,0.99,10.99,Luis Yanez
801,2005-05-29 17:35:50,1642,402,2005-06-04 17:05:50,2,358,1,4,Classics,5,0.99,29.99,Luis Yanez
3057,2005-06-20 13:22:48,1101,307,2005-06-26 17:22:48,2,244,2,12,Music,5,4.99,26.99,Joseph Joy
4868,2005-07-08 19:13:50,1157,307,2005-07-14 20:59:50,2,255,2,12,Music,6,4.99,21.99,Joseph Joy
7929,2005-07-28 12:16:40,2652,307,2005-07-31 13:09:40,2,581,1,12,Music,4,0.99,16.99,Joseph Joy
3209,2005-06-21 00:51:06,287,307,2005-06-22 21:49:06,2,65,2,11,Horror,3,4.99,20.99,Joseph Joy
10745,2005-08-01 19:57:06,446,307,2005-08-07 18:04:06,1,99,1,5,Comedy,7,2.99,14.99,Joseph Joy
8647,2005-07-29 14:52:59,556,307,2005-08-06 11:09:59,2,121,1,2,Animation,4,2.99,15.99,Joseph Joy
413,2005-05-27 14:45:37,3516,307,2005-06-03 11:11:37,1,770,2,9,Foreign,5,2.99,13.99,Joseph Joy
3985,2005-07-06 23:24:03,2096,307,2005-07-10 00:20:03,2,455,1,9,Foreign,7,4.99,11.99,Joseph Joy
2152,2005-06-17 22:53:27,2665,307,2005-06-23 19:19:27,1,585,2,7,Drama,4,0.99,25.99,Joseph Joy
2787,2005-06-19 18:47:00,3371,307,2005-06-22 20:22:00,2,739,2,7,Drama,4,4.99,17.99,Joseph Joy
3962,2005-07-06 22:13:45,379,307,2005-07-15 00:22:45,2,84,1,16,Travel,7,4.99,13.99,Joseph Joy
5871,2005-07-10 18:46:08,3288,307,2005-07-16 17:32:08,1,724,2,8,Family,5,2.99,15.99,Joseph Joy
614,2005-05-28 15:33:28,280,307,2005-06-04 12:27:28,2,63,1,8,Family,6,0.99,21.99,Joseph Joy
6991,2005-07-27 01:03:06,319,307,2005-08-05 04:18:06,2,71,2,8,Family,3,4.99,25.99,Joseph Joy
10135,2005-07-31 21:57:32,4193,307,2005-08-05 22:23:32,1,912,2,14,Sci-Fi,3,2.99,9.99,Joseph Joy
2167,2005-06-17 23:51:28,3796,307,2005-06-21 00:43:28,2,831,1,14,Sci-Fi,5,0.99,20.99,Joseph Joy
535,2005-05-28 06:16:32,4209,307,2005-05-31 02:48:32,1,915,1,1,Action,7,4.99,9.99,Joseph Joy
7536,2005-07-27 21:34:09,3417,307,2005-08-02 03:26:09,1,748,2,1,Action,4,0.99,16.99,Joseph Joy
6256,2005-07-11 15:19:22,480,307,2005-07-13 12:43:22,1,105,2,1,Action,6,0.99,21.99,Joseph Joy
970,2005-05-30 19:50:28,1520,307,2005-06-09 01:19:28,1,331,2,10,Games,6,2.99,25.99,Joseph Joy
6125,2005-07-11 08:03:35,2439,307,2005-07-18 12:46:35,1,532,2,15,Sports,5,4.99,28.99,Joseph Joy
10374,2005-08-01 06:25:27,4351,307,2005-08-07 05:44:27,2,948,2,13,New,6,0.99,22.99,Joseph Joy
2881,2005-06-20 01:26:18,1391,307,2005-06-26 23:42:18,1,305,1,13,New,6,2.99,24.99,Joseph Joy
7760,2005-07-28 06:29:45,409,307,2005-08-03 01:36:45,1,90,2,13,New,3,0.99,11.99,Joseph Joy
4522,2005-07-08 03:03:12,4114,307,2005-07-10 04:49:12,1,895,1,4,Classics,3,2.99,21.99,Joseph Joy
5184,2005-07-09 10:14:34,1101,166,2005-07-14 16:05:34,2,244,2,12,Music,5,4.99,26.99,Lynn Payne
6882,2005-07-12 20:50:39,2469,166,2005-07-14 21:01:39,1,540,1,12,Music,7,2.99,10.99,Lynn Payne
1412,2005-06-15 17:09:48,4236,166,2005-06-18 17:05:48,2,921,1,12,Music,7,2.99,29.99,Lynn Payne
3606,2005-07-06 05:28:02,1737,166,2005-07-10 04:51:02,1,378,1,12,Music,5,2.99,24.99,Lynn Payne
4658,2005-07-08 09:51:11,3131,166,2005-07-10 12:30:11,2,688,2,3,Children,6,0.99,12.99,Lynn Payne
10422,2005-08-01 08:17:11,37,166,2005-08-10 10:08:11,2,8,2,11,Horror,6,4.99,15.99,Lynn Payne
3085,2005-06-20 15:42:33,4282,166,2005-06-21 16:51:33,2,932,1,5,Comedy,3,0.99,21.99,Lynn Payne
4389,2005-07-07 20:58:58,1672,166,2005-07-13 19:57:58,2,365,2,5,Comedy,4,4.99,21.99,Lynn Payne
3642,2005-07-06 07:18:20,4204,166,2005-07-09 01:37:20,1,914,2,16,Travel,6,2.99,13.99,Lynn Payne
6237,2005-07-11 14:19:12,2215,166,2005-07-15 15:05:12,1,479,2,8,Family,7,0.99,12.99,Lynn Payne
662,2005-05-28 21:09:31,2968,166,2005-06-01 19:00:31,2,650,2,6,Documentary,3,0.99,27.99,Lynn Payne
2874,2005-06-20 00:42:26,331,166,2005-06-28 01:37:26,2,73,2,14,Sci-Fi,5,2.99,22.99,Lynn Payne
9009,2005-07-30 05:12:01,4136,166,2005-08-07 10:58:01,1,898,2,15,Sports,4,4.99,18.99,Lynn Payne
5380,2005-07-09 19:08:44,3047,166,2005-07-11 20:09:44,1,668,2,15,Sports,7,4.99,25.99,Lynn Payne
5646,2005-07-10 07:08:09,1471,166,2005-07-14 03:48:09,2,322,1,15,Sports,5,2.99,29.99,Lynn Payne
7581,2005-07-27 23:14:35,2051,166,2005-07-29 21:30:35,1,445,2,4,Classics,5,2.99,11.99,Lynn Payne
8052,2005-07-28 16:57:31,2460,166,2005-08-03 18:03:31,2,537,2,4,Classics,3,2.99,29.99,Lynn Payne
2211,2005-06-18 02:29:10,4114,166,2005-06-22 02:02:10,1,895,1,4,Classics,3,2.99,21.99,Lynn Payne
5855,2005-07-10 17:54:06,2457,166,2005-07-18 15:41:06,2,536,2,4,Classics,3,2.99,18.99,Lynn Payne
4828,2005-07-08 17:52:29,1100,92,2005-07-11 14:35:29,1,244,2,12,Music,5,4.99,26.99,Tina Simmons
456,2005-05-27 19:50:06,1699,92,2005-06-02 22:14:06,1,370,1,3,Children,4,2.99,26.99,Tina Simmons
3595,2005-07-06 04:59:49,1431,92,2005-07-15 06:26:49,2,313,1,11,Horror,5,4.99,11.99,Tina Simmons
5919,2005-07-10 21:32:14,164,92,2005-07-12 16:47:14,1,35,2,11,Horror,4,2.99,24.99,Tina Simmons
5620,2005-07-10 05:30:52,2980,92,2005-07-16 04:13:52,1,653,1,11,Horror,3,4.99,15.99,Tina Simmons
6277,2005-07-11 16:19:01,4023,92,2005-07-18 21:00:01,2,876,1,11,Horror,3,2.99,11.99,Tina Simmons
9240,2005-07-30 13:57:54,587,92,2005-08-03 12:23:54,2,127,2,5,Comedy,5,4.99,14.99,Tina Simmons
7073,2005-07-27 04:03:26,3859,92,2005-08-03 05:50:26,1,845,1,9,Foreign,7,4.99,9.99,Tina Simmons
271,2005-05-26 16:22:01,2388,92,2005-06-03 17:30:01,2,521,1,7,Drama,7,4.99,28.99,Tina Simmons
8494,2005-07-29 09:04:32,3524,92,2005-07-31 10:30:32,1,771,2,7,Drama,3,4.99,23.99,Tina Simmons
7832,2005-07-28 08:46:11,284,92,2005-08-04 06:55:11,1,64,2,7,Drama,6,0.99,26.99,Tina Simmons
8938,2005-07-30 02:56:08,4031,92,2005-07-31 23:08:08,2,878,2,16,Travel,3,4.99,25.99,Tina Simmons
5497,2005-07-10 00:23:23,4473,92,2005-07-16 03:54:23,1,977,2,16,Travel,3,2.99,25.99,Tina Simmons
2740,2005-06-19 15:59:04,1534,92,2005-06-28 12:18:04,2,336,1,6,Documentary,5,4.99,22.99,Tina Simmons
4360,2005-07-07 19:31:12,1811,92,2005-07-10 23:11:12,2,393,1,6,Documentary,6,2.99,19.99,Tina Simmons
2521,2005-06-19 00:41:08,132,92,2005-06-22 00:40:08,1,26,2,14,Sci-Fi,3,0.99,15.99,Tina Simmons
5792,2005-07-10 14:22:19,4234,92,2005-07-19 09:08:19,1,920,2,13,New,3,0.99,16.99,Tina Simmons
2084,2005-06-17 17:17:19,428,92,2005-06-22 14:57:19,1,95,1,13,New,5,4.99,18.99,Tina Simmons
3716,2005-07-06 10:52:32,3271,92,2005-07-14 08:45:32,2,720,2,13,New,3,2.99,20.99,Tina Simmons
6158,2005-07-11 09:50:24,3954,92,2005-07-13 04:49:24,2,862,2,4,Classics,5,0.99,25.99,Tina Simmons
6858,2005-07-12 19:53:51,1095,516,2005-07-19 14:12:51,1,244,1,12,Music,5,4.99,26.99,Elmer Noe
8396,2005-07-29 06:07:00,3911,516,2005-07-30 05:32:00,2,853,1,3,Children,3,4.99,12.99,Elmer Noe
1718,2005-06-16 14:52:02,288,516,2005-06-25 10:53:02,2,65,2,11,Horror,3,4.99,20.99,Elmer Noe
7882,2005-07-28 10:33:42,3922,516,2005-07-29 13:49:42,1,856,1,11,Horror,5,4.99,11.99,Elmer Noe
2017,2005-06-17 12:33:30,1434,516,2005-06-19 10:08:30,2,314,1,2,Animation,3,0.99,13.99,Elmer Noe
9243,2005-07-30 14:06:27,876,516,2005-08-06 09:26:27,2,193,1,2,Animation,5,2.99,20.99,Elmer Noe
1159,2005-06-14 22:55:13,4395,516,2005-06-17 02:11:13,1,961,1,9,Foreign,7,4.99,22.99,Elmer Noe
6677,2005-07-12 11:58:14,2389,516,2005-07-21 06:05:14,2,521,2,7,Drama,7,4.99,28.99,Elmer Noe
8534,2005-07-29 10:30:13,4029,516,2005-08-02 04:47:13,1,878,2,16,Travel,3,4.99,25.99,Elmer Noe
339,2005-05-27 03:47:18,2410,516,2005-06-04 05:46:18,2,526,2,16,Travel,7,2.99,10.99,Elmer Noe
7628,2005-07-28 00:58:04,1240,516,2005-08-03 19:16:04,1,274,2,6,Documentary,4,2.99,20.99,Elmer Noe
3068,2005-06-20 14:02:22,1958,516,2005-06-22 12:52:22,2,427,1,6,Documentary,5,0.99,19.99,Elmer Noe
8585,2005-07-29 12:14:18,512,516,2005-08-03 08:31:18,2,114,1,14,Sci-Fi,3,0.99,26.99,Elmer Noe
571,2005-05-28 10:17:41,4250,516,2005-06-05 07:56:41,1,924,1,14,Sci-Fi,7,0.99,15.99,Elmer Noe
3431,2005-06-21 18:46:48,133,516,2005-06-26 23:08:48,1,26,2,14,Sci-Fi,3,0.99,15.99,Elmer Noe
1200,2005-06-15 01:59:51,3329,516,2005-06-21 21:33:51,1,732,1,1,Action,5,0.99,17.99,Elmer Noe
5780,2005-07-10 13:46:23,168,516,2005-07-14 17:19:23,2,37,1,4,Classics,3,2.99,28.99,Elmer Noe
8780,2005-07-29 20:19:45,1095,328,2005-08-03 22:22:45,2,244,1,12,Music,5,4.99,26.99,Jeffrey Spear
2243,2005-06-18 04:33:03,1254,328,2005-06-23 04:14:03,2,277,1,11,Horror,4,4.99,24.99,Jeffrey Spear
9557,2005-07-31 02:14:01,708,328,2005-08-05 23:55:01,1,154,2,2,Animation,6,2.99,12.99,Jeffrey Spear
9835,2005-07-31 12:07:35,1051,328,2005-08-04 07:32:35,2,234,1,14,Sci-Fi,6,2.99,27.99,Jeffrey Spear
8577,2005-07-29 11:56:30,520,328,2005-08-07 15:41:30,1,115,1,1,Action,5,2.99,27.99,Jeffrey Spear
8017,2005-07-28 15:35:41,1764,328,2005-08-01 19:12:41,1,382,2,10,Games,3,0.99,21.99,Jeffrey Spear
1980,2005-06-17 09:48:05,2985,328,2005-06-23 14:43:05,1,654,2,10,Games,4,4.99,19.99,Jeffrey Spear
862,2005-05-30 03:09:11,1186,328,2005-06-03 21:27:11,1,264,2,10,Games,6,2.99,13.99,Jeffrey Spear
3239,2005-06-21 02:48:40,3402,328,2005-06-22 02:49:40,2,746,1,10,Games,3,0.99,10.99,Jeffrey Spear
3024,2005-06-20 11:29:17,1966,328,2005-06-27 12:51:17,2,429,1,15,Sports,3,0.99,29.99,Jeffrey Spear
1670,2005-06-16 10:26:33,2066,328,2005-06-19 07:15:33,1,448,2,13,New,3,2.99,25.99,Jeffrey Spear
5450,2005-07-09 22:13:25,2356,328,2005-07-13 23:28:25,1,512,2,4,Classics,5,4.99,25.99,Jeffrey Spear
359,2005-05-27 06:48:33,1156,152,2005-05-29 03:55:33,1,255,1,12,Music,6,4.99,21.99,Alicia Mills
9010,2005-07-30 05:12:04,1698,152,2005-08-06 02:54:04,2,370,1,3,Children,4,2.99,26.99,Alicia Mills
3577,2005-07-06 03:40:36,4390,152,2005-07-10 05:54:36,2,959,1,3,Children,6,2.99,10.99,Alicia Mills
745,2005-05-29 09:22:57,581,152,2005-06-01 09:10:57,1,127,1,5,Comedy,5,4.99,14.99,Alicia Mills
4974,2005-07-09 00:00:36,1071,152,2005-07-13 21:03:36,1,239,1,2,Animation,5,4.99,16.99,Alicia Mills
10320,2005-08-01 04:39:26,2298,152,2005-08-08 06:01:26,1,500,1,9,Foreign,5,4.99,11.99,Alicia Mills
6612,2005-07-12 08:28:33,235,152,2005-07-17 06:25:33,1,53,1,8,Family,5,2.99,25.99,Alicia Mills
3786,2005-07-06 14:00:41,4508,152,2005-07-13 16:49:41,1,985,1,14,Sci-Fi,4,4.99,19.99,Alicia Mills
2882,2005-06-20 01:26:26,205,152,2005-06-21 19:33:26,1,45,2,13,New,5,4.99,14.99,Alicia Mills
6273,2005-07-11 16:08:41,2403,152,2005-07-14 16:41:41,2,525,1,4,Classics,4,0.99,29.99,Alicia Mills
4687,2005-07-08 10:54:19,1156,169,2005-07-10 08:00:19,2,255,1,12,Music,6,4.99,21.99,Erica Matthews
5066,2005-07-09 04:48:50,1702,169,2005-07-12 22:54:50,2,370,2,3,Children,4,2.99,26.99,Erica Matthews
527,2005-05-28 04:28:38,266,169,2005-06-02 08:19:38,1,59,1,3,Children,4,2.99,20.99,Erica Matthews
6488,2005-07-12 02:20:09,3974,169,2005-07-20 00:53:09,2,865,2,2,Animation,3,4.99,19.99,Erica Matthews
3493,2005-07-05 23:46:19,473,169,2005-07-15 02:31:19,1,104,2,9,Foreign,4,2.99,17.99,Erica Matthews
2023,2005-06-17 12:52:58,787,169,2005-06-23 11:07:58,1,172,2,7,Drama,7,4.99,12.99,Erica Matthews
3261,2005-06-21 04:07:41,2029,169,2005-06-24 06:25:41,2,442,1,8,Family,6,2.99,24.99,Erica Matthews
9203,2005-07-30 12:43:40,2112,169,2005-08-01 09:31:40,2,458,1,8,Family,4,0.99,26.99,Erica Matthews
6143,2005-07-11 09:02:37,1030,169,2005-07-19 05:57:37,2,231,1,8,Family,7,2.99,27.99,Erica Matthews
7597,2005-07-27 23:35:49,2856,169,2005-07-30 21:38:49,1,625,2,14,Sci-Fi,3,0.99,18.99,Erica Matthews
8558,2005-07-29 11:24:49,1160,169,2005-07-31 15:03:49,1,256,2,15,Sports,6,4.99,20.99,Erica Matthews
7187,2005-07-27 08:27:58,2733,169,2005-08-05 09:05:58,1,599,2,15,Sports,3,0.99,20.99,Erica Matthews
6453,2005-07-12 00:59:53,2506,169,2005-07-14 19:17:53,2,551,1,13,New,3,4.99,9.99,Erica Matthews
1087,2005-05-31 11:18:08,431,169,2005-06-04 08:33:08,1,95,2,13,New,5,4.99,18.99,Erica Matthews
9332,2005-07-30 17:53:39,1156,480,2005-08-02 12:25:39,1,255,1,12,Music,6,4.99,21.99,Corey Hauser
3507,2005-07-06 00:23:43,166,480,2005-07-15 04:19:43,1,35,2,11,Horror,4,2.99,24.99,Corey Hauser
6191,2005-07-11 11:37:52,3448,480,2005-07-17 12:45:52,1,756,2,5,Comedy,7,2.99,10.99,Corey Hauser
7910,2005-07-28 11:44:56,2044,480,2005-08-05 14:37:56,2,444,2,5,Comedy,3,4.99,22.99,Corey Hauser
1733,2005-06-16 15:37:07,542,480,2005-06-23 15:53:07,2,118,2,2,Animation,7,0.99,26.99,Corey Hauser
1353,2005-06-15 13:13:36,2711,480,2005-06-21 08:46:36,2,595,2,9,Foreign,7,0.99,20.99,Corey Hauser
7257,2005-07-27 11:04:17,3302,480,2005-08-04 12:32:17,2,727,1,8,Family,6,0.99,12.99,Corey Hauser
8967,2005-07-30 03:56:55,1536,480,2005-08-06 05:25:55,2,336,1,6,Documentary,5,4.99,22.99,Corey Hauser
5633,2005-07-10 06:22:24,1056,480,2005-07-11 05:59:24,2,235,1,14,Sci-Fi,6,2.99,13.99,Corey Hauser
10808,2005-08-01 22:37:11,596,480,2005-08-09 02:37:11,1,130,2,1,Action,7,0.99,24.99,Corey Hauser
8847,2005-07-29 23:13:41,4133,480,2005-07-31 23:55:41,1,898,1,15,Sports,4,4.99,18.99,Corey Hauser
720,2005-05-29 05:17:30,3687,480,2005-06-06 02:47:30,2,806,2,13,New,4,2.99,25.99,Corey Hauser
518,2005-05-28 03:18:02,4087,480,2005-05-30 05:32:02,1,891,1,4,Classics,3,0.99,13.99,Corey Hauser
822,2005-05-29 21:36:00,2634,480,2005-06-07 17:24:00,1,578,1,4,Classics,4,4.99,16.99,Corey Hauser
11017,2005-08-02 05:19:51,4140,480,2005-08-09 00:36:51,2,899,1,4,Classics,7,0.99,14.99,Corey Hauser
4172,2005-07-07 09:49:09,1158,309,2005-07-11 15:14:09,2,255,2,12,Music,6,4.99,21.99,Christopher Greco
7214,2005-07-27 09:23:33,802,309,2005-08-03 13:14:33,2,174,2,12,Music,6,4.99,13.99,Christopher Greco
9945,2005-07-31 15:47:51,2075,309,2005-08-02 19:06:51,1,450,1,3,Children,5,2.99,29.99,Christopher Greco
10728,2005-08-01 19:15:09,3133,309,2005-08-04 19:35:09,1,688,2,3,Children,6,0.99,12.99,Christopher Greco
10458,2005-08-01 09:19:48,1500,309,2005-08-02 10:16:48,1,328,2,3,Children,7,2.99,28.99,Christopher Greco
10818,2005-08-01 22:52:45,4549,309,2005-08-06 04:07:45,1,993,1,3,Children,6,2.99,10.99,Christopher Greco
2688,2005-06-19 12:50:56,4281,309,2005-06-28 17:58:56,2,932,1,5,Comedy,3,0.99,21.99,Christopher Greco
5980,2005-07-11 00:18:21,1777,309,2005-07-14 21:26:21,1,385,2,5,Comedy,6,4.99,26.99,Christopher Greco
2644,2005-06-19 09:42:30,1923,309,2005-06-27 07:23:30,2,418,1,7,Drama,5,0.99,27.99,Christopher Greco
8681,2005-07-29 16:12:01,4004,309,2005-08-01 18:14:01,2,872,2,16,Travel,3,2.99,27.99,Christopher Greco
218,2005-05-26 09:27:09,2291,309,2005-06-04 11:53:09,2,496,2,16,Travel,3,0.99,10.99,Christopher Greco
7846,2005-07-28 09:21:18,4201,309,2005-08-06 07:10:18,2,914,1,16,Travel,6,2.99,13.99,Christopher Greco
4540,2005-07-08 04:03:28,4160,309,2005-07-13 03:31:28,2,903,2,16,Travel,5,4.99,13.99,Christopher Greco
3837,2005-07-06 16:27:43,3166,309,2005-07-07 18:02:43,1,695,1,8,Family,6,4.99,12.99,Christopher Greco
2560,2005-06-19 03:12:42,3340,309,2005-06-28 02:28:42,1,734,2,6,Documentary,4,4.99,12.99,Christopher Greco
8501,2005-07-29 09:12:51,1052,309,2005-07-30 11:19:51,2,234,2,14,Sci-Fi,6,2.99,27.99,Christopher Greco
8341,2005-07-29 04:42:01,4208,309,2005-08-04 00:58:01,1,915,1,1,Action,7,4.99,9.99,Christopher Greco
7722,2005-07-28 04:44:58,3828,309,2005-07-30 01:29:58,1,838,2,1,Action,5,4.99,25.99,Christopher Greco
9949,2005-07-31 15:50:10,3258,309,2005-08-01 17:53:10,2,717,1,1,Action,6,0.99,23.99,Christopher Greco
723,2005-05-29 05:34:44,3407,309,2005-05-30 05:50:44,1,747,1,10,Games,5,0.99,9.99,Christopher Greco
3896,2005-07-06 19:09:15,1755,309,2005-07-16 00:52:15,2,381,2,10,Games,7,4.99,25.99,Christopher Greco
6480,2005-07-12 01:49:29,3076,309,2005-07-17 01:00:29,1,676,2,15,Sports,7,4.99,16.99,Christopher Greco
1837,2005-06-16 23:16:15,1259,309,2005-06-21 21:54:15,1,279,1,15,Sports,7,4.99,11.99,Christopher Greco
5305,2005-07-09 15:55:36,625,309,2005-07-18 15:59:36,1,135,2,15,Sports,3,2.99,22.99,Christopher Greco
8917,2005-07-30 01:47:02,4460,309,2005-08-05 21:10:02,2,974,1,13,New,4,0.99,24.99,Christopher Greco
6268,2005-07-11 15:55:34,1154,125,2005-07-19 17:25:34,1,255,1,12,Music,6,4.99,21.99,Ethel Webb
2826,2005-06-19 20:41:35,2980,125,2005-06-25 17:23:35,1,653,1,11,Horror,3,4.99,15.99,Ethel Webb
7922,2005-07-28 12:05:25,817,125,2005-08-02 12:13:25,2,178,1,5,Comedy,6,0.99,25.99,Ethel Webb
9129,2005-07-30 09:51:21,2658,125,2005-08-07 08:50:21,2,583,1,2,Animation,3,4.99,26.99,Ethel Webb
9504,2005-07-31 00:09:07,91,125,2005-08-02 05:44:07,1,18,2,2,Animation,6,0.99,27.99,Ethel Webb
10583,2005-08-01 13:54:35,704,125,2005-08-03 18:21:35,1,154,1,2,Animation,6,2.99,12.99,Ethel Webb
9496,2005-07-30 23:55:20,453,125,2005-08-02 02:47:20,2,100,1,9,Foreign,7,4.99,21.99,Ethel Webb
2355,2005-06-18 12:57:06,3613,125,2005-06-26 07:32:06,1,789,2,9,Foreign,7,2.99,15.99,Ethel Webb
8832,2005-07-29 22:37:49,380,125,2005-08-04 23:32:49,1,84,1,16,Travel,7,4.99,13.99,Ethel Webb
5200,2005-07-09 10:52:09,4528,125,2005-07-13 15:12:09,1,988,2,16,Travel,7,2.99,26.99,Ethel Webb
10699,2005-08-01 18:24:51,1029,125,2005-08-06 20:18:51,1,231,1,8,Family,7,2.99,27.99,Ethel Webb
185,2005-05-26 05:30:03,2598,125,2005-06-02 09:48:03,2,571,1,6,Documentary,6,2.99,26.99,Ethel Webb
3617,2005-07-06 05:58:06,1337,125,2005-07-13 02:10:06,1,295,1,6,Documentary,3,0.99,14.99,Ethel Webb
9722,2005-07-31 08:29:48,4260,125,2005-08-07 07:52:48,2,926,2,6,Documentary,5,2.99,11.99,Ethel Webb
8433,2005-07-29 07:19:16,1957,125,2005-08-05 03:29:16,1,427,1,6,Documentary,5,0.99,19.99,Ethel Webb
7323,2005-07-27 13:39:40,3830,125,2005-07-29 08:45:40,2,838,2,1,Action,5,4.99,25.99,Ethel Webb
6055,2005-07-11 03:59:08,595,125,2005-07-18 05:35:08,2,130,1,1,Action,7,0.99,24.99,Ethel Webb
8375,2005-07-29 05:25:30,3634,125,2005-08-04 01:43:30,2,793,1,1,Action,6,2.99,14.99,Ethel Webb
5523,2005-07-10 01:47:55,2233,125,2005-07-18 22:25:55,1,483,1,10,Games,3,2.99,29.99,Ethel Webb
7879,2005-07-28 10:27:46,1969,125,2005-07-31 07:48:46,1,429,2,15,Sports,3,0.99,29.99,Ethel Webb
3118,2005-06-20 18:05:57,1258,125,2005-06-23 23:01:57,1,279,1,15,Sports,7,4.99,11.99,Ethel Webb
1481,2005-06-15 21:17:58,3041,125,2005-06-18 17:53:58,2,667,1,15,Sports,3,2.99,20.99,Ethel Webb
9734,2005-07-31 08:57:45,3320,125,2005-08-05 11:57:45,1,730,2,13,New,3,0.99,28.99,Ethel Webb
9102,2005-07-30 08:48:20,1154,276,2005-08-04 10:19:20,1,255,1,12,Music,6,4.99,21.99,Brandy Graves
10763,2005-08-01 20:32:27,987,276,2005-08-05 01:24:27,2,220,1,12,Music,7,2.99,13.99,Brandy Graves
4715,2005-07-08 12:15:37,4010,276,2005-07-10 10:37:37,2,873,1,3,Children,3,0.99,13.99,Brandy Graves
5186,2005-07-09 10:18:40,2415,276,2005-07-13 05:05:40,2,527,1,11,Horror,4,4.99,24.99,Brandy Graves
10691,2005-08-01 18:09:53,4281,276,2005-08-03 16:32:53,1,932,1,5,Comedy,3,0.99,21.99,Brandy Graves
2763,2005-06-19 17:23:34,3096,276,2005-06-21 21:37:34,2,680,2,5,Comedy,4,4.99,21.99,Brandy Graves
3714,2005-07-06 10:51:28,1985,276,2005-07-09 13:57:28,2,433,1,2,Animation,4,2.99,23.99,Brandy Graves
11085,2005-08-02 07:36:44,3207,276,2005-08-04 03:32:44,1,705,1,9,Foreign,4,2.99,9.99,Brandy Graves
9229,2005-07-30 13:38:17,3780,276,2005-08-08 18:17:17,2,827,2,7,Drama,5,4.99,22.99,Brandy Graves
7842,2005-07-28 09:10:06,2447,276,2005-08-04 06:52:06,2,534,2,8,Family,5,0.99,18.99,Brandy Graves
5246,2005-07-09 13:25:18,3548,276,2005-07-13 18:38:18,1,776,1,6,Documentary,6,4.99,11.99,Brandy Graves
3064,2005-06-20 13:53:13,2624,276,2005-06-25 16:33:13,2,575,2,6,Documentary,3,4.99,27.99,Brandy Graves
7282,2005-07-27 12:00:19,4418,276,2005-08-04 14:48:19,2,966,2,6,Documentary,3,0.99,14.99,Brandy Graves
10149,2005-07-31 22:20:46,890,276,2005-08-07 23:12:46,2,199,1,6,Documentary,4,2.99,29.99,Brandy Graves
9080,2005-07-30 08:02:39,94,276,2005-08-06 12:02:39,1,19,1,1,Action,6,0.99,20.99,Brandy Graves
860,2005-05-30 02:45:16,578,276,2005-06-08 07:28:16,1,126,2,1,Action,3,4.99,16.99,Brandy Graves
736,2005-05-29 08:10:07,3689,276,2005-06-05 10:21:07,2,807,1,10,Games,4,0.99,25.99,Brandy Graves
9070,2005-07-30 07:40:39,3690,276,2005-08-01 04:19:39,2,807,1,10,Games,4,0.99,25.99,Brandy Graves
1352,2005-06-15 12:58:27,4352,276,2005-06-18 10:57:27,1,948,2,13,New,6,0.99,22.99,Brandy Graves
409,2005-05-27 14:10:58,3652,220,2005-06-02 10:40:58,2,797,2,12,Music,7,0.99,23.99,Charlene Alvarez
9384,2005-07-30 19:25:35,2313,220,2005-08-08 21:50:35,1,502,2,5,Comedy,4,2.99,21.99,Charlene Alvarez
5613,2005-07-10 05:15:43,4517,220,2005-07-13 05:17:43,2,986,1,2,Animation,6,2.99,24.99,Charlene Alvarez
10778,2005-08-01 21:11:39,1939,220,2005-08-02 22:59:39,2,421,2,9,Foreign,7,4.99,10.99,Charlene Alvarez
7750,2005-07-28 05:55:30,820,220,2005-08-06 04:32:30,2,179,1,7,Drama,4,4.99,14.99,Charlene Alvarez
6832,2005-07-12 18:51:41,444,220,2005-07-20 13:29:41,2,98,1,7,Drama,4,4.99,12.99,Charlene Alvarez
10099,2005-07-31 20:47:14,1960,220,2005-08-02 17:25:14,1,428,1,8,Family,6,2.99,21.99,Charlene Alvarez
6412,2005-07-11 23:19:21,3797,220,2005-07-16 19:48:21,1,832,1,8,Family,5,0.99,16.99,Charlene Alvarez
480,2005-05-27 22:47:39,2108,220,2005-06-04 21:17:39,2,457,2,6,Documentary,5,0.99,21.99,Charlene Alvarez
5859,2005-07-10 18:02:02,131,220,2005-07-11 23:24:02,1,26,1,14,Sci-Fi,3,0.99,15.99,Charlene Alvarez
1832,2005-06-16 22:35:20,500,220,2005-06-19 03:09:20,1,111,2,1,Action,3,0.99,17.99,Charlene Alvarez
10948,2005-08-02 03:23:23,4429,220,2005-08-05 23:18:23,1,968,1,1,Action,6,4.99,19.99,Charlene Alvarez
4918,2005-07-08 21:37:31,3819,220,2005-07-11 20:16:31,2,836,1,15,Sports,3,2.99,14.99,Charlene Alvarez
8398,2005-07-29 06:12:40,348,220,2005-08-02 05:01:40,2,77,1,13,New,5,4.99,15.99,Charlene Alvarez
9455,2005-07-30 22:20:29,2647,220,2005-08-08 20:08:29,1,580,1,13,New,3,4.99,12.99,Charlene Alvarez
11037,2005-08-02 05:58:12,4291,220,2005-08-07 11:26:12,1,935,2,13,New,5,0.99,17.99,Charlene Alvarez
5847,2005-07-10 17:27:42,4403,220,2005-07-12 14:51:42,2,962,1,4,Classics,7,2.99,18.99,Charlene Alvarez
8065,2005-07-28 17:15:48,413,220,2005-08-04 15:49:48,2,91,1,4,Classics,5,0.99,17.99,Charlene Alvarez
2661,2005-06-19 10:50:52,3652,452,2005-06-25 08:44:52,2,797,2,12,Music,7,0.99,23.99,Tom Milner
4348,2005-07-07 19:02:05,1948,452,2005-07-09 20:51:05,2,424,1,3,Children,6,0.99,12.99,Tom Milner
1512,2005-06-15 22:53:03,1628,452,2005-06-23 18:56:03,1,356,1,3,Children,5,2.99,10.99,Tom Milner
6959,2005-07-27 00:07:51,1618,452,2005-07-27 20:45:51,2,353,2,9,Foreign,6,2.99,22.99,Tom Milner
5177,2005-07-09 09:43:21,1675,452,2005-07-13 07:29:21,1,366,1,7,Drama,3,0.99,29.99,Tom Milner
5480,2005-07-09 23:49:07,847,452,2005-07-12 00:15:07,1,186,1,7,Drama,6,0.99,17.99,Tom Milner
7899,2005-07-28 11:10:12,4130,452,2005-08-02 13:20:12,2,897,2,7,Drama,3,4.99,27.99,Tom Milner
3638,2005-07-06 07:08:17,190,452,2005-07-13 12:30:17,1,43,1,8,Family,6,2.99,15.99,Tom Milner
714,2005-05-29 04:15:21,2010,452,2005-06-01 23:05:21,2,437,2,8,Family,7,2.99,13.99,Tom Milner
726,2005-05-29 06:05:29,933,452,2005-06-05 04:40:29,2,206,2,6,Documentary,6,0.99,25.99,Tom Milner
8898,2005-07-30 01:02:20,3961,452,2005-08-05 22:02:20,2,863,2,14,Sci-Fi,5,0.99,9.99,Tom Milner
2504,2005-06-18 23:19:53,1684,452,2005-06-21 04:43:53,2,367,1,14,Sci-Fi,6,0.99,20.99,Tom Milner
4353,2005-07-07 19:19:05,368,452,2005-07-13 13:40:05,1,81,1,14,Sci-Fi,6,4.99,29.99,Tom Milner
4720,2005-07-08 12:34:34,2669,452,2005-07-09 10:28:34,1,586,1,1,Action,4,0.99,27.99,Tom Milner
4417,2005-07-07 22:05:05,743,452,2005-07-09 16:16:05,2,162,2,1,Action,4,2.99,13.99,Tom Milner
1794,2005-06-16 20:08:37,497,452,2005-06-22 01:54:37,1,111,2,1,Action,3,0.99,17.99,Tom Milner
2263,2005-06-18 05:57:47,3259,452,2005-06-20 06:13:47,1,717,1,1,Action,6,0.99,23.99,Tom Milner
354,2005-05-27 06:12:26,2058,452,2005-06-01 06:48:26,1,447,1,10,Games,5,2.99,28.99,Tom Milner
2266,2005-06-18 06:05:02,2596,452,2005-06-20 06:54:02,1,570,2,15,Sports,5,4.99,20.99,Tom Milner
9379,2005-07-30 19:13:01,3855,452,2005-08-07 19:18:01,2,844,1,15,Sports,6,4.99,16.99,Tom Milner
3907,2005-07-06 19:39:14,2507,452,2005-07-11 17:45:14,1,551,1,13,New,3,4.99,9.99,Tom Milner
3791,2005-07-06 14:24:56,3426,452,2005-07-14 11:06:56,2,751,2,13,New,6,0.99,17.99,Tom Milner
1203,2005-06-15 02:09:02,2223,452,2005-06-21 00:04:02,1,481,1,13,New,4,2.99,22.99,Tom Milner
6747,2005-07-12 14:33:21,3651,126,2005-07-13 09:59:21,2,797,2,12,Music,7,0.99,23.99,Ellen Simpson
10032,2005-07-31 18:41:55,2331,126,2005-08-04 22:45:55,1,506,1,11,Horror,4,4.99,14.99,Ellen Simpson
9,2005-05-25 00:00:40,2580,126,2005-05-28 00:22:40,1,565,1,9,Foreign,6,4.99,9.99,Ellen Simpson
4730,2005-07-08 12:59:49,1619,126,2005-07-14 16:15:49,2,353,2,9,Foreign,6,2.99,22.99,Ellen Simpson
7962,2005-07-28 13:48:09,1746,126,2005-08-03 19:21:09,1,379,2,7,Drama,7,0.99,14.99,Ellen Simpson
6755,2005-07-12 15:07:49,2542,126,2005-07-21 18:43:49,2,557,2,8,Family,5,2.99,27.99,Ellen Simpson
9492,2005-07-30 23:52:21,639,126,2005-08-08 20:50:21,2,139,1,8,Family,7,4.99,21.99,Ellen Simpson
752,2005-05-29 10:14:15,1720,126,2005-06-04 06:30:15,1,375,1,1,Action,4,2.99,17.99,Ellen Simpson
8091,2005-07-28 18:27:29,3025,126,2005-08-01 19:45:29,2,664,2,1,Action,6,2.99,12.99,Ellen Simpson
4691,2005-07-08 11:04:53,596,126,2005-07-09 07:48:53,1,130,2,1,Action,7,0.99,24.99,Ellen Simpson
5865,2005-07-10 18:31:05,1382,126,2005-07-12 18:29:05,2,303,2,1,Action,6,0.99,27.99,Ellen Simpson
3502,2005-07-06 00:15:06,1026,126,2005-07-13 01:35:06,1,229,2,1,Action,6,4.99,12.99,Ellen Simpson
3804,2005-07-06 15:08:08,537,126,2005-07-15 14:01:08,2,117,2,10,Games,6,4.99,15.99,Ellen Simpson
5137,2005-07-09 08:00:34,409,126,2005-07-12 05:34:34,1,90,2,13,New,3,0.99,11.99,Ellen Simpson
3450,2005-06-21 21:01:57,2268,126,2005-06-25 23:57:57,1,490,1,13,New,4,2.99,13.99,Ellen Simpson
3725,2005-07-06 11:15:04,2789,126,2005-07-09 06:39:04,1,611,2,4,Classics,7,4.99,17.99,Ellen Simpson
1054,2005-05-31 07:33:25,1575,126,2005-06-02 01:40:25,2,346,1,4,Classics,4,4.99,13.99,Ellen Simpson
8139,2005-07-28 20:16:30,3651,177,2005-08-03 18:00:30,2,797,2,12,Music,7,0.99,23.99,Samantha Duncan
7674,2005-07-28 02:54:30,682,177,2005-08-05 23:09:30,1,149,2,3,Children,7,0.99,21.99,Samantha Duncan
1393,2005-06-15 16:12:50,2767,177,2005-06-19 10:40:50,2,608,2,3,Children,6,2.99,11.99,Samantha Duncan
1621,2005-06-16 07:24:12,3677,177,2005-06-19 02:35:12,1,804,2,11,Horror,7,4.99,13.99,Samantha Duncan
1524,2005-06-16 00:25:52,3439,177,2005-06-19 03:32:52,1,754,2,5,Comedy,6,2.99,17.99,Samantha Duncan
6217,2005-07-11 13:13:45,1090,177,2005-07-19 16:37:45,2,243,1,2,Animation,3,4.99,22.99,Samantha Duncan
2467,2005-06-18 20:20:05,4387,177,2005-06-20 17:01:05,1,958,2,7,Drama,6,2.99,19.99,Samantha Duncan
6284,2005-07-11 16:51:39,2938,177,2005-07-15 19:59:39,1,645,2,16,Travel,7,2.99,18.99,Samantha Duncan
9190,2005-07-30 12:24:17,4421,177,2005-08-03 07:41:17,2,966,2,6,Documentary,3,0.99,14.99,Samantha Duncan
10321,2005-08-01 04:40:02,4512,177,2005-08-03 04:18:02,1,985,2,14,Sci-Fi,4,4.99,19.99,Samantha Duncan
1738,2005-06-16 16:07:27,3260,177,2005-06-20 15:22:27,1,717,2,1,Action,6,0.99,23.99,Samantha Duncan
7493,2005-07-27 19:55:46,2868,177,2005-08-02 19:46:46,2,628,2,15,Sports,5,2.99,24.99,Samantha Duncan
4760,2005-07-08 14:48:07,3718,177,2005-07-10 12:41:07,2,813,2,15,Sports,7,0.99,18.99,Samantha Duncan
10661,2005-08-01 16:48:31,3311,177,2005-08-02 21:02:31,1,729,2,15,Sports,5,2.99,28.99,Samantha Duncan
10710,2005-08-01 18:44:36,3082,177,2005-08-03 13:17:36,1,677,2,13,New,6,0.99,25.99,Samantha Duncan
5127,2005-07-09 07:25:47,3649,129,2005-07-13 11:44:47,2,797,1,12,Music,7,0.99,23.99,Carrie Porter
4256,2005-07-07 14:14:36,1386,129,2005-07-10 09:41:36,1,304,1,3,Children,3,2.99,28.99,Carrie Porter
10024,2005-07-31 18:26:36,265,129,2005-08-09 16:16:36,1,59,1,3,Children,4,2.99,20.99,Carrie Porter
3900,2005-07-06 19:21:28,1497,129,2005-07-15 21:06:28,2,328,2,3,Children,7,2.99,28.99,Carrie Porter
5350,2005-07-09 17:39:30,724,129,2005-07-11 16:43:30,2,159,1,5,Comedy,5,4.99,12.99,Carrie Porter
4896,2005-07-08 20:23:15,3006,129,2005-07-10 15:38:15,1,660,1,5,Comedy,7,2.99,11.99,Carrie Porter
3689,2005-07-06 09:43:01,3168,129,2005-07-11 09:57:01,1,696,1,2,Animation,6,0.99,20.99,Carrie Porter
3183,2005-06-20 22:55:55,4397,129,2005-06-23 17:22:55,1,961,1,9,Foreign,7,4.99,22.99,Carrie Porter
10816,2005-08-01 22:48:57,905,129,2005-08-10 04:39:57,2,201,1,9,Foreign,7,2.99,18.99,Carrie Porter
4602,2005-07-08 06:52:40,3616,129,2005-07-10 06:30:40,1,790,1,7,Drama,6,0.99,22.99,Carrie Porter
1732,2005-06-16 15:34:41,2287,129,2005-06-18 13:05:41,1,496,1,16,Travel,3,0.99,10.99,Carrie Porter
10468,2005-08-01 09:48:29,2115,129,2005-08-05 09:58:29,2,458,2,8,Family,4,0.99,26.99,Carrie Porter
8345,2005-07-29 04:47:37,1034,129,2005-08-02 07:25:37,1,231,2,8,Family,7,2.99,27.99,Carrie Porter
3936,2005-07-06 21:15:03,4258,129,2005-07-08 17:45:03,2,925,2,6,Documentary,3,0.99,27.99,Carrie Porter
10395,2005-08-01 07:08:22,279,129,2005-08-05 08:00:22,2,62,2,6,Documentary,5,2.99,23.99,Carrie Porter
9823,2005-07-31 11:49:00,4423,129,2005-08-07 09:06:00,2,967,1,14,Sci-Fi,5,2.99,26.99,Carrie Porter
10167,2005-07-31 23:24:31,1222,129,2005-08-06 17:42:31,2,271,1,1,Action,5,4.99,12.99,Carrie Porter
3219,2005-06-21 01:43:26,3024,129,2005-06-28 23:50:26,2,664,1,1,Action,6,2.99,12.99,Carrie Porter
2727,2005-06-19 15:02:39,3261,129,2005-06-28 17:49:39,1,717,2,1,Action,6,0.99,23.99,Carrie Porter
8339,2005-07-29 04:41:13,1870,129,2005-07-30 09:01:13,2,408,1,10,Games,4,4.99,28.99,Carrie Porter
10483,2005-08-01 10:19:45,1521,129,2005-08-04 09:29:45,1,331,2,10,Games,6,2.99,25.99,Carrie Porter
9983,2005-07-31 17:09:36,350,129,2005-08-08 20:26:36,1,77,2,13,New,5,4.99,15.99,Carrie Porter
10550,2005-08-01 12:46:52,1980,129,2005-08-05 16:48:52,2,432,1,4,Classics,4,2.99,22.99,Carrie Porter
2768,2005-06-19 17:46:52,3018,129,2005-06-25 21:49:52,1,663,1,4,Classics,7,0.99,29.99,Carrie Porter
4996,2005-07-09 00:59:46,4440,129,2005-07-16 01:30:46,2,970,2,4,Classics,7,0.99,11.99,Carrie Porter
2795,2005-06-19 18:58:53,3694,129,2005-06-28 18:56:53,1,808,2,4,Classics,5,0.99,10.99,Carrie Porter
10201,2005-08-01 00:42:18,3649,299,2005-08-08 20:49:18,2,797,1,12,Music,7,0.99,23.99,James Gannon
606,2005-05-28 14:48:39,3509,299,2005-06-04 09:44:39,2,768,1,3,Children,3,4.99,11.99,James Gannon
332,2005-05-27 02:27:10,1529,299,2005-06-03 01:26:10,2,334,2,11,Horror,6,4.99,21.99,James Gannon
6732,2005-07-12 13:58:51,1913,299,2005-07-17 17:42:51,1,416,2,9,Foreign,6,0.99,10.99,James Gannon
5642,2005-07-10 06:46:08,3630,299,2005-07-13 10:03:08,1,792,2,9,Foreign,7,2.99,15.99,James Gannon
5033,2005-07-09 02:42:01,2841,299,2005-07-14 00:29:01,1,623,2,9,Foreign,4,0.99,9.99,James Gannon
7264,2005-07-27 11:18:58,2391,299,2005-08-03 07:43:58,2,521,2,7,Drama,7,4.99,28.99,James Gannon
2664,2005-06-19 11:11:23,3496,299,2005-06-28 08:30:23,2,766,1,7,Drama,5,0.99,25.99,James Gannon
1650,2005-06-16 09:23:20,4125,299,2005-06-23 11:25:20,1,897,1,7,Drama,3,4.99,27.99,James Gannon
9520,2005-07-31 00:50:54,1306,299,2005-08-04 20:05:54,1,288,2,16,Travel,7,2.99,20.99,James Gannon
6853,2005-07-12 19:38:11,4006,299,2005-07-20 00:14:11,1,872,2,16,Travel,3,2.99,27.99,James Gannon
4153,2005-07-07 08:53:08,2185,299,2005-07-11 05:09:08,2,472,2,16,Travel,3,4.99,24.99,James Gannon
3288,2005-06-21 06:36:59,1961,299,2005-06-30 06:50:59,1,428,1,8,Family,6,2.99,21.99,James Gannon
3074,2005-06-20 14:41:41,1441,299,2005-06-21 15:56:41,1,315,2,8,Family,4,0.99,10.99,James Gannon
3223,2005-06-21 02:06:45,1033,299,2005-06-22 07:16:45,2,231,2,8,Family,7,2.99,27.99,James Gannon
2774,2005-06-19 18:05:11,2809,299,2005-06-21 16:21:11,2,616,2,6,Documentary,4,2.99,19.99,James Gannon
7746,2005-07-28 05:48:56,176,299,2005-08-04 07:33:56,1,39,1,14,Sci-Fi,5,0.99,10.99,James Gannon
3497,2005-07-06 00:00:03,1970,299,2005-07-09 01:27:03,1,429,2,15,Sports,3,0.99,29.99,James Gannon
7862,2005-07-28 10:02:25,2507,299,2005-08-05 13:10:25,1,551,1,13,New,3,4.99,9.99,James Gannon
4350,2005-07-07 19:02:41,2223,299,2005-07-09 15:27:41,1,481,1,13,New,4,2.99,22.99,James Gannon
10440,2005-08-01 08:54:32,842,299,2005-08-02 10:59:32,2,184,2,4,Classics,3,2.99,24.99,James Gannon
2791,2005-06-19 18:51:27,2174,299,2005-06-22 19:35:27,2,469,2,4,Classics,7,4.99,27.99,James Gannon
7145,2005-07-27 07:01:00,3653,109,2005-07-31 02:31:00,1,797,2,12,Music,7,0.99,23.99,Edna West
5296,2005-07-09 15:26:27,495,109,2005-07-15 10:03:27,2,110,1,3,Children,4,0.99,25.99,Edna West
203,2005-05-26 07:27:57,3374,109,2005-06-03 12:52:57,1,740,2,11,Horror,5,2.99,13.99,Edna West
6920,2005-07-12 22:32:58,2301,109,2005-07-19 20:29:58,2,500,2,9,Foreign,5,4.99,11.99,Edna West
622,2005-05-28 15:58:22,2363,109,2005-06-04 10:13:22,1,514,2,7,Drama,6,2.99,17.99,Edna West
1581,2005-06-16 04:28:45,4004,109,2005-06-18 07:07:45,1,872,2,16,Travel,3,2.99,27.99,Edna West
2679,2005-06-19 12:12:30,1994,109,2005-06-27 08:27:30,1,434,2,16,Travel,3,0.99,25.99,Edna West
10240,2005-08-01 02:09:33,4494,109,2005-08-07 02:22:33,2,981,2,16,Travel,7,0.99,13.99,Edna West
9871,2005-07-31 13:25:46,194,109,2005-08-01 13:12:46,2,43,2,8,Family,6,2.99,15.99,Edna West
698,2005-05-29 02:10:52,1412,109,2005-06-01 21:52:52,1,309,2,8,Family,6,0.99,29.99,Edna West
8006,2005-07-28 15:15:41,3959,109,2005-08-05 19:29:41,2,863,1,14,Sci-Fi,5,0.99,9.99,Edna West
386,2005-05-27 10:26:31,1288,109,2005-05-30 08:32:31,1,285,1,14,Sci-Fi,3,0.99,18.99,Edna West
3076,2005-06-20 15:01:19,1344,109,2005-06-28 16:53:19,2,296,1,14,Sci-Fi,5,2.99,23.99,Edna West
10892,2005-08-02 01:12:06,3243,109,2005-08-09 23:53:06,1,714,2,14,Sci-Fi,6,2.99,29.99,Edna West
1106,2005-05-31 14:36:52,4185,109,2005-06-01 14:33:52,2,911,2,1,Action,7,4.99,14.99,Edna West
1061,2005-05-31 08:27:58,965,109,2005-06-07 02:34:58,1,215,1,10,Games,4,4.99,27.99,Edna West
1891,2005-06-17 04:16:44,3576,109,2005-06-24 07:20:44,1,782,2,15,Sports,6,2.99,26.99,Edna West
1115,2005-05-31 16:07:09,2140,109,2005-06-04 18:51:09,1,463,1,15,Sports,4,2.99,21.99,Edna West
4921,2005-07-08 21:43:21,425,109,2005-07-10 16:06:21,2,93,2,13,New,4,4.99,27.99,Edna West
2198,2005-06-18 01:51:22,1983,109,2005-06-26 06:57:22,2,432,2,4,Classics,4,2.99,22.99,Edna West
5027,2005-07-09 02:32:37,2179,109,2005-07-16 23:13:37,1,471,1,4,Classics,7,2.99,23.99,Edna West
9230,2005-07-30 13:39:42,1199,109,2005-07-31 19:20:42,1,266,2,4,Classics,4,0.99,27.99,Edna West
418,2005-05-27 15:13:17,3063,151,2005-06-04 12:05:17,2,673,1,12,Music,3,0.99,19.99,Megan Palmer
10662,2005-08-01 16:50:57,2857,151,2005-08-03 17:19:57,1,626,2,3,Children,5,2.99,12.99,Megan Palmer
10078,2005-07-31 20:02:02,3198,151,2005-08-04 00:45:02,1,702,2,11,Horror,4,2.99,12.99,Megan Palmer
2474,2005-06-18 20:51:34,3450,151,2005-06-25 01:39:34,1,756,2,5,Comedy,7,2.99,10.99,Megan Palmer
3390,2005-06-21 15:10:50,2034,151,2005-06-26 12:38:50,1,443,1,5,Comedy,6,2.99,11.99,Megan Palmer
164,2005-05-26 02:26:49,1070,151,2005-05-28 00:32:49,1,239,1,2,Animation,5,4.99,16.99,Megan Palmer
9969,2005-07-31 16:38:12,938,151,2005-08-05 11:45:12,2,208,1,2,Animation,7,2.99,16.99,Megan Palmer
3089,2005-06-20 15:57:01,539,151,2005-06-25 13:15:01,2,118,1,2,Animation,7,0.99,26.99,Megan Palmer
7189,2005-07-27 08:35:02,4419,151,2005-07-30 14:00:02,2,966,2,6,Documentary,3,0.99,14.99,Megan Palmer
3017,2005-06-20 11:08:56,2513,151,2005-06-28 16:26:56,1,552,2,6,Documentary,5,0.99,15.99,Megan Palmer
4376,2005-07-07 20:24:33,1344,151,2005-07-11 18:32:33,1,296,1,14,Sci-Fi,5,2.99,23.99,Megan Palmer
10311,2005-08-01 04:27:59,4211,151,2005-08-02 08:51:59,1,915,2,1,Action,7,4.99,9.99,Megan Palmer
6768,2005-07-12 15:47:51,3418,151,2005-07-19 21:17:51,2,748,2,1,Action,4,0.99,16.99,Megan Palmer
9253,2005-07-30 14:20:12,4183,151,2005-07-31 11:31:12,2,911,1,1,Action,7,4.99,14.99,Megan Palmer
9890,2005-07-31 14:04:44,1024,151,2005-08-01 11:24:44,1,229,1,1,Action,6,4.99,12.99,Megan Palmer
6854,2005-07-12 19:38:57,3173,151,2005-07-16 16:28:57,1,697,1,1,Action,7,0.99,16.99,Megan Palmer
6720,2005-07-12 13:41:16,2704,151,2005-07-13 14:41:16,2,594,1,1,Action,6,0.99,22.99,Megan Palmer
7332,2005-07-27 13:58:57,1761,151,2005-08-02 12:40:57,1,382,2,10,Games,3,0.99,21.99,Megan Palmer
2947,2005-06-20 06:00:21,4302,151,2005-06-23 10:04:21,2,937,2,13,New,7,2.99,14.99,Megan Palmer
2233,2005-06-18 03:57:36,3063,31,2005-06-21 09:42:36,2,673,1,12,Music,3,0.99,19.99,Brenda Wright
2648,2005-06-19 10:06:20,1620,31,2005-06-21 04:30:20,2,354,1,3,Children,6,4.99,18.99,Brenda Wright
2530,2005-06-19 01:20:00,4166,31,2005-06-23 04:10:00,1,906,1,5,Comedy,4,0.99,27.99,Brenda Wright
3701,2005-07-06 10:12:45,3679,31,2005-07-09 08:52:45,1,805,1,2,Animation,5,4.99,12.99,Brenda Wright
2396,2005-06-18 15:49:48,1986,31,2005-06-27 20:31:48,2,433,1,2,Animation,4,2.99,23.99,Brenda Wright
7000,2005-07-27 01:23:24,2024,31,2005-08-03 02:10:24,2,440,1,9,Foreign,6,0.99,21.99,Brenda Wright
7178,2005-07-27 08:09:25,1899,31,2005-07-29 13:00:25,2,414,1,9,Foreign,3,2.99,23.99,Brenda Wright
7464,2005-07-27 18:49:42,845,31,2005-07-28 20:45:42,2,185,1,9,Foreign,3,2.99,10.99,Brenda Wright
7138,2005-07-27 06:47:13,1418,31,2005-08-03 01:12:13,2,311,1,9,Foreign,4,0.99,14.99,Brenda Wright
8997,2005-07-30 04:53:56,850,31,2005-08-03 07:10:56,1,186,2,7,Drama,6,0.99,17.99,Brenda Wright
4738,2005-07-08 13:24:58,2021,31,2005-07-17 17:44:58,2,439,2,7,Drama,4,4.99,28.99,Brenda Wright
4122,2005-07-07 07:15:35,273,31,2005-07-14 12:10:35,1,61,1,7,Drama,5,4.99,28.99,Brenda Wright
6208,2005-07-11 12:34:56,672,31,2005-07-19 15:17:56,1,147,1,8,Family,5,0.99,16.99,Brenda Wright
2341,2005-06-18 11:35:30,638,31,2005-06-27 11:56:30,2,139,1,8,Family,7,4.99,21.99,Brenda Wright
3205,2005-06-21 00:38:47,2964,31,2005-06-21 22:49:47,1,650,1,6,Documentary,3,0.99,27.99,Brenda Wright
2438,2005-06-18 18:34:21,184,31,2005-06-19 16:50:21,1,40,2,6,Documentary,4,0.99,22.99,Brenda Wright
1838,2005-06-16 23:20:16,513,31,2005-06-20 02:34:16,1,114,1,14,Sci-Fi,3,0.99,26.99,Brenda Wright
6580,2005-07-12 06:26:10,1543,31,2005-07-13 06:44:10,1,338,2,14,Sci-Fi,6,4.99,23.99,Brenda Wright
3172,2005-06-20 22:19:25,1758,31,2005-06-24 17:18:25,2,382,1,10,Games,3,0.99,21.99,Brenda Wright
3967,2005-07-06 22:45:10,2510,31,2005-07-09 23:54:10,2,551,2,13,New,3,4.99,9.99,Brenda Wright
3117,2005-06-20 18:05:15,2184,31,2005-06-26 17:28:15,1,471,2,4,Classics,7,2.99,23.99,Brenda Wright
1656,2005-06-16 10:05:40,2253,31,2005-06-22 06:26:40,1,487,2,4,Classics,6,4.99,29.99,Brenda Wright
6700,2005-07-12 12:47:22,3063,184,2005-07-21 16:04:22,1,673,1,12,Music,3,0.99,19.99,Vivian Ruiz
534,2005-05-28 06:15:25,992,184,2005-06-06 07:51:25,1,220,2,12,Music,7,2.99,13.99,Vivian Ruiz
6493,2005-07-12 02:40:41,16,184,2005-07-16 04:56:41,1,4,1,11,Horror,5,2.99,26.99,Vivian Ruiz
2312,2005-06-18 08:55:46,402,184,2005-06-24 04:34:46,2,89,2,2,Animation,7,0.99,22.99,Vivian Ruiz
4314,2005-07-07 17:38:31,539,184,2005-07-09 20:24:31,1,118,1,2,Animation,7,0.99,26.99,Vivian Ruiz
7686,2005-07-28 03:19:23,2144,184,2005-08-04 05:17:23,2,464,1,2,Animation,3,2.99,13.99,Vivian Ruiz
1976,2005-06-17 09:38:08,3631,184,2005-06-23 07:23:08,2,792,2,9,Foreign,7,2.99,15.99,Vivian Ruiz
567,2005-05-28 09:56:20,3308,184,2005-06-01 06:41:20,2,728,1,7,Drama,3,0.99,26.99,Vivian Ruiz
8892,2005-07-30 00:47:03,1584,184,2005-08-06 03:23:03,2,347,1,16,Travel,7,4.99,17.99,Vivian Ruiz
196,2005-05-26 06:55:58,190,184,2005-05-27 10:54:58,1,43,1,8,Family,6,2.99,15.99,Vivian Ruiz
4882,2005-07-08 19:42:03,4540,184,2005-07-16 22:24:03,1,991,2,1,Action,4,2.99,26.99,Vivian Ruiz
5891,2005-07-10 20:01:17,4355,184,2005-07-12 00:15:17,1,949,1,10,Games,6,0.99,27.99,Vivian Ruiz
7051,2005-07-27 03:34:37,1310,184,2005-07-31 03:48:37,2,289,1,13,New,5,4.99,25.99,Vivian Ruiz
9162,2005-07-30 11:21:56,4198,184,2005-08-02 15:32:56,1,913,1,13,New,3,0.99,20.99,Vivian Ruiz
9375,2005-07-30 19:10:17,3063,529,2005-08-02 23:00:17,1,673,1,12,Music,3,0.99,19.99,Erik Guillen
1686,2005-06-16 12:08:20,3883,529,2005-06-20 10:59:20,1,849,1,2,Animation,6,0.99,28.99,Erik Guillen
3354,2005-06-21 11:29:49,1083,529,2005-06-25 07:39:49,2,241,1,2,Animation,4,0.99,20.99,Erik Guillen
6538,2005-07-12 04:50:26,1987,529,2005-07-20 23:44:26,2,433,1,2,Animation,4,2.99,23.99,Erik Guillen
4045,2005-07-07 03:26:14,1422,529,2005-07-11 06:52:14,1,311,2,9,Foreign,4,0.99,14.99,Erik Guillen
8708,2005-07-29 17:24:13,4054,529,2005-08-04 13:57:13,1,882,1,7,Drama,4,0.99,24.99,Erik Guillen
4444,2005-07-07 23:07:44,764,529,2005-07-14 02:51:44,2,167,1,16,Travel,6,4.99,10.99,Erik Guillen
5993,2005-07-11 01:06:41,3588,529,2005-07-14 19:19:41,1,785,1,16,Travel,6,4.99,20.99,Erik Guillen
9310,2005-07-30 16:57:09,2957,529,2005-08-03 18:14:09,1,648,2,16,Travel,7,4.99,17.99,Erik Guillen
4553,2005-07-08 04:43:41,2114,529,2005-07-09 23:55:41,1,458,2,8,Family,4,0.99,26.99,Erik Guillen
10361,2005-08-01 05:53:49,318,529,2005-08-10 00:42:49,2,71,2,8,Family,3,4.99,25.99,Erik Guillen
4254,2005-07-07 14:13:52,3957,529,2005-07-12 10:39:52,2,863,1,14,Sci-Fi,5,0.99,9.99,Erik Guillen
6541,2005-07-12 04:53:41,1795,529,2005-07-17 23:17:41,2,390,1,14,Sci-Fi,4,4.99,20.99,Erik Guillen
453,2005-05-27 19:31:16,4425,529,2005-05-29 23:06:16,1,967,2,14,Sci-Fi,5,2.99,26.99,Erik Guillen
7128,2005-07-27 06:14:36,143,529,2005-08-02 05:18:36,1,29,1,1,Action,5,2.99,11.99,Erik Guillen
8979,2005-07-30 04:20:25,1394,529,2005-08-08 03:39:25,2,305,2,13,New,6,2.99,24.99,Erik Guillen
1234,2005-06-15 04:21:52,709,529,2005-06-22 03:25:52,1,155,1,13,New,6,0.99,26.99,Erik Guillen
6908,2005-07-12 22:08:46,3161,529,2005-07-21 00:21:46,2,694,1,4,Classics,6,4.99,15.99,Erik Guillen
6139,2005-07-11 08:39:33,3065,206,2005-07-17 08:00:33,2,673,2,12,Music,3,0.99,19.99,Terri Vasquez
1872,2005-06-17 02:27:03,3596,206,2005-06-20 22:41:03,2,786,1,3,Children,7,0.99,14.99,Terri Vasquez
7222,2005-07-27 09:38:43,2330,206,2005-07-28 06:25:43,1,506,1,11,Horror,4,4.99,14.99,Terri Vasquez
7541,2005-07-27 21:40:05,4100,206,2005-07-29 16:13:05,1,892,2,2,Animation,3,4.99,18.99,Terri Vasquez
8217,2005-07-28 23:44:13,3747,206,2005-08-03 21:27:13,2,820,1,2,Animation,3,2.99,11.99,Terri Vasquez
6420,2005-07-11 23:38:49,4443,206,2005-07-17 17:46:49,2,971,1,9,Foreign,4,4.99,11.99,Terri Vasquez
3847,2005-07-06 16:44:41,782,206,2005-07-07 21:54:41,2,170,2,9,Foreign,5,4.99,28.99,Terri Vasquez
11022,2005-08-02 05:35:03,827,206,2005-08-09 10:20:03,2,181,1,16,Travel,7,2.99,10.99,Terri Vasquez
3831,2005-07-06 16:06:35,1338,206,2005-07-08 15:14:35,2,295,1,6,Documentary,3,0.99,14.99,Terri Vasquez
8549,2005-07-29 11:12:13,1866,206,2005-08-06 06:04:13,2,407,1,6,Documentary,5,0.99,12.99,Terri Vasquez
3533,2005-07-06 01:26:44,2028,206,2005-07-14 21:37:44,1,441,1,6,Documentary,5,2.99,21.99,Terri Vasquez
10930,2005-08-02 02:38:07,2027,206,2005-08-08 05:15:07,2,441,1,6,Documentary,5,2.99,21.99,Terri Vasquez
9474,2005-07-30 23:05:44,3771,206,2005-08-05 23:46:44,1,825,1,1,Action,6,2.99,22.99,Terri Vasquez
4068,2005-07-07 04:34:38,4152,206,2005-07-11 09:16:38,2,902,1,15,Sports,6,4.99,22.99,Terri Vasquez
2477,2005-06-18 20:58:46,2510,206,2005-06-22 21:49:46,1,551,2,13,New,3,4.99,9.99,Terri Vasquez
3012,2005-06-20 10:43:13,1392,206,2005-06-28 10:07:13,2,305,1,13,New,6,2.99,24.99,Terri Vasquez
4107,2005-07-07 06:36:32,4232,206,2005-07-14 03:36:32,1,920,1,13,New,3,0.99,16.99,Terri Vasquez
4823,2005-07-08 17:28:54,155,206,2005-07-11 23:10:54,1,32,2,13,New,6,4.99,11.99,Terri Vasquez
7093,2005-07-27 04:47:00,3065,574,2005-07-31 10:15:00,1,673,2,12,Music,3,0.99,19.99,Julian Vest
9759,2005-07-31 09:25:57,2950,574,2005-08-07 12:56:57,2,647,2,12,Music,4,0.99,18.99,Julian Vest
2632,2005-06-19 08:51:47,2274,574,2005-06-23 07:13:47,2,491,2,3,Children,4,0.99,18.99,Julian Vest
8303,2005-07-29 03:05:56,1620,574,2005-08-04 06:13:56,1,354,1,3,Children,6,4.99,18.99,Julian Vest
1559,2005-06-16 02:35:03,716,574,2005-06-19 21:22:03,1,157,2,3,Children,7,0.99,29.99,Julian Vest
3220,2005-06-21 01:46:25,1880,574,2005-06-26 07:44:25,2,409,2,3,Children,3,4.99,9.99,Julian Vest
7964,2005-07-28 13:49:58,2528,574,2005-08-03 10:03:58,2,555,2,5,Comedy,4,0.99,25.99,Julian Vest
6523,2005-07-12 04:14:19,1848,574,2005-07-17 00:38:19,1,402,2,2,Animation,3,0.99,15.99,Julian Vest
5010,2005-07-09 01:33:23,1999,574,2005-07-14 04:00:23,2,435,1,9,Foreign,6,4.99,28.99,Julian Vest
4212,2005-07-07 11:53:14,1825,574,2005-07-09 07:12:14,1,396,2,7,Drama,5,4.99,18.99,Julian Vest
5076,2005-07-09 05:13:22,4388,574,2005-07-16 09:11:22,1,958,2,7,Drama,6,2.99,19.99,Julian Vest
1817,2005-06-16 21:20:52,1354,574,2005-06-19 16:24:52,2,299,1,16,Travel,4,0.99,9.99,Julian Vest
4004,2005-07-07 00:20:51,667,574,2005-07-11 18:55:51,2,145,2,8,Family,5,4.99,25.99,Julian Vest
5077,2005-07-09 05:18:01,686,574,2005-07-17 10:39:01,2,150,2,6,Documentary,7,2.99,9.99,Julian Vest
9589,2005-07-31 03:13:29,2604,574,2005-08-09 01:51:29,2,572,1,14,Sci-Fi,4,2.99,9.99,Julian Vest
7134,2005-07-27 06:33:06,1058,574,2005-07-28 06:15:06,1,235,2,14,Sci-Fi,6,2.99,13.99,Julian Vest
10347,2005-08-01 05:20:03,953,574,2005-08-04 10:03:03,1,212,2,1,Action,7,4.99,14.99,Julian Vest
5640,2005-07-10 06:38:00,2706,574,2005-07-18 08:56:00,2,594,1,1,Action,6,0.99,22.99,Julian Vest
4890,2005-07-08 20:05:38,3576,574,2005-07-14 14:55:38,2,782,2,15,Sports,6,2.99,26.99,Julian Vest
3583,2005-07-06 04:10:43,204,574,2005-07-14 22:17:43,2,45,1,13,New,5,4.99,14.99,Julian Vest
433,2005-05-27 16:40:40,4364,574,2005-05-30 19:55:40,2,951,2,4,Classics,6,0.99,28.99,Julian Vest
1636,2005-06-16 08:28:54,2052,574,2005-06-24 09:23:54,1,445,2,4,Classics,5,2.99,11.99,Julian Vest
6310,2005-07-11 18:14:05,3064,537,2005-07-16 15:39:05,2,673,2,12,Music,3,0.99,19.99,Clinton Buford
8126,2005-07-28 19:32:41,719,537,2005-08-05 00:33:41,2,158,1,12,Music,6,2.99,16.99,Clinton Buford
3134,2005-06-20 19:29:09,1389,537,2005-06-29 19:31:09,2,304,2,3,Children,3,2.99,28.99,Clinton Buford
3555,2005-07-06 02:45:35,869,537,2005-07-10 07:17:35,1,191,1,3,Children,6,0.99,27.99,Clinton Buford
8256,2005-07-29 01:02:42,1483,537,2005-07-31 22:29:42,2,324,2,5,Comedy,3,4.99,11.99,Clinton Buford
7810,2005-07-28 08:00:38,30,537,2005-08-02 06:14:38,2,6,2,9,Foreign,3,2.99,17.99,Clinton Buford
6409,2005-07-11 23:05:49,3859,537,2005-07-13 00:13:49,2,845,1,9,Foreign,7,4.99,9.99,Clinton Buford
7179,2005-07-27 08:10:29,2365,537,2005-07-28 12:24:29,2,514,2,7,Drama,6,2.99,17.99,Clinton Buford
3853,2005-07-06 16:59:20,1411,537,2005-07-07 12:30:20,2,309,1,8,Family,6,0.99,29.99,Clinton Buford
9967,2005-07-31 16:31:17,958,537,2005-08-06 13:52:17,1,213,1,8,Family,4,0.99,19.99,Clinton Buford
603,2005-05-28 14:27:51,3248,537,2005-05-29 13:13:51,1,715,1,8,Family,3,4.99,25.99,Clinton Buford
1445,2005-06-15 19:10:07,3189,537,2005-06-19 20:27:07,2,700,2,8,Family,4,2.99,13.99,Clinton Buford
6746,2005-07-12 14:33:01,3127,537,2005-07-17 19:52:01,2,687,2,6,Documentary,6,0.99,15.99,Clinton Buford
2586,2005-06-19 05:05:11,4104,537,2005-06-27 00:23:11,1,893,1,14,Sci-Fi,4,4.99,11.99,Clinton Buford
5877,2005-07-10 19:08:51,1520,537,2005-07-19 19:48:51,1,331,2,10,Games,6,2.99,25.99,Clinton Buford
5630,2005-07-10 06:08:14,1151,537,2005-07-14 03:37:14,2,254,2,15,Sports,4,2.99,11.99,Clinton Buford
2184,2005-06-18 01:10:36,3468,537,2005-06-21 05:59:36,2,760,2,13,New,5,2.99,21.99,Clinton Buford
10620,2005-08-01 15:09:17,3064,183,2005-08-09 13:58:17,1,673,2,12,Music,3,0.99,19.99,Ida Andrews
9818,2005-07-31 11:34:32,1254,183,2005-08-04 08:20:32,1,277,1,11,Horror,4,4.99,24.99,Ida Andrews
4134,2005-07-07 08:14:24,2917,183,2005-07-09 10:42:24,1,641,1,9,Foreign,4,0.99,21.99,Ida Andrews
6472,2005-07-12 01:33:25,3780,183,2005-07-15 20:26:25,1,827,2,7,Drama,5,4.99,22.99,Ida Andrews
3869,2005-07-06 17:56:46,2540,183,2005-07-10 20:44:46,1,557,1,8,Family,5,2.99,27.99,Ida Andrews
9931,2005-07-31 15:18:19,3455,183,2005-08-04 14:23:19,2,757,2,6,Documentary,4,2.99,28.99,Ida Andrews
5069,2005-07-09 04:56:30,4417,183,2005-07-13 23:53:30,2,966,1,6,Documentary,3,0.99,14.99,Ida Andrews
9672,2005-07-31 06:34:06,4394,183,2005-08-08 10:29:06,2,960,2,6,Documentary,5,2.99,15.99,Ida Andrews
7359,2005-07-27 14:51:04,174,183,2005-07-31 16:03:04,2,39,1,14,Sci-Fi,5,0.99,10.99,Ida Andrews
5756,2005-07-10 12:39:28,130,183,2005-07-11 14:08:28,2,26,1,14,Sci-Fi,3,0.99,15.99,Ida Andrews
1279,2005-06-15 08:13:57,698,183,2005-06-18 09:36:57,2,153,1,14,Sci-Fi,7,0.99,18.99,Ida Andrews
4157,2005-07-07 09:04:26,304,183,2005-07-08 09:55:26,1,69,1,14,Sci-Fi,3,2.99,21.99,Ida Andrews
382,2005-05-27 10:12:00,4358,183,2005-05-31 15:03:00,1,949,2,10,Games,6,0.99,27.99,Ida Andrews
3381,2005-06-21 14:02:59,1373,183,2005-06-29 18:11:59,2,302,1,10,Games,5,2.99,29.99,Ida Andrews
2471,2005-06-18 20:31:00,3399,183,2005-06-24 18:01:00,2,745,2,15,Sports,5,4.99,23.99,Ida Andrews
2188,2005-06-18 01:19:04,712,183,2005-06-25 03:59:04,2,155,2,13,New,6,0.99,26.99,Ida Andrews
6569,2005-07-12 05:47:40,759,183,2005-07-20 06:23:40,2,166,1,4,Classics,6,2.99,19.99,Ida Andrews
1950,2005-06-17 08:26:52,723,594,2005-06-22 08:08:52,2,158,2,12,Music,6,2.99,16.99,Eduardo Hiatt
5386,2005-07-09 19:19:09,721,594,2005-07-13 00:13:09,2,158,2,12,Music,6,2.99,16.99,Eduardo Hiatt
4037,2005-07-07 02:52:52,3903,594,2005-07-16 00:09:52,1,852,1,3,Children,4,0.99,27.99,Eduardo Hiatt
3546,2005-07-06 02:17:54,959,594,2005-07-07 00:19:54,1,214,2,3,Children,3,4.99,13.99,Eduardo Hiatt
10704,2005-08-01 18:38:02,960,594,2005-08-08 20:19:02,1,214,2,3,Children,3,4.99,13.99,Eduardo Hiatt
3302,2005-06-21 07:33:40,562,594,2005-06-29 06:02:40,1,122,1,11,Horror,7,0.99,11.99,Eduardo Hiatt
1537,2005-06-16 00:52:51,4577,594,2005-06-20 19:33:51,2,1000,1,5,Comedy,3,4.99,18.99,Eduardo Hiatt
8603,2005-07-29 13:07:07,3007,594,2005-08-04 18:32:07,2,660,1,5,Comedy,7,2.99,11.99,Eduardo Hiatt
1018,2005-05-31 02:53:42,1930,594,2005-06-03 00:47:42,2,418,2,7,Drama,5,0.99,27.99,Eduardo Hiatt
4154,2005-07-07 08:58:23,191,594,2005-07-14 03:16:23,2,43,1,8,Family,6,2.99,15.99,Eduardo Hiatt
9545,2005-07-31 01:46:24,3451,594,2005-08-09 06:11:24,1,757,1,6,Documentary,4,2.99,28.99,Eduardo Hiatt
1816,2005-06-16 21:20:41,2861,594,2005-06-18 02:21:41,1,627,2,6,Documentary,4,4.99,9.99,Eduardo Hiatt
9802,2005-07-31 11:04:20,2156,594,2005-08-03 05:28:20,1,466,1,6,Documentary,6,4.99,20.99,Eduardo Hiatt
3474,2005-07-05 22:59:53,97,594,2005-07-08 20:32:53,1,19,2,1,Action,6,0.99,20.99,Eduardo Hiatt
2276,2005-06-18 06:33:48,1145,594,2005-06-25 00:50:48,2,253,1,1,Action,5,4.99,18.99,Eduardo Hiatt
8567,2005-07-29 11:37:30,1612,594,2005-08-03 05:58:30,2,352,2,10,Games,4,0.99,22.99,Eduardo Hiatt
9698,2005-07-31 07:24:35,3477,594,2005-08-09 04:52:35,2,762,2,10,Games,6,0.99,29.99,Eduardo Hiatt
8820,2005-07-29 22:14:56,481,594,2005-08-05 23:36:56,2,106,1,10,Games,4,2.99,14.99,Eduardo Hiatt
313,2005-05-26 22:56:19,4156,594,2005-05-29 01:29:19,2,902,2,15,Sports,6,4.99,22.99,Eduardo Hiatt
360,2005-05-27 06:51:14,3489,594,2005-06-03 01:58:14,1,764,2,15,Sports,3,4.99,28.99,Eduardo Hiatt
2786,2005-06-19 18:46:43,2255,594,2005-06-22 16:52:43,1,488,1,15,Sports,3,0.99,23.99,Eduardo Hiatt
7533,2005-07-27 21:24:33,1791,594,2005-08-05 16:33:33,2,389,1,15,Sports,3,2.99,9.99,Eduardo Hiatt
3960,2005-07-06 22:08:53,2090,594,2005-07-07 23:21:53,2,453,1,15,Sports,3,2.99,17.99,Eduardo Hiatt
1045,2005-05-31 06:29:01,3470,594,2005-06-09 04:31:01,1,760,2,13,New,5,2.99,21.99,Eduardo Hiatt
6473,2005-07-12 01:35:40,527,594,2005-07-20 20:11:40,1,116,1,4,Classics,4,2.99,10.99,Eduardo Hiatt
5465,2005-07-09 23:01:13,723,503,2005-07-13 01:03:13,1,158,2,12,Music,6,2.99,16.99,Angel Barclay
4570,2005-07-08 05:33:59,2612,503,2005-07-14 09:27:59,1,573,1,3,Children,6,2.99,22.99,Angel Barclay
5925,2005-07-10 21:41:27,3724,503,2005-07-18 18:35:27,2,814,2,5,Comedy,6,4.99,15.99,Angel Barclay
631,2005-05-28 17:36:32,2465,503,2005-06-03 14:56:32,2,539,1,7,Drama,7,2.99,21.99,Angel Barclay
109,2005-05-25 18:40:20,1044,503,2005-05-29 20:39:20,2,233,1,16,Travel,3,0.99,17.99,Angel Barclay
2225,2005-06-18 03:35:40,2829,503,2005-06-23 03:05:40,1,621,1,8,Family,5,2.99,23.99,Angel Barclay
9725,2005-07-31 08:35:18,3960,503,2005-08-03 03:46:18,2,863,2,14,Sci-Fi,5,0.99,9.99,Angel Barclay
6529,2005-07-12 04:31:04,1058,503,2005-07-17 07:09:04,2,235,2,14,Sci-Fi,6,2.99,13.99,Angel Barclay
6950,2005-07-26 23:45:33,197,503,2005-07-31 04:40:33,2,44,1,14,Sci-Fi,5,4.99,21.99,Angel Barclay
8178,2005-07-28 21:54:31,2825,503,2005-08-02 23:56:31,2,620,2,14,Sci-Fi,5,2.99,23.99,Angel Barclay
353,2005-05-27 06:03:39,3989,503,2005-06-03 04:39:39,2,869,2,1,Action,4,2.99,22.99,Angel Barclay
11075,2005-08-02 07:24:23,3027,503,2005-08-08 04:55:23,1,664,2,1,Action,6,2.99,12.99,Angel Barclay
3430,2005-06-21 18:46:08,1613,503,2005-06-22 13:49:08,2,352,2,10,Games,4,0.99,22.99,Angel Barclay
3935,2005-07-06 21:08:29,3402,503,2005-07-15 23:28:29,2,746,1,10,Games,3,0.99,10.99,Angel Barclay
6166,2005-07-11 10:19:05,967,503,2005-07-12 14:30:05,1,215,2,10,Games,4,4.99,27.99,Angel Barclay
1074,2005-05-31 10:04:42,2508,503,2005-06-02 15:27:42,2,551,2,13,New,3,4.99,9.99,Angel Barclay
2108,2005-06-17 19:35:26,1395,503,2005-06-25 15:45:26,1,305,2,13,New,6,2.99,24.99,Angel Barclay
9974,2005-07-31 16:51:11,430,503,2005-08-05 16:04:11,1,95,2,13,New,5,4.99,18.99,Angel Barclay
932,2005-05-30 12:55:36,719,198,2005-05-31 10:30:36,2,158,1,12,Music,6,2.99,16.99,Elsie Kelley
7441,2005-07-27 17:46:53,4039,198,2005-07-31 23:05:53,1,879,2,12,Music,3,4.99,20.99,Elsie Kelley
7622,2005-07-28 00:37:34,4014,198,2005-07-31 23:27:34,2,873,2,3,Children,3,0.99,13.99,Elsie Kelley
6819,2005-07-12 18:21:01,1253,198,2005-07-13 21:14:01,1,277,1,11,Horror,4,4.99,24.99,Elsie Kelley
582,2005-05-28 11:33:46,4579,198,2005-05-29 08:33:46,1,1000,2,5,Comedy,3,4.99,18.99,Elsie Kelley
4750,2005-07-08 14:07:03,3383,198,2005-07-13 18:05:03,1,743,1,2,Animation,7,0.99,27.99,Elsie Kelley
4588,2005-07-08 06:18:01,3629,198,2005-07-10 08:59:01,1,792,2,9,Foreign,7,2.99,15.99,Elsie Kelley
6889,2005-07-12 21:01:22,2919,198,2005-07-20 20:16:22,2,641,2,9,Foreign,4,0.99,21.99,Elsie Kelley
8145,2005-07-28 20:34:41,937,198,2005-08-05 15:28:41,2,207,1,9,Foreign,7,4.99,26.99,Elsie Kelley
2185,2005-06-18 01:12:22,4326,198,2005-06-20 20:41:22,1,942,2,7,Drama,7,0.99,27.99,Elsie Kelley
5794,2005-07-10 14:34:53,1164,198,2005-07-17 11:50:53,2,257,2,16,Travel,3,0.99,14.99,Elsie Kelley
639,2005-05-28 18:25:02,4204,198,2005-05-29 18:22:02,1,914,2,16,Travel,6,2.99,13.99,Elsie Kelley
7583,2005-07-27 23:15:22,2890,198,2005-08-04 04:39:22,2,634,2,8,Family,6,0.99,14.99,Elsie Kelley
6567,2005-07-12 05:43:09,1336,198,2005-07-19 08:18:09,2,295,1,6,Documentary,3,0.99,14.99,Elsie Kelley
357,2005-05-27 06:37:15,4417,198,2005-05-30 07:04:15,2,966,1,6,Documentary,3,0.99,14.99,Elsie Kelley
7287,2005-07-27 12:24:12,926,198,2005-07-31 15:34:12,1,206,1,6,Documentary,6,0.99,25.99,Elsie Kelley
9389,2005-07-30 19:27:59,3124,198,2005-08-04 18:25:59,2,687,1,6,Documentary,6,0.99,15.99,Elsie Kelley
10147,2005-07-31 22:18:43,1351,198,2005-08-02 23:08:43,2,298,2,14,Sci-Fi,4,2.99,13.99,Elsie Kelley
10112,2005-07-31 21:08:56,2643,198,2005-08-01 23:35:56,2,579,2,1,Action,3,4.99,22.99,Elsie Kelley
1132,2005-05-31 18:44:53,1763,198,2005-06-07 22:02:53,2,382,2,10,Games,3,0.99,21.99,Elsie Kelley
3770,2005-07-06 13:14:28,3836,198,2005-07-13 09:23:28,1,840,1,10,Games,5,0.99,26.99,Elsie Kelley
10679,2005-08-01 17:27:58,4437,198,2005-08-08 16:06:58,1,970,2,4,Classics,7,0.99,11.99,Elsie Kelley
2640,2005-06-19 09:26:13,721,540,2005-06-20 14:38:13,1,158,2,12,Music,6,2.99,16.99,Tyrone Asher
3340,2005-06-21 10:37:23,2962,540,2005-06-26 07:21:23,2,649,2,2,Animation,4,2.99,14.99,Tyrone Asher
6145,2005-07-11 09:07:01,1359,540,2005-07-19 08:21:01,1,300,1,2,Animation,5,4.99,21.99,Tyrone Asher
1263,2005-06-15 06:56:39,4144,540,2005-06-16 11:08:39,1,900,2,9,Foreign,6,2.99,17.99,Tyrone Asher
4991,2005-07-09 00:49:03,1856,540,2005-07-13 05:02:03,1,403,2,7,Drama,5,4.99,18.99,Tyrone Asher
6103,2005-07-11 06:59:55,262,540,2005-07-16 09:30:55,1,58,2,6,Documentary,6,2.99,16.99,Tyrone Asher
10924,2005-08-02 02:20:19,589,540,2005-08-11 05:50:19,2,129,1,6,Documentary,3,2.99,16.99,Tyrone Asher
4628,2005-07-08 08:25:52,1888,540,2005-07-10 11:22:52,1,412,1,6,Documentary,6,4.99,25.99,Tyrone Asher
2953,2005-06-20 06:39:11,1829,540,2005-06-26 06:19:11,1,397,2,14,Sci-Fi,5,2.99,26.99,Tyrone Asher
6748,2005-07-12 14:39:27,3655,540,2005-07-18 13:40:27,2,798,1,14,Sci-Fi,4,4.99,11.99,Tyrone Asher
1290,2005-06-15 08:52:44,1921,540,2005-06-24 13:36:44,2,417,2,1,Action,5,0.99,29.99,Tyrone Asher
9815,2005-07-31 11:30:51,2728,540,2005-08-08 12:52:51,1,598,1,15,Sports,6,0.99,22.99,Tyrone Asher
6182,2005-07-11 11:11:38,2562,540,2005-07-17 08:33:38,2,561,1,13,New,6,2.99,26.99,Tyrone Asher
9762,2005-07-31 09:32:54,155,540,2005-08-05 04:55:54,1,32,2,13,New,6,4.99,11.99,Tyrone Asher
6919,2005-07-12 22:32:17,1122,540,2005-07-18 20:09:17,1,249,1,4,Classics,7,0.99,26.99,Tyrone Asher
8438,2005-07-29 07:25:42,720,97,2005-08-04 07:39:42,1,158,1,12,Music,6,2.99,16.99,Annie Russell
4508,2005-07-08 02:28:41,3996,97,2005-07-16 23:59:41,1,870,2,11,Horror,4,0.99,12.99,Annie Russell
2083,2005-06-17 17:14:00,2423,97,2005-06-18 18:31:00,2,529,1,5,Comedy,3,2.99,12.99,Annie Russell
10820,2005-08-01 22:53:40,1487,97,2005-08-02 17:59:40,2,326,2,2,Animation,6,2.99,18.99,Annie Russell
7182,2005-07-27 08:15:38,3209,97,2005-08-03 12:48:38,2,705,1,9,Foreign,4,2.99,9.99,Annie Russell
9591,2005-07-31 03:19:28,504,97,2005-08-01 07:30:28,1,112,1,9,Foreign,4,4.99,22.99,Annie Russell
3540,2005-07-06 01:47:20,1295,97,2005-07-08 23:48:20,2,286,1,16,Travel,7,2.99,16.99,Annie Russell
6726,2005-07-12 13:48:14,4494,97,2005-07-16 11:11:14,1,981,2,16,Travel,7,0.99,13.99,Annie Russell
5454,2005-07-09 22:24:25,3049,97,2005-07-11 01:52:25,1,670,1,6,Documentary,4,4.99,17.99,Annie Russell
7924,2005-07-28 12:08:53,656,97,2005-07-30 06:45:53,2,142,1,6,Documentary,3,0.99,24.99,Annie Russell
3565,2005-07-06 03:02:58,599,97,2005-07-13 21:31:58,2,130,2,1,Action,7,0.99,24.99,Annie Russell
3818,2005-07-06 15:33:31,653,97,2005-07-11 16:35:31,1,141,2,10,Games,6,4.99,11.99,Annie Russell
2790,2005-06-19 18:49:45,202,97,2005-06-21 00:13:45,1,45,1,13,New,5,4.99,14.99,Annie Russell
6544,2005-07-12 04:56:15,1218,97,2005-07-17 08:28:15,1,270,2,13,New,7,0.99,29.99,Annie Russell
4312,2005-07-07 17:34:59,3870,97,2005-07-09 17:45:59,2,846,2,13,New,3,4.99,9.99,Annie Russell
3459,2005-06-21 21:45:47,3080,97,2005-06-25 00:46:47,1,677,2,13,New,6,0.99,25.99,Annie Russell
446,2005-05-27 18:48:41,1955,401,2005-06-03 16:42:41,2,426,2,12,Music,7,4.99,15.99,Tony Carranza
8722,2005-07-29 17:58:58,1389,401,2005-08-07 23:40:58,1,304,2,3,Children,3,2.99,28.99,Tony Carranza
4059,2005-07-07 04:04:26,292,401,2005-07-10 22:35:26,1,66,1,3,Children,6,0.99,27.99,Tony Carranza
10171,2005-07-31 23:29:05,1367,401,2005-08-03 19:39:05,1,301,1,11,Horror,4,0.99,24.99,Tony Carranza
9701,2005-07-31 07:32:21,4581,401,2005-08-01 05:07:21,2,1000,2,5,Comedy,3,4.99,18.99,Tony Carranza
8450,2005-07-29 07:44:05,484,401,2005-08-01 12:23:05,1,107,2,7,Drama,4,2.99,13.99,Tony Carranza
7651,2005-07-28 01:48:32,2753,401,2005-08-03 03:10:32,2,603,2,8,Family,6,4.99,27.99,Tony Carranza
811,2005-05-29 19:30:42,4419,401,2005-06-02 16:19:42,2,966,2,6,Documentary,3,0.99,14.99,Tony Carranza
5923,2005-07-10 21:40:06,1817,401,2005-07-13 00:01:06,1,395,1,1,Action,4,0.99,28.99,Tony Carranza
4292,2005-07-07 15:48:38,3084,401,2005-07-15 17:53:38,1,678,1,15,Sports,3,2.99,23.99,Tony Carranza
8669,2005-07-29 15:44:55,1667,401,2005-08-01 14:09:55,2,364,1,13,New,3,2.99,14.99,Tony Carranza
167,2005-05-26 02:50:31,865,401,2005-05-27 03:07:31,1,190,2,4,Classics,5,4.99,23.99,Tony Carranza
5455,2005-07-09 22:28:45,1955,464,2005-07-18 02:50:45,2,426,2,12,Music,7,4.99,15.99,Jerome Kenyon
4337,2005-07-07 18:36:37,2313,464,2005-07-14 14:59:37,2,502,2,5,Comedy,4,2.99,21.99,Jerome Kenyon
3761,2005-07-06 12:52:44,4304,464,2005-07-08 17:22:44,1,938,1,5,Comedy,3,4.99,14.99,Jerome Kenyon
3167,2005-06-20 21:42:29,353,464,2005-06-22 00:36:29,2,78,1,2,Animation,7,2.99,12.99,Jerome Kenyon
9600,2005-07-31 03:35:34,3731,464,2005-08-08 22:50:34,1,816,1,2,Animation,3,0.99,27.99,Jerome Kenyon
1277,2005-06-15 08:01:29,76,464,2005-06-22 07:16:29,2,15,2,9,Foreign,5,2.99,10.99,Jerome Kenyon
305,2005-05-26 21:22:07,2665,464,2005-06-02 22:33:07,2,585,2,7,Drama,4,0.99,25.99,Jerome Kenyon
373,2005-05-27 08:16:25,1649,464,2005-06-01 11:41:25,1,360,1,1,Action,4,0.99,24.99,Jerome Kenyon
5910,2005-07-10 20:51:34,1039,464,2005-07-19 14:54:34,1,232,1,10,Games,7,2.99,29.99,Jerome Kenyon
6601,2005-07-12 07:44:49,1640,464,2005-07-20 03:22:49,2,358,1,4,Classics,5,0.99,29.99,Jerome Kenyon
8228,2005-07-29 00:08:58,1955,72,2005-08-03 00:12:58,2,426,2,12,Music,7,4.99,15.99,Theresa Watson
3700,2005-07-06 10:12:19,343,72,2005-07-07 14:21:19,2,76,1,12,Music,4,0.99,23.99,Theresa Watson
785,2005-05-29 15:08:41,39,72,2005-05-30 15:51:41,1,8,2,11,Horror,6,4.99,15.99,Theresa Watson
1047,2005-05-31 06:45:57,1366,72,2005-06-04 09:49:57,2,301,1,11,Horror,4,0.99,24.99,Theresa Watson
6081,2005-07-11 05:11:09,2286,72,2005-07-13 05:33:09,2,494,2,11,Horror,4,0.99,21.99,Theresa Watson
9027,2005-07-30 05:58:27,449,72,2005-08-03 03:02:27,1,99,2,5,Comedy,7,2.99,14.99,Theresa Watson
10267,2005-08-01 03:07:26,3883,72,2005-08-07 22:49:26,1,849,1,2,Animation,6,0.99,28.99,Theresa Watson
5840,2005-07-10 17:09:09,1073,72,2005-07-15 22:52:09,1,239,2,2,Animation,5,4.99,16.99,Theresa Watson
9648,2005-07-31 05:46:03,4063,72,2005-08-09 04:36:03,2,886,1,2,Animation,5,0.99,9.99,Theresa Watson
5302,2005-07-09 15:42:36,4270,72,2005-07-10 21:04:36,2,929,1,9,Foreign,5,4.99,21.99,Theresa Watson
2294,2005-06-18 07:46:34,2096,72,2005-06-22 12:34:34,2,455,1,9,Foreign,7,4.99,11.99,Theresa Watson
9420,2005-07-30 21:05:18,147,72,2005-08-05 23:52:18,2,31,1,8,Family,5,4.99,16.99,Theresa Watson
5223,2005-07-09 12:06:03,2335,72,2005-07-17 15:50:03,1,507,2,10,Games,4,0.99,13.99,Theresa Watson
845,2005-05-30 01:17:25,2001,72,2005-06-07 02:00:25,1,436,1,13,New,4,0.99,14.99,Theresa Watson
5424,2005-07-09 20:59:09,3694,72,2005-07-12 00:05:09,2,808,2,4,Classics,5,0.99,10.99,Theresa Watson
967,2005-05-30 19:12:06,1954,330,2005-06-09 00:02:06,2,426,2,12,Music,7,4.99,15.99,Scott Shelley
3659,2005-07-06 08:03:14,2271,330,2005-07-12 09:50:14,1,491,1,3,Children,4,0.99,18.99,Scott Shelley
6678,2005-07-12 11:58:36,3473,330,2005-07-15 17:50:36,2,761,2,3,Children,7,2.99,23.99,Scott Shelley
5149,2005-07-09 08:28:23,1500,330,2005-07-16 06:19:23,2,328,2,3,Children,7,2.99,28.99,Scott Shelley
2885,2005-06-20 01:33:42,2701,330,2005-06-22 22:23:42,1,593,2,11,Horror,6,0.99,13.99,Scott Shelley
6656,2005-07-12 11:09:47,2282,330,2005-07-14 05:50:47,1,494,1,11,Horror,4,0.99,21.99,Scott Shelley
10100,2005-07-31 20:47:18,4050,330,2005-08-03 16:58:18,2,881,2,11,Horror,5,4.99,13.99,Scott Shelley
3603,2005-07-06 05:25:03,2442,330,2005-07-12 08:14:03,1,533,1,9,Foreign,4,2.99,21.99,Scott Shelley
8680,2005-07-29 16:08:03,1227,330,2005-07-31 17:26:03,1,272,1,7,Drama,5,4.99,9.99,Scott Shelley
3760,2005-07-06 12:49:28,1306,330,2005-07-09 16:29:28,1,288,2,16,Travel,7,2.99,20.99,Scott Shelley
3061,2005-06-20 13:48:21,4202,330,2005-06-22 17:36:21,2,914,1,16,Travel,6,2.99,13.99,Scott Shelley
704,2005-05-29 02:44:43,2628,330,2005-06-06 01:51:43,2,576,2,6,Documentary,7,2.99,13.99,Scott Shelley
2936,2005-06-20 05:09:27,2675,330,2005-06-26 10:16:27,2,587,1,6,Documentary,6,4.99,20.99,Scott Shelley
4124,2005-07-07 07:19:54,2856,330,2005-07-11 05:54:54,1,625,2,14,Sci-Fi,3,0.99,18.99,Scott Shelley
1219,2005-06-15 03:25:59,3005,330,2005-06-20 00:37:59,1,659,2,1,Action,3,4.99,14.99,Scott Shelley
6719,2005-07-12 13:40:37,739,330,2005-07-15 15:23:37,2,162,1,1,Action,4,2.99,13.99,Scott Shelley
7894,2005-07-28 10:53:58,3532,330,2005-08-02 13:42:58,2,773,1,15,Sports,6,2.99,28.99,Scott Shelley
5750,2005-07-10 12:20:41,3855,330,2005-07-17 08:25:41,2,844,1,15,Sports,6,4.99,16.99,Scott Shelley
1511,2005-06-15 22:45:06,1135,330,2005-06-22 22:48:06,1,251,2,13,New,6,4.99,19.99,Scott Shelley
2647,2005-06-19 09:57:56,1954,54,2005-06-22 15:55:56,1,426,2,12,Music,7,4.99,15.99,Teresa Rogers
545,2005-05-28 07:10:20,1086,54,2005-06-04 01:47:20,2,242,2,5,Comedy,4,0.99,13.99,Teresa Rogers
198,2005-05-26 07:03:49,1789,54,2005-06-04 11:45:49,1,388,2,5,Comedy,5,0.99,16.99,Teresa Rogers
10956,2005-08-02 03:33:14,4372,54,2005-08-09 09:20:14,2,953,1,2,Animation,3,0.99,9.99,Teresa Rogers
10489,2005-08-01 10:27:42,4067,54,2005-08-07 12:56:42,1,887,1,2,Animation,5,4.99,28.99,Teresa Rogers
5992,2005-07-11 01:06:21,4216,54,2005-07-13 19:15:21,2,916,2,2,Animation,3,2.99,10.99,Teresa Rogers
8992,2005-07-30 04:44:18,4478,54,2005-08-01 00:29:18,1,979,1,7,Drama,6,4.99,10.99,Teresa Rogers
4657,2005-07-08 09:51:02,1002,54,2005-07-09 09:29:02,2,224,1,16,Travel,7,4.99,29.99,Teresa Rogers
5055,2005-07-09 04:05:28,751,54,2005-07-14 04:26:28,2,164,2,6,Documentary,4,0.99,20.99,Teresa Rogers
10882,2005-08-02 00:47:16,1349,54,2005-08-09 22:11:16,1,298,1,14,Sci-Fi,4,2.99,13.99,Teresa Rogers
6338,2005-07-11 19:39:41,1691,54,2005-07-18 01:13:41,2,369,1,14,Sci-Fi,4,4.99,22.99,Teresa Rogers
1556,2005-06-16 02:19:02,533,54,2005-06-17 22:36:02,2,117,1,10,Games,6,4.99,15.99,Teresa Rogers
2323,2005-06-18 09:55:02,207,54,2005-06-23 07:19:02,1,46,2,10,Games,3,4.99,13.99,Teresa Rogers
6813,2005-07-12 18:03:50,135,54,2005-07-16 16:30:50,1,27,1,15,Sports,7,0.99,12.99,Teresa Rogers
6560,2005-07-12 05:22:06,433,54,2005-07-15 00:04:06,2,96,1,13,New,4,2.99,21.99,Teresa Rogers
5929,2005-07-10 21:59:29,4303,54,2005-07-14 20:20:29,2,937,2,13,New,7,2.99,14.99,Teresa Rogers
1571,2005-06-16 03:22:00,1019,54,2005-06-22 23:27:00,1,228,2,4,Classics,4,0.99,16.99,Teresa Rogers
441,2005-05-27 18:11:05,1578,54,2005-05-30 22:45:05,1,346,2,4,Classics,4,4.99,13.99,Teresa Rogers
3528,2005-07-06 01:13:27,1954,201,2005-07-06 23:45:27,2,426,2,12,Music,7,4.99,15.99,Vicki Fields
670,2005-05-28 22:04:03,227,201,2005-06-06 22:43:03,2,51,1,12,Music,5,2.99,10.99,Vicki Fields
3364,2005-06-21 12:37:46,2329,201,2005-06-28 07:18:46,2,506,1,11,Horror,4,4.99,14.99,Vicki Fields
10750,2005-08-01 20:06:00,3206,201,2005-08-07 15:48:00,1,704,2,5,Comedy,3,2.99,25.99,Vicki Fields
10865,2005-08-02 00:22:46,1485,201,2005-08-09 05:08:46,2,326,1,2,Animation,6,2.99,18.99,Vicki Fields
756,2005-05-29 10:28:45,3152,201,2005-06-04 12:50:45,1,692,2,2,Animation,3,2.99,10.99,Vicki Fields
3708,2005-07-06 10:23:27,2105,201,2005-07-14 09:26:27,1,456,2,2,Animation,6,4.99,18.99,Vicki Fields
2157,2005-06-17 23:30:52,1619,201,2005-06-24 01:56:52,2,353,2,9,Foreign,6,2.99,22.99,Vicki Fields
311,2005-05-26 22:51:37,2830,201,2005-06-01 00:02:37,1,621,1,8,Family,5,2.99,23.99,Vicki Fields
7106,2005-07-27 05:21:24,1415,201,2005-08-02 01:58:24,2,309,2,8,Family,6,0.99,29.99,Vicki Fields
7606,2005-07-28 00:02:15,637,201,2005-07-29 03:14:15,2,138,2,14,Sci-Fi,5,2.99,29.99,Vicki Fields
10891,2005-08-02 01:09:55,1269,201,2005-08-05 05:03:55,2,281,2,10,Games,6,0.99,9.99,Vicki Fields
2047,2005-06-17 14:40:58,2371,201,2005-06-21 08:52:58,1,517,2,15,Sports,3,0.99,28.99,Vicki Fields
2359,2005-06-18 13:04:42,3087,201,2005-06-25 11:52:42,1,678,1,15,Sports,3,2.99,23.99,Vicki Fields
3106,2005-06-20 17:18:06,2637,201,2005-06-24 14:50:06,2,578,2,4,Classics,4,4.99,16.99,Vicki Fields
9355,2005-07-30 18:35:25,1122,201,2005-08-03 20:33:25,2,249,1,4,Classics,7,0.99,26.99,Vicki Fields
7318,2005-07-27 13:25:31,1954,301,2005-07-31 11:44:31,2,426,2,12,Music,7,4.99,15.99,Robert Baughman
1853,2005-06-17 00:39:54,2949,301,2005-06-19 00:22:54,2,647,2,12,Music,4,0.99,18.99,Robert Baughman
227,2005-05-26 10:51:46,214,301,2005-05-30 07:24:46,1,48,2,3,Children,3,4.99,24.99,Robert Baughman
5511,2005-07-10 01:00:00,3678,301,2005-07-12 20:44:00,1,804,2,11,Horror,7,4.99,13.99,Robert Baughman
7818,2005-07-28 08:25:00,1672,301,2005-07-29 14:07:00,1,365,2,5,Comedy,4,4.99,21.99,Robert Baughman
5119,2005-07-09 07:14:18,2996,301,2005-07-18 04:07:18,1,657,1,5,Comedy,5,2.99,12.99,Robert Baughman
2611,2005-06-19 07:18:17,3682,301,2005-06-21 10:19:17,1,805,2,2,Animation,5,4.99,12.99,Robert Baughman
5730,2005-07-10 11:28:32,1903,301,2005-07-11 11:45:32,2,414,2,9,Foreign,3,2.99,23.99,Robert Baughman
2925,2005-06-20 04:23:49,804,301,2005-06-22 04:37:49,2,175,1,8,Family,3,2.99,27.99,Robert Baughman
10883,2005-08-02 00:47:19,4,301,2005-08-03 00:02:19,1,1,1,6,Documentary,6,0.99,20.99,Robert Baughman
4316,2005-07-07 17:44:22,517,301,2005-07-14 15:12:22,2,114,2,14,Sci-Fi,3,0.99,26.99,Robert Baughman
4834,2005-07-08 18:07:45,1288,301,2005-07-14 15:27:45,1,285,1,14,Sci-Fi,3,0.99,18.99,Robert Baughman
6833,2005-07-12 18:53:34,912,301,2005-07-19 22:21:34,2,203,2,14,Sci-Fi,5,4.99,9.99,Robert Baughman
27,2005-05-25 03:41:50,1225,301,2005-05-30 01:13:50,2,271,2,1,Action,5,4.99,12.99,Robert Baughman
9435,2005-07-30 21:31:02,3116,301,2005-08-05 22:34:02,1,684,2,10,Games,4,2.99,11.99,Robert Baughman
5807,2005-07-10 15:16:30,2092,301,2005-07-11 14:02:30,2,453,2,15,Sports,3,2.99,17.99,Robert Baughman
955,2005-05-30 16:59:03,4140,301,2005-05-31 11:58:03,2,899,1,4,Classics,7,0.99,14.99,Robert Baughman
10962,2005-08-02 03:48:13,1953,538,2005-08-07 00:04:13,1,426,2,12,Music,7,4.99,15.99,Ted Breaux
6936,2005-07-26 23:13:34,60,538,2005-07-30 19:14:34,1,12,1,12,Music,6,0.99,22.99,Ted Breaux
594,2005-05-28 13:41:56,2766,538,2005-05-30 12:00:56,1,608,1,3,Children,6,2.99,11.99,Ted Breaux
5898,2005-07-10 20:18:09,3257,538,2005-07-16 14:44:09,1,716,2,11,Horror,6,2.99,26.99,Ted Breaux
1314,2005-06-15 10:21:45,1359,538,2005-06-21 14:10:45,1,300,1,2,Animation,5,4.99,21.99,Ted Breaux
2682,2005-06-19 12:18:17,3609,538,2005-06-28 14:09:17,1,789,1,9,Foreign,7,2.99,15.99,Ted Breaux
3554,2005-07-06 02:37:10,793,538,2005-07-09 01:58:10,1,173,2,7,Drama,7,4.99,25.99,Ted Breaux
6332,2005-07-11 19:19:06,1733,538,2005-07-13 13:51:06,2,377,2,8,Family,7,0.99,20.99,Ted Breaux
10732,2005-08-01 19:25:18,2810,538,2005-08-10 22:26:18,1,617,1,8,Family,4,0.99,24.99,Ted Breaux
9939,2005-07-31 15:29:00,3049,538,2005-08-08 11:09:00,1,670,1,6,Documentary,4,4.99,17.99,Ted Breaux
10701,2005-08-01 18:28:17,3958,538,2005-08-09 21:51:17,1,863,1,14,Sci-Fi,5,0.99,9.99,Ted Breaux
9307,2005-07-30 16:52:43,3831,538,2005-08-01 11:58:43,1,839,2,14,Sci-Fi,5,0.99,23.99,Ted Breaux
6130,2005-07-11 08:19:56,2547,538,2005-07-16 12:02:56,2,559,1,14,Sci-Fi,7,2.99,22.99,Ted Breaux
3189,2005-06-20 23:19:33,1502,538,2005-06-24 17:46:33,1,329,1,1,Action,4,2.99,15.99,Ted Breaux
5135,2005-07-09 07:53:22,3005,538,2005-07-16 04:50:22,2,659,2,1,Action,3,4.99,14.99,Ted Breaux
9897,2005-07-31 14:11:57,3945,538,2005-08-02 12:20:57,1,861,1,10,Games,3,4.99,12.99,Ted Breaux
1912,2005-06-17 05:18:32,4136,538,2005-06-20 10:01:32,2,898,2,15,Sports,4,4.99,18.99,Ted Breaux
5486,2005-07-09 23:57:44,2864,538,2005-07-14 00:23:44,1,628,1,15,Sports,5,2.99,24.99,Ted Breaux
8765,2005-07-29 19:40:08,2631,538,2005-07-31 14:24:08,2,577,1,15,Sports,4,0.99,10.99,Ted Breaux
734,2005-05-29 07:38:52,3084,538,2005-06-03 10:17:52,2,678,1,15,Sports,3,2.99,23.99,Ted Breaux
9643,2005-07-31 05:35:48,3576,538,2005-08-08 04:28:48,2,782,2,15,Sports,6,2.99,26.99,Ted Breaux
5369,2005-07-09 18:42:16,1550,538,2005-07-12 18:16:16,2,340,1,13,New,6,4.99,14.99,Ted Breaux
7694,2005-07-28 03:39:25,2892,538,2005-07-31 05:47:25,1,635,2,13,New,7,0.99,15.99,Ted Breaux
828,2005-05-29 22:14:55,2468,217,2005-05-30 17:22:55,1,540,1,12,Music,7,2.99,10.99,Agnes Bishop
1322,2005-06-15 10:55:09,2076,217,2005-06-18 15:14:09,2,450,2,3,Children,5,2.99,29.99,Agnes Bishop
10581,2005-08-01 13:52:30,2801,217,2005-08-10 19:11:30,1,615,2,2,Animation,6,2.99,21.99,Agnes Bishop
7104,2005-07-27 05:15:25,118,217,2005-08-01 05:36:25,2,23,2,2,Animation,3,0.99,9.99,Agnes Bishop
9745,2005-07-31 09:16:14,3610,217,2005-08-07 12:11:14,1,789,1,9,Foreign,7,2.99,15.99,Agnes Bishop
9632,2005-07-31 05:02:23,3368,217,2005-08-06 04:49:23,2,739,1,7,Drama,4,4.99,17.99,Agnes Bishop
1141,2005-05-31 19:42:02,4128,217,2005-06-07 00:59:02,2,897,1,7,Drama,3,4.99,27.99,Agnes Bishop
10836,2005-08-01 23:29:58,4534,217,2005-08-07 23:03:58,2,989,2,16,Travel,4,4.99,22.99,Agnes Bishop
6570,2005-07-12 05:50:31,2082,217,2005-07-13 09:58:31,1,451,2,16,Travel,7,4.99,12.99,Agnes Bishop
9159,2005-07-30 11:16:37,1234,217,2005-08-03 10:32:37,1,273,2,8,Family,6,0.99,14.99,Agnes Bishop
5576,2005-07-10 03:57:05,1453,217,2005-07-13 02:16:05,2,319,1,14,Sci-Fi,4,2.99,22.99,Agnes Bishop
5762,2005-07-10 12:48:01,1815,217,2005-07-18 16:43:01,1,394,1,14,Sci-Fi,7,2.99,21.99,Agnes Bishop
2842,2005-06-19 22:34:20,4183,217,2005-06-22 03:46:20,2,911,1,1,Action,7,4.99,14.99,Agnes Bishop
8332,2005-07-29 04:16:00,1142,217,2005-08-03 03:34:00,1,253,1,1,Action,5,4.99,18.99,Agnes Bishop
2076,2005-06-17 16:43:47,2242,217,2005-06-24 11:12:47,1,484,2,4,Classics,3,2.99,13.99,Agnes Bishop
9317,2005-07-30 17:13:37,4138,217,2005-08-08 11:33:37,1,899,1,4,Classics,7,0.99,14.99,Agnes Bishop
6509,2005-07-12 03:35:01,2468,427,2005-07-13 06:50:01,2,540,1,12,Music,7,2.99,10.99,Jesus Mccartney
82,2005-05-25 12:17:46,1388,427,2005-06-01 10:48:46,1,304,2,3,Children,3,2.99,28.99,Jesus Mccartney
1628,2005-06-16 07:52:55,868,427,2005-06-25 11:09:55,1,191,1,3,Children,6,0.99,27.99,Jesus Mccartney
8531,2005-07-29 10:26:15,1631,427,2005-08-06 09:28:15,1,356,2,3,Children,5,2.99,10.99,Jesus Mccartney
10417,2005-08-01 08:10:36,3675,427,2005-08-02 03:42:36,2,804,1,11,Horror,7,4.99,13.99,Jesus Mccartney
11024,2005-08-02 05:38:31,2284,427,2005-08-11 04:47:31,1,494,1,11,Horror,4,0.99,21.99,Jesus Mccartney
8658,2005-07-29 15:16:37,2033,427,2005-08-07 20:45:37,2,443,1,5,Comedy,6,2.99,11.99,Jesus Mccartney
2466,2005-06-18 20:18:42,1356,427,2005-06-20 01:32:42,1,299,1,16,Travel,4,0.99,9.99,Jesus Mccartney
4793,2005-07-08 16:30:01,3090,427,2005-07-15 17:56:01,1,679,2,8,Family,6,2.99,17.99,Jesus Mccartney
9978,2005-07-31 16:59:51,2812,427,2005-08-06 16:48:51,2,617,1,8,Family,4,0.99,24.99,Jesus Mccartney
5586,2005-07-10 04:17:06,2965,427,2005-07-18 07:11:06,1,650,1,6,Documentary,3,0.99,27.99,Jesus Mccartney
10560,2005-08-01 13:04:57,1534,427,2005-08-05 18:25:57,2,336,1,6,Documentary,5,4.99,22.99,Jesus Mccartney
1648,2005-06-16 09:17:07,457,427,2005-06-24 06:31:07,2,101,1,6,Documentary,3,0.99,26.99,Jesus Mccartney
1857,2005-06-17 01:12:58,4257,427,2005-06-21 04:49:58,1,925,2,6,Documentary,3,0.99,27.99,Jesus Mccartney
6423,2005-07-11 23:47:31,892,427,2005-07-19 18:16:31,1,199,1,6,Documentary,4,2.99,29.99,Jesus Mccartney
1342,2005-06-15 12:26:21,4429,427,2005-06-22 11:23:21,1,968,1,1,Action,6,4.99,19.99,Jesus Mccartney
6938,2005-07-26 23:16:04,2058,427,2005-08-05 00:59:04,2,447,1,10,Games,5,2.99,28.99,Jesus Mccartney
10464,2005-08-01 09:43:14,464,427,2005-08-06 09:01:14,1,102,2,15,Sports,4,4.99,20.99,Jesus Mccartney
5476,2005-07-09 23:37:09,1199,427,2005-07-15 23:57:09,1,266,2,4,Classics,4,0.99,27.99,Jesus Mccartney
8182,2005-07-28 22:19:12,4120,427,2005-08-01 22:40:12,2,895,2,4,Classics,3,2.99,21.99,Jesus Mccartney
9294,2005-07-30 16:14:37,2468,433,2005-08-07 18:49:37,1,540,1,12,Music,7,2.99,10.99,Don Bone
691,2005-05-29 01:01:26,4034,433,2005-06-07 06:21:26,1,879,1,12,Music,3,4.99,20.99,Don Bone
4158,2005-07-07 09:05:42,291,433,2005-07-09 04:28:42,1,66,1,3,Children,6,0.99,27.99,Don Bone
146,2005-05-26 00:07:11,1431,433,2005-06-04 00:20:11,2,313,1,11,Horror,5,4.99,11.99,Don Bone
5969,2005-07-11 00:03:22,4177,433,2005-07-18 01:28:22,2,908,2,9,Foreign,3,4.99,11.99,Don Bone
8713,2005-07-29 17:31:19,473,433,2005-08-02 16:37:19,2,104,2,9,Foreign,4,2.99,17.99,Don Bone
4087,2005-07-07 05:30:56,3066,433,2005-07-16 10:20:56,1,674,1,9,Foreign,3,0.99,11.99,Don Bone
5457,2005-07-09 22:33:14,4179,433,2005-07-12 02:30:14,1,910,2,7,Drama,3,0.99,19.99,Don Bone
7907,2005-07-28 11:32:00,3252,433,2005-07-30 15:27:00,1,715,2,8,Family,3,4.99,25.99,Don Bone
8414,2005-07-29 06:48:35,1337,433,2005-08-06 10:54:35,2,295,1,6,Documentary,3,0.99,14.99,Don Bone
10663,2005-08-01 16:51:08,4258,433,2005-08-08 21:17:08,2,925,2,6,Documentary,3,0.99,27.99,Don Bone
6850,2005-07-12 19:30:42,1145,433,2005-07-17 21:26:42,2,253,1,1,Action,5,4.99,18.99,Don Bone
6848,2005-07-12 19:24:07,1782,433,2005-07-14 17:03:07,1,387,2,10,Games,7,0.99,27.99,Don Bone
6765,2005-07-12 15:30:47,2571,433,2005-07-19 14:19:47,2,563,1,10,Games,6,4.99,16.99,Don Bone
4988,2005-07-09 00:46:14,2718,433,2005-07-16 01:45:14,2,596,2,10,Games,4,4.99,25.99,Don Bone
7821,2005-07-28 08:31:23,1184,433,2005-08-03 05:08:23,2,263,2,15,Sports,6,4.99,14.99,Don Bone
9161,2005-07-30 11:19:18,969,433,2005-08-02 05:32:18,1,216,1,13,New,3,4.99,16.99,Don Bone
9194,2005-07-30 12:28:45,2467,294,2005-08-06 14:38:45,1,540,1,12,Music,7,2.99,10.99,Shelly Watts
9522,2005-07-31 00:55:11,4266,294,2005-08-03 06:41:11,2,928,1,3,Children,5,2.99,16.99,Shelly Watts
10220,2005-08-01 01:13:22,3920,294,2005-08-04 22:57:22,2,856,1,11,Horror,5,4.99,11.99,Shelly Watts
10551,2005-08-01 12:48:55,2974,294,2005-08-10 16:11:55,1,651,2,2,Animation,3,0.99,20.99,Shelly Watts
7765,2005-07-28 06:40:33,4098,294,2005-07-31 01:25:33,1,892,2,2,Animation,3,4.99,18.99,Shelly Watts
4019,2005-07-07 01:27:44,3200,294,2005-07-10 21:30:44,1,703,2,2,Animation,6,4.99,18.99,Shelly Watts
6185,2005-07-11 11:25:09,4331,294,2005-07-18 12:09:09,2,944,2,7,Drama,6,4.99,29.99,Shelly Watts
10186,2005-08-01 00:12:36,4563,294,2005-08-07 05:08:36,1,996,1,6,Documentary,6,0.99,9.99,Shelly Watts
9607,2005-07-31 03:51:06,3414,294,2005-08-02 00:18:06,2,748,1,1,Action,4,0.99,16.99,Shelly Watts
11071,2005-08-02 07:10:53,4264,294,2005-08-07 09:58:53,1,927,1,1,Action,6,2.99,16.99,Shelly Watts
595,2005-05-28 13:59:54,595,294,2005-06-05 15:16:54,1,130,1,1,Action,7,0.99,24.99,Shelly Watts
3330,2005-06-21 09:22:37,299,294,2005-06-23 07:16:37,2,67,2,1,Action,5,2.99,24.99,Shelly Watts
7415,2005-07-27 16:50:59,4410,294,2005-08-02 11:21:59,1,964,1,1,Action,4,4.99,17.99,Shelly Watts
10642,2005-08-01 15:45:11,2573,294,2005-08-02 20:13:11,1,563,2,10,Games,6,4.99,16.99,Shelly Watts
2900,2005-06-20 02:40:04,3407,294,2005-06-27 20:47:04,2,747,1,10,Games,5,0.99,9.99,Shelly Watts
4786,2005-07-08 16:13:05,2724,294,2005-07-16 15:29:05,1,597,2,10,Games,5,4.99,12.99,Shelly Watts
10600,2005-08-01 14:25:21,3900,294,2005-08-06 18:00:21,1,851,2,15,Sports,3,0.99,19.99,Shelly Watts
8843,2005-07-29 23:04:25,406,294,2005-08-05 22:12:25,1,90,1,13,New,3,0.99,11.99,Shelly Watts
3681,2005-07-06 09:19:30,3325,294,2005-07-11 09:40:30,1,731,2,4,Classics,7,4.99,29.99,Shelly Watts
1810,2005-06-16 21:06:00,2368,7,2005-06-21 21:24:00,1,516,2,12,Music,7,0.99,18.99,Maria Miller
10989,2005-08-02 04:40:54,2272,7,2005-08-09 03:39:54,2,491,2,3,Children,4,0.99,18.99,Maria Miller
3007,2005-06-20 10:11:53,1950,7,2005-06-25 04:51:53,2,424,2,3,Children,6,0.99,12.99,Maria Miller
5921,2005-07-10 21:35:12,3920,7,2005-07-18 19:59:12,1,856,1,11,Horror,5,4.99,11.99,Maria Miller
5441,2005-07-09 21:52:05,3913,7,2005-07-17 02:54:05,1,854,2,11,Horror,4,4.99,22.99,Maria Miller
4787,2005-07-08 16:16:04,3929,7,2005-07-14 18:02:04,2,857,1,5,Comedy,3,2.99,24.99,Maria Miller
10644,2005-08-01 15:52:00,4374,7,2005-08-08 16:08:00,1,953,2,2,Animation,3,0.99,9.99,Maria Miller
10514,2005-08-01 11:39:26,1512,7,2005-08-03 07:53:26,2,330,2,2,Animation,7,4.99,22.99,Maria Miller
748,2005-05-29 09:27:00,2803,7,2005-06-03 04:25:00,1,615,2,2,Animation,6,2.99,21.99,Maria Miller
2250,2005-06-18 05:03:36,4042,7,2005-06-22 02:25:36,2,880,1,2,Animation,6,2.99,9.99,Maria Miller
1063,2005-05-31 08:44:29,2484,7,2005-06-09 08:00:29,1,545,1,9,Foreign,4,0.99,14.99,Maria Miller
975,2005-05-30 21:07:15,3109,7,2005-06-03 01:48:15,2,683,1,7,Drama,5,4.99,19.99,Maria Miller
2888,2005-06-20 01:50:56,468,7,2005-06-22 05:05:56,2,103,1,16,Travel,7,4.99,27.99,Maria Miller
117,2005-05-25 19:30:46,4278,7,2005-05-31 23:59:46,2,931,2,16,Travel,7,0.99,9.99,Maria Miller
8422,2005-07-29 07:02:55,3104,7,2005-08-03 12:35:55,1,682,1,8,Family,4,4.99,17.99,Maria Miller
3639,2005-07-06 07:09:17,2812,7,2005-07-15 05:12:17,2,617,1,8,Family,4,0.99,24.99,Maria Miller
6174,2005-07-11 10:36:28,3123,7,2005-07-18 16:19:28,2,687,1,6,Documentary,6,0.99,15.99,Maria Miller
4238,2005-07-07 13:22:20,3024,7,2005-07-10 07:44:20,2,664,1,1,Action,6,2.99,12.99,Maria Miller
10423,2005-08-01 08:19:53,739,7,2005-08-08 10:25:53,1,162,1,1,Action,4,2.99,13.99,Maria Miller
2709,2005-06-19 14:00:26,2877,7,2005-06-23 14:56:26,2,631,1,15,Sports,4,0.99,11.99,Maria Miller
9624,2005-07-31 04:30:03,3480,7,2005-08-06 09:13:03,1,763,1,15,Sports,3,4.99,26.99,Maria Miller
4856,2005-07-08 18:47:38,2441,7,2005-07-13 15:02:38,2,532,2,15,Sports,5,4.99,28.99,Maria Miller
6761,2005-07-12 15:17:42,3645,7,2005-07-18 17:59:42,2,796,1,15,Sports,3,0.99,12.99,Maria Miller
46,2005-05-25 06:04:08,3318,7,2005-06-02 08:18:08,2,730,1,13,New,3,0.99,28.99,Maria Miller
6295,2005-07-11 17:30:58,1393,7,2005-07-15 15:50:58,1,305,1,13,New,6,2.99,24.99,Maria Miller
10330,2005-08-01 04:57:04,1580,7,2005-08-07 23:00:04,2,346,2,4,Classics,4,4.99,13.99,Maria Miller
3886,2005-07-06 18:44:24,2368,326,2005-07-08 15:11:24,1,516,2,12,Music,7,0.99,18.99,Jose Andrew
5147,2005-07-09 08:17:41,2270,326,2005-07-18 09:45:41,2,491,1,3,Children,4,0.99,18.99,Jose Andrew
11010,2005-08-02 05:06:27,869,326,2005-08-03 23:47:27,2,191,1,3,Children,6,0.99,27.99,Jose Andrew
8604,2005-07-29 13:07:13,3909,326,2005-07-31 18:00:13,2,853,1,3,Children,3,4.99,12.99,Jose Andrew
875,2005-05-30 05:38:24,1428,326,2005-06-06 00:34:24,2,313,1,11,Horror,5,4.99,11.99,Jose Andrew
10976,2005-08-02 04:11:48,2418,326,2005-08-06 06:30:48,2,527,2,11,Horror,4,4.99,24.99,Jose Andrew
9855,2005-07-31 13:00:33,1246,326,2005-08-03 16:18:33,2,275,1,11,Horror,3,0.99,11.99,Jose Andrew
4160,2005-07-07 09:13:17,1909,326,2005-07-15 11:50:17,2,415,2,11,Horror,3,2.99,23.99,Jose Andrew
10173,2005-07-31 23:36:59,2527,326,2005-08-08 20:20:59,2,555,1,5,Comedy,4,0.99,25.99,Jose Andrew
8739,2005-07-29 18:34:33,4310,326,2005-08-02 16:05:33,1,939,2,5,Comedy,4,2.99,17.99,Jose Andrew
1149,2005-05-31 21:03:17,352,326,2005-06-08 19:58:17,2,78,1,2,Animation,7,2.99,12.99,Jose Andrew
981,2005-05-30 21:52:42,2913,326,2005-06-01 03:15:42,2,640,2,9,Foreign,5,4.99,21.99,Jose Andrew
7931,2005-07-28 12:23:41,1923,326,2005-08-06 09:49:41,2,418,1,7,Drama,5,0.99,27.99,Jose Andrew
1311,2005-06-15 10:11:59,3114,326,2005-06-17 08:44:59,2,683,2,7,Drama,5,4.99,19.99,Jose Andrew
7117,2005-07-27 05:48:36,2772,326,2005-08-01 00:33:36,1,609,1,16,Travel,7,2.99,23.99,Jose Andrew
10108,2005-07-31 21:02:14,3703,326,2005-08-01 18:28:14,1,810,1,8,Family,5,0.99,21.99,Jose Andrew
8467,2005-07-29 08:25:35,263,326,2005-08-07 03:28:35,2,58,2,6,Documentary,6,2.99,16.99,Jose Andrew
10720,2005-08-01 19:04:33,3712,326,2005-08-06 23:12:33,2,812,1,6,Documentary,7,0.99,13.99,Jose Andrew
3441,2005-06-21 20:00:12,2863,326,2005-06-24 00:24:12,2,627,2,6,Documentary,4,4.99,9.99,Jose Andrew
2317,2005-06-18 09:12:18,1602,326,2005-06-21 05:50:18,2,350,2,14,Sci-Fi,3,4.99,21.99,Jose Andrew
7725,2005-07-28 04:47:14,1922,326,2005-08-04 09:03:14,1,417,2,1,Action,5,0.99,29.99,Jose Andrew
2086,2005-06-17 17:32:07,898,326,2005-06-21 20:19:07,2,200,1,10,Games,7,0.99,27.99,Jose Andrew
7673,2005-07-28 02:53:53,2368,409,2005-08-06 00:07:53,1,516,2,12,Music,7,0.99,18.99,Rodney Moeller
4550,2005-07-08 04:34:00,615,409,2005-07-14 23:45:00,2,133,2,12,Music,7,4.99,14.99,Rodney Moeller
5848,2005-07-10 17:28:14,4549,409,2005-07-14 11:54:14,1,993,1,3,Children,6,2.99,10.99,Rodney Moeller
6026,2005-07-11 02:21:43,3936,409,2005-07-13 03:49:43,1,858,2,5,Comedy,5,4.99,21.99,Rodney Moeller
2310,2005-06-18 08:45:59,2590,409,2005-06-26 05:06:59,2,568,2,5,Comedy,4,4.99,11.99,Rodney Moeller
8037,2005-07-28 16:31:20,3973,409,2005-07-31 12:18:20,2,865,2,2,Animation,3,4.99,19.99,Rodney Moeller
8265,2005-07-29 01:20:15,2389,409,2005-08-06 19:32:15,2,521,2,7,Drama,7,4.99,28.99,Rodney Moeller
5175,2005-07-09 09:34:28,1003,409,2005-07-15 15:19:28,2,225,1,7,Drama,3,0.99,19.99,Rodney Moeller
1226,2005-06-15 03:46:10,2290,409,2005-06-23 02:00:10,1,496,2,16,Travel,3,0.99,10.99,Rodney Moeller
3866,2005-07-06 17:47:20,194,409,2005-07-15 18:12:20,1,43,2,8,Family,6,2.99,15.99,Rodney Moeller
5955,2005-07-10 23:22:10,834,409,2005-07-17 17:55:10,2,183,1,8,Family,4,4.99,14.99,Rodney Moeller
310,2005-05-26 22:41:07,593,409,2005-06-02 04:09:07,1,129,2,6,Documentary,3,2.99,16.99,Rodney Moeller
6596,2005-07-12 07:32:59,890,409,2005-07-13 02:47:59,1,199,1,6,Documentary,4,2.99,29.99,Rodney Moeller
9267,2005-07-30 14:59:05,645,409,2005-08-04 10:17:05,1,140,1,14,Sci-Fi,6,0.99,23.99,Rodney Moeller
5422,2005-07-09 20:55:47,436,409,2005-07-15 15:15:47,2,97,1,1,Action,7,0.99,24.99,Rodney Moeller
7940,2005-07-28 12:46:47,901,409,2005-07-29 06:46:47,2,200,2,10,Games,7,0.99,27.99,Rodney Moeller
8726,2005-07-29 18:09:22,897,409,2005-08-06 16:24:22,1,200,1,10,Games,7,0.99,27.99,Rodney Moeller
5306,2005-07-09 15:56:45,2221,409,2005-07-15 19:02:45,2,480,2,4,Classics,3,2.99,29.99,Rodney Moeller
7319,2005-07-27 13:31:25,2370,576,2005-08-04 07:31:25,1,516,2,12,Music,7,0.99,18.99,Morris Mccarter
1366,2005-06-15 14:21:00,4238,576,2005-06-24 17:36:00,1,921,2,12,Music,7,2.99,29.99,Morris Mccarter
3226,2005-06-21 02:18:14,4079,576,2005-06-26 22:32:14,2,889,1,3,Children,3,4.99,28.99,Morris Mccarter
2799,2005-06-19 19:15:21,4579,576,2005-06-21 21:35:21,1,1000,2,5,Comedy,3,4.99,18.99,Morris Mccarter
9620,2005-07-31 04:19:18,2177,576,2005-08-08 09:20:18,1,470,1,2,Animation,4,4.99,24.99,Morris Mccarter
968,2005-05-30 19:20:03,119,576,2005-05-31 18:17:03,2,23,2,2,Animation,3,0.99,9.99,Morris Mccarter
4514,2005-07-08 02:41:25,1938,576,2005-07-15 06:17:25,1,421,2,9,Foreign,7,4.99,10.99,Morris Mccarter
9548,2005-07-31 01:54:19,3038,576,2005-08-05 00:50:19,2,666,2,7,Drama,4,4.99,27.99,Morris Mccarter
1742,2005-06-16 16:37:48,2772,576,2005-06-17 19:47:48,2,609,1,16,Travel,7,2.99,23.99,Morris Mccarter
755,2005-05-29 10:26:29,3090,576,2005-06-01 10:25:29,2,679,2,8,Family,6,2.99,17.99,Morris Mccarter
2309,2005-06-18 08:43:24,611,576,2005-06-20 03:56:24,1,132,2,14,Sci-Fi,6,0.99,25.99,Morris Mccarter
9979,2005-07-31 17:00:07,646,576,2005-08-08 20:40:07,1,140,2,14,Sci-Fi,6,0.99,23.99,Morris Mccarter
8907,2005-07-30 01:25:03,3239,576,2005-08-03 05:41:03,1,711,2,14,Sci-Fi,4,4.99,18.99,Morris Mccarter
5597,2005-07-10 04:47:57,4264,576,2005-07-17 01:54:57,2,927,1,1,Action,6,2.99,16.99,Morris Mccarter
5934,2005-07-10 22:07:59,3825,576,2005-07-15 21:07:59,2,838,1,1,Action,5,4.99,25.99,Morris Mccarter
10000,2005-07-31 17:41:05,3221,576,2005-08-02 20:51:05,1,707,2,1,Action,5,2.99,29.99,Morris Mccarter
2444,2005-06-18 18:58:12,2233,576,2005-06-27 20:48:12,1,483,1,10,Games,3,2.99,29.99,Morris Mccarter
3877,2005-07-06 18:22:10,2796,576,2005-07-07 23:38:10,1,614,1,10,Games,5,4.99,11.99,Morris Mccarter
3934,2005-07-06 21:07:23,3187,576,2005-07-10 18:20:23,2,699,1,10,Games,7,4.99,26.99,Morris Mccarter
7605,2005-07-27 23:57:01,1391,576,2005-08-03 04:11:01,1,305,1,13,New,6,2.99,24.99,Morris Mccarter
3889,2005-07-06 18:56:25,2005,576,2005-07-08 21:22:25,2,436,2,13,New,4,0.99,14.99,Morris Mccarter
9133,2005-07-30 09:59:00,408,576,2005-08-07 04:24:00,1,90,2,13,New,3,0.99,11.99,Morris Mccarter
10724,2005-08-01 19:10:59,3425,576,2005-08-07 18:44:59,1,750,1,13,New,3,0.99,25.99,Morris Mccarter
2651,2005-06-19 10:22:56,2181,576,2005-06-27 13:37:56,1,471,2,4,Classics,7,2.99,23.99,Morris Mccarter
9962,2005-07-31 16:10:36,1951,576,2005-08-02 17:09:36,1,425,2,4,Classics,6,0.99,20.99,Morris Mccarter
7393,2005-07-27 16:02:52,2369,181,2005-08-02 13:24:52,1,516,2,12,Music,7,0.99,18.99,Ana Bradley
9357,2005-07-30 18:37:00,3927,181,2005-08-08 19:57:00,2,856,2,11,Horror,5,4.99,11.99,Ana Bradley
1638,2005-06-16 08:32:36,1905,181,2005-06-18 07:11:36,2,415,1,11,Horror,3,2.99,23.99,Ana Bradley
2645,2005-06-19 09:50:35,2284,181,2005-06-28 06:47:35,2,494,1,11,Horror,4,0.99,21.99,Ana Bradley
9844,2005-07-31 12:26:31,3930,181,2005-08-05 13:58:31,1,857,1,5,Comedy,3,2.99,24.99,Ana Bradley
10362,2005-08-01 05:55:13,72,181,2005-08-10 10:23:13,2,15,1,9,Foreign,5,2.99,10.99,Ana Bradley
3449,2005-06-21 21:01:27,210,181,2005-06-27 21:20:27,1,47,2,9,Foreign,5,4.99,23.99,Ana Bradley
6946,2005-07-26 23:40:07,1854,181,2005-08-04 01:18:07,2,403,2,7,Drama,5,4.99,18.99,Ana Bradley
3862,2005-07-06 17:35:22,471,181,2005-07-15 17:13:22,1,103,2,16,Travel,7,4.99,27.99,Ana Bradley
8601,2005-07-29 13:03:31,3247,181,2005-08-06 16:32:31,1,715,1,8,Family,3,4.99,25.99,Ana Bradley
6477,2005-07-12 01:38:42,804,181,2005-07-17 05:19:42,2,175,1,8,Family,3,2.99,27.99,Ana Bradley
7632,2005-07-28 01:02:40,3233,181,2005-07-30 05:31:40,2,710,1,8,Family,4,4.99,18.99,Ana Bradley
10748,2005-08-01 20:01:24,3769,181,2005-08-05 19:55:24,1,824,2,8,Family,4,4.99,19.99,Ana Bradley
8593,2005-07-29 12:38:14,2601,181,2005-08-07 07:04:14,1,571,2,6,Documentary,6,2.99,26.99,Ana Bradley
9235,2005-07-30 13:47:17,984,181,2005-08-06 17:15:17,2,219,1,6,Documentary,6,4.99,20.99,Ana Bradley
9214,2005-07-30 13:10:14,2823,181,2005-08-06 14:22:14,2,620,1,14,Sci-Fi,5,2.99,23.99,Ana Bradley
10703,2005-08-01 18:37:39,1818,181,2005-08-07 23:50:39,2,395,1,1,Action,4,0.99,28.99,Ana Bradley
4428,2005-07-07 22:29:40,2575,181,2005-07-11 02:46:40,2,563,2,10,Games,6,4.99,16.99,Ana Bradley
579,2005-05-28 11:19:23,3481,181,2005-06-02 13:51:23,1,763,1,15,Sports,3,4.99,26.99,Ana Bradley
10262,2005-08-01 03:01:26,3842,181,2005-08-08 08:03:26,2,841,2,15,Sports,5,2.99,9.99,Ana Bradley
3469,2005-06-21 22:48:59,4087,181,2005-06-28 19:32:59,1,891,1,4,Classics,3,0.99,13.99,Ana Bradley
10773,2005-08-01 20:53:45,3854,181,2005-08-07 00:16:45,1,843,2,4,Classics,4,4.99,15.99,Ana Bradley
460,2005-05-27 20:02:03,4238,240,2005-05-28 16:14:03,1,921,2,12,Music,7,2.99,29.99,Marlene Welch
5596,2005-07-10 04:43:14,1662,240,2005-07-11 22:58:14,2,363,1,12,Music,3,0.99,12.99,Marlene Welch
7481,2005-07-27 19:20:25,1804,240,2005-07-29 19:07:25,2,392,1,3,Children,5,4.99,13.99,Marlene Welch
4305,2005-07-07 17:07:11,3926,240,2005-07-08 16:15:11,2,856,2,11,Horror,5,4.99,11.99,Marlene Welch
5262,2005-07-09 14:08:01,1092,240,2005-07-12 16:48:01,1,243,2,2,Animation,3,4.99,22.99,Marlene Welch
6470,2005-07-12 01:29:41,1680,240,2005-07-15 21:33:41,2,366,2,7,Drama,3,0.99,29.99,Marlene Welch
2196,2005-06-18 01:47:07,1925,240,2005-06-26 03:18:07,2,418,1,7,Drama,5,0.99,27.99,Marlene Welch
2872,2005-06-20 00:38:21,3779,240,2005-06-26 19:56:21,1,827,2,7,Drama,5,4.99,22.99,Marlene Welch
8503,2005-07-29 09:16:50,1164,240,2005-08-04 11:34:50,2,257,2,16,Travel,3,0.99,14.99,Marlene Welch
2264,2005-06-18 05:58:45,150,240,2005-06-19 00:57:45,1,31,2,8,Family,5,4.99,16.99,Marlene Welch
246,2005-05-26 13:57:07,2829,240,2005-05-29 10:12:07,2,621,1,8,Family,5,2.99,23.99,Marlene Welch
643,2005-05-28 18:52:11,3105,240,2005-05-31 15:15:11,2,682,1,8,Family,4,4.99,17.99,Marlene Welch
10308,2005-08-01 04:22:49,588,240,2005-08-09 04:39:49,2,129,1,6,Documentary,3,2.99,16.99,Marlene Welch
6956,2005-07-26 23:55:57,2499,240,2005-08-03 21:41:57,1,549,1,1,Action,4,0.99,28.99,Marlene Welch
6272,2005-07-11 16:03:49,3103,240,2005-07-15 19:54:49,1,681,2,15,Sports,4,0.99,20.99,Marlene Welch
8905,2005-07-30 01:11:11,2154,240,2005-08-04 22:39:11,1,465,2,13,New,4,4.99,17.99,Marlene Welch
7870,2005-07-28 10:16:03,970,240,2005-07-31 16:06:03,1,216,1,13,New,3,4.99,16.99,Marlene Welch
7001,2005-07-27 01:25:34,1460,240,2005-07-31 23:30:34,2,320,1,13,New,4,4.99,28.99,Marlene Welch
7467,2005-07-27 18:51:54,3869,240,2005-08-03 23:27:54,2,846,1,13,New,3,4.99,9.99,Marlene Welch
5551,2005-07-10 03:01:09,4238,44,2005-07-18 02:04:09,2,921,2,12,Music,7,2.99,29.99,Marie Turner
7526,2005-07-27 21:13:47,696,44,2005-08-05 15:23:47,2,152,1,3,Children,5,2.99,13.99,Marie Turner
5849,2005-07-10 17:32:33,1632,44,2005-07-19 22:39:33,1,356,2,3,Children,5,2.99,10.99,Marie Turner
8866,2005-07-29 23:58:19,1530,44,2005-08-01 05:19:19,2,334,2,11,Horror,6,4.99,21.99,Marie Turner
5909,2005-07-10 20:46:13,2333,44,2005-07-14 18:01:13,2,506,2,11,Horror,4,4.99,14.99,Marie Turner
2809,2005-06-19 19:40:27,1786,44,2005-06-27 15:28:27,2,388,1,5,Comedy,5,0.99,16.99,Marie Turner
721,2005-05-29 05:28:47,1116,44,2005-05-31 11:24:47,1,247,2,5,Comedy,3,0.99,19.99,Marie Turner
7514,2005-07-27 20:51:49,400,44,2005-07-29 18:21:49,2,89,1,2,Animation,7,0.99,22.99,Marie Turner
1497,2005-06-15 21:56:39,2958,44,2005-06-20 20:32:39,1,649,1,2,Animation,4,2.99,14.99,Marie Turner
8775,2005-07-29 20:05:38,1358,44,2005-07-30 21:13:38,1,300,1,2,Animation,5,4.99,21.99,Marie Turner
5787,2005-07-10 14:08:49,1075,44,2005-07-19 18:29:49,1,239,2,2,Animation,5,4.99,16.99,Marie Turner
904,2005-05-30 10:19:42,2466,44,2005-06-05 04:58:42,2,539,1,7,Drama,7,2.99,21.99,Marie Turner
4390,2005-07-07 20:59:06,6,44,2005-07-09 00:04:06,2,1,2,6,Documentary,6,0.99,20.99,Marie Turner
29,2005-05-25 03:47:12,611,44,2005-05-30 00:31:12,2,132,2,14,Sci-Fi,6,0.99,25.99,Marie Turner
407,2005-05-27 13:57:38,1077,44,2005-05-31 18:23:38,1,240,2,14,Sci-Fi,7,2.99,10.99,Marie Turner
99,2005-05-25 16:50:20,535,44,2005-05-28 18:52:20,1,117,1,10,Games,6,4.99,15.99,Marie Turner
2369,2005-06-18 14:25:29,1515,44,2005-06-23 18:45:29,2,331,1,10,Games,6,2.99,25.99,Marie Turner
2866,2005-06-20 00:01:36,2718,44,2005-06-20 21:39:36,1,596,2,10,Games,4,4.99,25.99,Marie Turner
4723,2005-07-08 12:44:59,965,44,2005-07-17 07:22:59,2,215,1,10,Games,4,4.99,27.99,Marie Turner
10432,2005-08-01 08:43:21,4238,450,2005-08-08 13:09:21,2,921,2,12,Music,7,2.99,29.99,Jay Robb
2278,2005-06-18 06:37:57,1166,450,2005-06-22 10:57:57,1,258,2,11,Horror,6,0.99,11.99,Jay Robb
5999,2005-07-11 01:21:22,211,450,2005-07-19 01:35:22,1,47,2,9,Foreign,5,4.99,23.99,Jay Robb
2626,2005-06-19 08:28:44,2816,450,2005-06-24 03:58:44,1,618,2,7,Drama,3,0.99,21.99,Jay Robb
6028,2005-07-11 02:31:44,784,450,2005-07-14 03:18:44,1,172,1,7,Drama,7,4.99,12.99,Jay Robb
548,2005-05-28 07:34:56,3704,450,2005-06-05 03:14:56,2,810,2,8,Family,5,0.99,21.99,Jay Robb
3155,2005-06-20 21:02:38,458,450,2005-06-27 19:34:38,1,101,1,6,Documentary,3,0.99,26.99,Jay Robb
1639,2005-06-16 08:33:39,176,450,2005-06-25 07:51:39,1,39,1,14,Sci-Fi,5,0.99,10.99,Jay Robb
10984,2005-08-02 04:30:02,1813,450,2005-08-10 02:51:02,1,394,1,14,Sci-Fi,7,2.99,21.99,Jay Robb
7365,2005-07-27 15:00:20,3283,450,2005-07-30 12:58:20,1,723,2,14,Sci-Fi,3,2.99,29.99,Jay Robb
3570,2005-07-06 03:23:43,1300,450,2005-07-14 07:28:43,2,287,1,1,Action,5,0.99,19.99,Jay Robb
1739,2005-06-16 16:09:38,2557,450,2005-06-22 18:04:38,2,560,2,10,Games,6,0.99,21.99,Jay Robb
1914,2005-06-17 05:25:54,3406,450,2005-06-24 04:25:54,2,747,1,10,Games,5,0.99,9.99,Jay Robb
8733,2005-07-29 18:26:34,3187,450,2005-08-03 15:06:34,1,699,1,10,Games,7,4.99,26.99,Jay Robb
2501,2005-06-18 23:10:11,1185,450,2005-06-24 18:40:11,2,263,2,15,Sports,6,4.99,14.99,Jay Robb
7610,2005-07-28 00:11:35,1279,450,2005-07-31 00:33:35,1,283,1,13,New,6,0.99,10.99,Jay Robb
7626,2005-07-28 00:49:01,4200,450,2005-07-31 00:43:01,1,913,2,13,New,3,0.99,20.99,Jay Robb
4392,2005-07-07 21:11:02,4236,491,2005-07-13 21:52:02,1,921,1,12,Music,7,2.99,29.99,Rick Mattox
1097,2005-05-31 13:38:42,2285,491,2005-06-01 13:54:42,2,494,2,11,Horror,4,0.99,21.99,Rick Mattox
10036,2005-07-31 18:47:20,41,491,2005-08-03 22:53:20,1,9,1,11,Horror,3,2.99,21.99,Rick Mattox
6171,2005-07-11 10:29:35,448,491,2005-07-16 12:01:35,1,99,2,5,Comedy,7,2.99,14.99,Rick Mattox
2026,2005-06-17 13:05:38,3681,491,2005-06-21 17:19:38,1,805,2,2,Animation,5,4.99,12.99,Rick Mattox
4046,2005-07-07 03:27:59,3518,491,2005-07-14 01:14:59,1,771,1,7,Drama,3,4.99,23.99,Rick Mattox
10178,2005-07-31 23:43:04,1582,491,2005-08-03 00:43:04,1,347,1,16,Travel,7,4.99,17.99,Rick Mattox
5134,2005-07-09 07:53:12,149,491,2005-07-16 05:30:12,1,31,1,8,Family,5,4.99,16.99,Rick Mattox
7281,2005-07-27 11:59:20,1350,491,2005-08-04 12:48:20,1,298,1,14,Sci-Fi,4,2.99,13.99,Rick Mattox
2259,2005-06-18 05:37:45,4103,491,2005-06-21 01:51:45,1,893,1,14,Sci-Fi,4,4.99,11.99,Rick Mattox
2391,2005-06-18 15:33:30,2850,491,2005-06-25 14:30:30,1,625,1,14,Sci-Fi,3,0.99,18.99,Rick Mattox
10974,2005-08-02 04:10:52,690,491,2005-08-09 08:26:52,1,151,1,14,Sci-Fi,5,4.99,26.99,Rick Mattox
1198,2005-06-15 01:48:58,1138,491,2005-06-20 01:07:58,2,252,1,1,Action,6,2.99,18.99,Rick Mattox
7871,2005-07-28 10:16:37,3990,491,2005-08-05 11:24:37,2,869,2,1,Action,4,2.99,22.99,Rick Mattox
484,2005-05-27 23:26:45,3115,491,2005-05-29 21:16:45,2,684,2,10,Games,4,2.99,11.99,Rick Mattox
3440,2005-06-21 19:58:18,853,491,2005-06-27 22:08:18,1,187,2,15,Sports,5,2.99,12.99,Rick Mattox
7688,2005-07-28 03:20:47,1179,491,2005-08-06 06:07:47,2,263,1,15,Sports,6,4.99,14.99,Rick Mattox
3031,2005-06-20 11:52:49,1184,491,2005-06-22 07:00:49,1,263,2,15,Sports,6,4.99,14.99,Rick Mattox
7019,2005-07-27 02:20:26,3837,491,2005-08-02 22:48:26,1,841,1,15,Sports,5,2.99,9.99,Rick Mattox
5889,2005-07-10 19:54:41,1706,491,2005-07-12 20:08:41,2,372,1,15,Sports,5,4.99,26.99,Rick Mattox
11048,2005-08-02 06:15:07,206,491,2005-08-04 02:47:07,2,45,2,13,New,5,4.99,14.99,Rick Mattox
1371,2005-06-15 14:38:15,760,491,2005-06-23 15:36:15,1,166,1,4,Classics,6,2.99,19.99,Rick Mattox
4932,2005-07-08 22:17:40,4237,558,2005-07-15 22:13:40,2,921,2,12,Music,7,2.99,29.99,Jimmie Eggleston
5492,2005-07-10 00:11:09,4524,558,2005-07-14 01:27:09,1,987,2,12,Music,3,2.99,13.99,Jimmie Eggleston
6742,2005-07-12 14:25:31,4242,558,2005-07-17 08:50:31,2,922,2,11,Horror,7,4.99,22.99,Jimmie Eggleston
10707,2005-08-01 18:41:34,1165,558,2005-08-06 12:41:34,1,258,2,11,Horror,6,0.99,11.99,Jimmie Eggleston
5375,2005-07-09 18:52:55,1407,558,2005-07-16 15:32:55,2,308,1,5,Comedy,3,2.99,13.99,Jimmie Eggleston
6757,2005-07-12 15:09:48,547,558,2005-07-17 15:04:48,2,119,2,5,Comedy,6,0.99,22.99,Jimmie Eggleston
6479,2005-07-12 01:49:00,2587,558,2005-07-21 04:26:00,1,568,1,5,Comedy,4,4.99,11.99,Jimmie Eggleston
8523,2005-07-29 10:18:27,3614,558,2005-08-04 09:31:27,1,789,2,9,Foreign,7,2.99,15.99,Jimmie Eggleston
3016,2005-06-20 10:55:08,3514,558,2005-06-24 14:05:08,1,769,2,9,Foreign,5,4.99,21.99,Jimmie Eggleston
7424,2005-07-27 17:14:19,660,558,2005-08-01 19:21:19,2,143,1,7,Drama,6,0.99,17.99,Jimmie Eggleston
8889,2005-07-30 00:39:43,3457,558,2005-08-02 23:22:43,1,758,2,7,Drama,5,2.99,11.99,Jimmie Eggleston
8858,2005-07-29 23:44:35,2378,558,2005-08-01 05:25:35,2,518,2,16,Travel,5,4.99,15.99,Jimmie Eggleston
2411,2005-06-18 16:55:54,3302,558,2005-06-25 12:44:54,1,727,1,8,Family,6,0.99,12.99,Jimmie Eggleston
3990,2005-07-06 23:32:44,2009,558,2005-07-14 01:35:44,2,437,2,8,Family,7,2.99,13.99,Jimmie Eggleston
1967,2005-06-17 09:19:52,3225,558,2005-06-21 03:35:52,1,708,2,6,Documentary,4,4.99,19.99,Jimmie Eggleston
3954,2005-07-06 21:57:44,4250,558,2005-07-08 02:37:44,2,924,1,14,Sci-Fi,7,0.99,15.99,Jimmie Eggleston
6278,2005-07-11 16:20:02,2232,558,2005-07-19 19:29:02,2,483,1,10,Games,3,2.99,29.99,Jimmie Eggleston
3731,2005-07-06 11:33:36,4133,558,2005-07-15 12:23:36,2,898,1,15,Sports,4,4.99,18.99,Jimmie Eggleston
3451,2005-06-21 21:10:39,3489,558,2005-06-30 19:03:39,2,764,2,15,Sports,3,4.99,28.99,Jimmie Eggleston
4192,2005-07-07 10:57:06,624,558,2005-07-13 16:30:06,1,135,2,15,Sports,3,2.99,22.99,Jimmie Eggleston
2544,2005-06-19 02:16:17,1465,558,2005-06-22 21:45:17,1,320,2,13,New,4,4.99,28.99,Jimmie Eggleston
10283,2005-08-01 03:29:45,4237,462,2005-08-07 04:19:45,1,921,2,12,Music,7,2.99,29.99,Warren Sherrod
1926,2005-06-17 06:24:30,3509,462,2005-06-25 03:39:30,2,768,1,3,Children,3,4.99,11.99,Warren Sherrod
8757,2005-07-29 19:19:10,3473,462,2005-08-02 13:47:10,2,761,2,3,Children,7,2.99,23.99,Warren Sherrod
156,2005-05-26 01:19:05,3193,462,2005-05-27 23:43:05,1,702,1,11,Horror,4,2.99,12.99,Warren Sherrod
7935,2005-07-28 12:33:17,3664,462,2005-08-04 14:40:17,2,800,2,11,Horror,7,2.99,19.99,Warren Sherrod
9891,2005-07-31 14:05:44,3359,462,2005-08-02 16:21:44,2,737,2,11,Horror,4,0.99,28.99,Warren Sherrod
8290,2005-07-29 02:24:08,3823,462,2005-08-03 01:02:08,2,837,2,5,Comedy,4,2.99,19.99,Warren Sherrod
3279,2005-06-21 06:05:53,1672,462,2005-06-25 09:40:53,1,365,2,5,Comedy,4,4.99,21.99,Warren Sherrod
6583,2005-07-12 06:42:31,2343,462,2005-07-15 07:51:31,1,510,1,2,Animation,6,4.99,29.99,Warren Sherrod
6630,2005-07-12 09:30:05,1843,462,2005-07-14 08:29:05,2,402,1,2,Animation,3,0.99,15.99,Warren Sherrod
8066,2005-07-28 17:20:09,3208,462,2005-07-31 18:36:09,2,705,1,9,Foreign,4,2.99,9.99,Warren Sherrod
1773,2005-06-16 18:13:43,4396,462,2005-06-24 17:43:43,2,961,1,9,Foreign,7,4.99,22.99,Warren Sherrod
590,2005-05-28 13:06:50,473,462,2005-06-02 09:18:50,1,104,2,9,Foreign,4,2.99,17.99,Warren Sherrod
8282,2005-07-29 01:49:04,980,462,2005-08-05 01:51:04,2,218,2,7,Drama,7,0.99,22.99,Warren Sherrod
4500,2005-07-08 02:10:01,398,462,2005-07-15 05:49:01,2,88,2,16,Travel,7,4.99,17.99,Warren Sherrod
6710,2005-07-12 13:23:09,806,462,2005-07-20 10:10:09,2,175,2,8,Family,3,2.99,27.99,Warren Sherrod
7762,2005-07-28 06:34:23,3234,462,2005-08-05 09:55:23,2,710,1,8,Family,4,4.99,18.99,Warren Sherrod
7932,2005-07-28 12:24:54,3738,462,2005-07-30 11:33:54,1,817,1,14,Sci-Fi,7,4.99,27.99,Warren Sherrod
7324,2005-07-27 13:42:39,2572,462,2005-08-04 10:33:39,2,563,1,10,Games,6,4.99,16.99,Warren Sherrod
6721,2005-07-12 13:42:58,2798,462,2005-07-19 16:39:58,2,614,2,10,Games,5,4.99,11.99,Warren Sherrod
7295,2005-07-27 12:38:47,3396,462,2005-08-05 10:12:47,1,745,1,15,Sports,5,4.99,23.99,Warren Sherrod
4728,2005-07-08 12:59:01,3687,462,2005-07-13 13:00:01,1,806,2,13,New,4,2.99,25.99,Warren Sherrod
8627,2005-07-29 14:05:12,4235,226,2005-08-05 16:53:12,2,921,1,12,Music,7,2.99,29.99,Maureen Little
7288,2005-07-27 12:24:59,45,226,2005-08-02 15:52:59,2,9,2,11,Horror,3,2.99,21.99,Maureen Little
6712,2005-07-12 13:24:47,4581,226,2005-07-20 09:35:47,2,1000,2,5,Comedy,3,4.99,18.99,Maureen Little
8600,2005-07-29 13:01:19,1488,226,2005-07-31 15:40:19,2,326,2,2,Animation,6,2.99,18.99,Maureen Little
3721,2005-07-06 11:10:09,2654,226,2005-07-11 07:45:09,2,582,2,2,Animation,3,2.99,19.99,Maureen Little
3414,2005-06-21 16:58:50,2929,226,2005-06-24 17:26:50,1,644,1,2,Animation,7,2.99,29.99,Maureen Little
7329,2005-07-27 13:55:34,906,226,2005-08-04 15:15:34,1,201,1,9,Foreign,7,2.99,18.99,Maureen Little
5282,2005-07-09 15:01:23,4386,226,2005-07-13 11:06:23,2,958,1,7,Drama,6,2.99,19.99,Maureen Little
3466,2005-06-21 22:13:33,371,226,2005-06-25 21:01:33,2,81,1,14,Sci-Fi,6,4.99,29.99,Maureen Little
4324,2005-07-07 17:57:56,952,226,2005-07-13 22:34:56,1,212,1,1,Action,7,4.99,14.99,Maureen Little
5419,2005-07-09 20:47:36,1516,226,2005-07-12 01:36:36,1,331,1,10,Games,6,2.99,25.99,Maureen Little
2168,2005-06-17 23:53:24,802,308,2005-06-20 01:11:24,1,174,2,12,Music,6,4.99,13.99,Thomas Grigsby
2094,2005-06-17 18:18:56,2205,308,2005-06-18 19:36:56,1,477,2,12,Music,5,0.99,15.99,Thomas Grigsby
5946,2005-07-10 22:57:29,1629,308,2005-07-12 00:08:29,1,356,1,3,Children,5,2.99,10.99,Thomas Grigsby
10571,2005-08-01 13:25:30,3660,308,2005-08-02 16:43:30,2,800,1,11,Horror,7,2.99,19.99,Thomas Grigsby
2037,2005-06-17 13:54:20,2582,308,2005-06-20 14:49:20,2,566,1,9,Foreign,6,0.99,20.99,Thomas Grigsby
10797,2005-08-01 22:02:51,1731,308,2005-08-03 23:07:51,1,377,1,8,Family,7,0.99,20.99,Thomas Grigsby
10819,2005-08-01 22:52:57,983,308,2005-08-06 00:08:57,1,219,1,6,Documentary,6,4.99,20.99,Thomas Grigsby
2346,2005-06-18 12:08:16,2575,308,2005-06-27 15:02:16,1,563,2,10,Games,6,4.99,16.99,Thomas Grigsby
8869,2005-07-30 00:06:32,4353,308,2005-07-31 20:49:32,2,949,1,10,Games,6,0.99,27.99,Thomas Grigsby
4285,2005-07-07 15:34:35,511,308,2005-07-15 09:43:35,2,113,2,15,Sports,4,4.99,19.99,Thomas Grigsby
4002,2005-07-07 00:08:18,2790,308,2005-07-14 01:29:18,2,612,2,15,Sports,6,2.99,10.99,Thomas Grigsby
9479,2005-07-30 23:22:09,3461,308,2005-07-31 22:26:09,2,759,2,13,New,4,2.99,29.99,Thomas Grigsby
589,2005-05-28 12:27:50,4231,308,2005-06-03 07:15:50,2,920,1,13,New,3,0.99,16.99,Thomas Grigsby
9746,2005-07-31 09:16:48,1459,308,2005-08-07 06:36:48,2,320,1,13,New,4,4.99,28.99,Thomas Grigsby
2448,2005-06-18 19:13:45,1642,308,2005-06-27 14:43:45,1,358,1,4,Classics,5,0.99,29.99,Thomas Grigsby
6873,2005-07-12 20:20:50,802,161,2005-07-17 01:51:50,1,174,2,12,Music,6,4.99,13.99,Geraldine Perkins
9421,2005-07-30 21:08:32,2206,161,2005-08-02 00:43:32,1,477,2,12,Music,5,0.99,15.99,Geraldine Perkins
428,2005-05-27 16:10:58,3349,161,2005-05-31 17:24:58,2,735,2,3,Children,7,2.99,26.99,Geraldine Perkins
10241,2005-08-01 02:12:25,1526,161,2005-08-08 00:37:25,1,334,1,11,Horror,6,4.99,21.99,Geraldine Perkins
1856,2005-06-17 01:02:00,3034,161,2005-06-19 21:29:00,2,665,2,11,Horror,4,2.99,22.99,Geraldine Perkins
8774,2005-07-29 20:05:04,315,161,2005-07-31 14:32:04,1,70,2,2,Animation,7,4.99,26.99,Geraldine Perkins
10939,2005-08-02 03:06:20,2131,161,2005-08-04 01:22:20,2,461,2,2,Animation,3,0.99,14.99,Geraldine Perkins
10863,2005-08-02 00:18:07,1170,161,2005-08-10 06:16:07,2,259,1,2,Animation,4,2.99,15.99,Geraldine Perkins
3075,2005-06-20 14:52:19,4346,161,2005-06-28 18:48:19,2,947,1,9,Foreign,5,0.99,16.99,Geraldine Perkins
477,2005-05-27 22:33:33,2437,161,2005-06-02 18:35:33,2,531,2,9,Foreign,3,0.99,18.99,Geraldine Perkins
10355,2005-08-01 05:47:37,2158,161,2005-08-02 09:28:37,2,467,1,9,Foreign,6,0.99,10.99,Geraldine Perkins
5349,2005-07-09 17:35:35,3139,161,2005-07-18 14:05:35,1,689,2,9,Foreign,5,2.99,14.99,Geraldine Perkins
9135,2005-07-30 10:06:53,821,161,2005-08-03 13:57:53,2,179,1,7,Drama,4,4.99,14.99,Geraldine Perkins
4248,2005-07-07 13:59:20,773,161,2005-07-14 15:18:20,2,169,1,16,Travel,3,2.99,19.99,Geraldine Perkins
4187,2005-07-07 10:41:31,2,161,2005-07-11 06:25:31,1,1,1,6,Documentary,6,0.99,20.99,Geraldine Perkins
10637,2005-08-01 15:44:09,1243,161,2005-08-04 14:42:09,1,274,2,6,Documentary,4,2.99,20.99,Geraldine Perkins
7003,2005-07-27 01:32:06,636,161,2005-07-30 21:33:06,2,138,2,14,Sci-Fi,5,2.99,29.99,Geraldine Perkins
1003,2005-05-31 00:48:20,133,161,2005-06-02 04:53:20,2,26,2,14,Sci-Fi,3,0.99,15.99,Geraldine Perkins
520,2005-05-28 03:27:37,3845,161,2005-06-04 05:47:37,1,842,1,10,Games,4,2.99,13.99,Geraldine Perkins
539,2005-05-28 06:26:16,3427,161,2005-05-30 02:02:16,1,751,2,13,New,6,0.99,17.99,Geraldine Perkins
4490,2005-07-08 01:26:32,2690,161,2005-07-09 01:13:32,1,590,2,13,New,3,2.99,17.99,Geraldine Perkins
612,2005-05-28 15:24:54,2180,161,2005-05-30 14:22:54,2,471,1,4,Classics,7,2.99,23.99,Geraldine Perkins
3948,2005-07-06 21:45:53,2254,161,2005-07-08 19:24:53,2,487,2,4,Classics,6,4.99,29.99,Geraldine Perkins
667,2005-05-28 21:49:02,797,596,2005-05-31 03:07:02,1,174,1,12,Music,6,4.99,13.99,Enrique Forsythe
10804,2005-08-01 22:22:11,2915,596,2005-08-03 03:42:11,2,641,1,9,Foreign,4,0.99,21.99,Enrique Forsythe
303,2005-05-26 21:16:52,1111,596,2005-05-27 23:41:52,2,246,2,9,Foreign,5,4.99,16.99,Enrique Forsythe
2767,2005-06-19 17:46:35,4052,596,2005-06-24 22:42:35,1,882,1,7,Drama,4,0.99,24.99,Enrique Forsythe
10756,2005-08-01 20:17:03,4247,596,2005-08-08 18:31:03,2,923,2,7,Drama,7,2.99,12.99,Enrique Forsythe
6883,2005-07-12 20:50:48,468,596,2005-07-19 16:00:48,2,103,1,16,Travel,7,4.99,27.99,Enrique Forsythe
625,2005-05-28 16:35:46,2889,596,2005-06-01 14:19:46,1,634,2,8,Family,6,0.99,14.99,Enrique Forsythe
5742,2005-07-10 11:56:18,3975,596,2005-07-19 06:59:18,2,866,2,8,Family,6,0.99,28.99,Enrique Forsythe
1644,2005-06-16 08:58:18,749,596,2005-06-21 06:47:18,1,164,1,6,Documentary,4,0.99,20.99,Enrique Forsythe
10692,2005-08-01 18:12:35,371,596,2005-08-07 13:06:35,1,81,1,14,Sci-Fi,6,4.99,29.99,Enrique Forsythe
6015,2005-07-11 02:04:12,295,596,2005-07-13 02:43:12,2,67,1,1,Action,5,2.99,24.99,Enrique Forsythe
974,2005-05-30 20:28:42,2617,596,2005-06-08 23:45:42,2,574,1,1,Action,3,0.99,19.99,Enrique Forsythe
11009,2005-08-02 05:06:23,2574,596,2005-08-08 03:02:23,1,563,2,10,Games,6,4.99,16.99,Enrique Forsythe
6197,2005-07-11 12:09:51,4156,596,2005-07-12 06:15:51,1,902,2,15,Sports,6,4.99,22.99,Enrique Forsythe
10094,2005-07-31 20:31:18,2865,596,2005-08-06 18:31:18,2,628,1,15,Sports,5,2.99,24.99,Enrique Forsythe
782,2005-05-29 14:38:57,2255,596,2005-06-02 13:18:57,2,488,1,15,Sports,3,0.99,23.99,Enrique Forsythe
914,2005-05-30 11:06:00,1393,596,2005-06-04 06:07:00,2,305,1,13,New,6,2.99,24.99,Enrique Forsythe
6017,2005-07-11 02:05:32,4088,596,2005-07-14 22:50:32,1,891,1,4,Classics,3,0.99,13.99,Enrique Forsythe
5326,2005-07-09 16:38:01,797,1,2005-07-13 18:02:01,1,174,1,12,Music,6,4.99,13.99,Mary Smith
3284,2005-06-21 06:24:45,4566,1,2005-06-28 03:28:45,1,997,1,12,Music,4,0.99,14.99,Mary Smith
1725,2005-06-16 15:18:57,726,1,2005-06-17 21:05:57,1,159,1,5,Comedy,5,4.99,12.99,Mary Smith
5244,2005-07-09 13:24:07,3726,1,2005-07-14 14:01:07,2,814,2,5,Comedy,6,4.99,15.99,Mary Smith
1476,2005-06-15 21:08:46,1407,1,2005-06-25 02:26:46,1,308,1,5,Comedy,3,2.99,13.99,Mary Smith
7841,2005-07-28 09:04:45,1092,1,2005-07-30 12:37:45,2,243,2,2,Animation,3,4.99,22.99,Mary Smith
8033,2005-07-28 16:18:23,4268,1,2005-07-30 17:56:23,1,929,1,9,Foreign,5,4.99,21.99,Mary Smith
7273,2005-07-27 11:31:22,2465,1,2005-07-31 06:50:22,1,539,1,7,Drama,7,2.99,21.99,Mary Smith
2363,2005-06-18 13:33:59,3497,1,2005-06-19 17:40:59,1,766,1,7,Drama,5,0.99,25.99,Mary Smith
6163,2005-07-11 10:13:46,1330,1,2005-07-19 13:15:46,2,294,1,16,Travel,5,4.99,26.99,Mary Smith
10437,2005-08-01 08:51:04,14,1,2005-08-10 12:12:04,1,3,2,6,Documentary,7,2.99,18.99,Mary Smith
2308,2005-06-18 08:41:48,197,1,2005-06-22 03:36:48,2,44,1,14,Sci-Fi,5,4.99,21.99,Mary Smith
8116,2005-07-28 19:20:07,4497,1,2005-07-29 22:54:07,1,982,1,1,Action,4,0.99,23.99,Mary Smith
4526,2005-07-08 03:17:05,1443,1,2005-07-14 01:19:05,2,316,2,10,Games,5,4.99,18.99,Mary Smith
573,2005-05-28 10:35:23,4020,1,2005-06-03 06:32:23,1,875,2,15,Sports,6,0.99,9.99,Mary Smith
4611,2005-07-08 07:33:56,3486,1,2005-07-12 13:25:56,2,764,1,15,Sports,3,4.99,28.99,Mary Smith
8326,2005-07-29 03:58:49,108,1,2005-08-01 05:16:49,2,22,1,13,New,6,2.99,10.99,Mary Smith
1185,2005-06-15 00:54:12,2785,1,2005-06-23 02:42:12,2,611,1,4,Classics,7,4.99,17.99,Mary Smith
76,2005-05-25 11:30:37,3021,1,2005-06-03 12:00:37,2,663,2,4,Classics,7,0.99,29.99,Mary Smith
9571,2005-07-31 02:42:18,2219,1,2005-08-02 23:26:18,2,480,1,4,Classics,3,2.99,29.99,Mary Smith
1422,2005-06-15 18:02:53,1021,1,2005-06-19 15:54:53,2,228,2,4,Classics,4,0.99,16.99,Mary Smith
8074,2005-07-28 17:33:39,1558,1,2005-07-29 20:17:39,1,341,2,4,Classics,5,0.99,13.99,Mary Smith
7648,2005-07-28 01:35:33,797,310,2005-08-04 06:21:33,2,174,1,12,Music,6,4.99,13.99,Daniel Cabral
1162,2005-06-14 23:09:38,987,310,2005-06-23 22:00:38,1,220,1,12,Music,7,2.99,13.99,Daniel Cabral
4072,2005-07-07 04:48:02,3130,310,2005-07-12 10:32:02,2,688,2,3,Children,6,0.99,12.99,Daniel Cabral
2480,2005-06-18 21:04:09,4078,310,2005-06-22 16:24:09,1,889,1,3,Children,3,4.99,28.99,Daniel Cabral
104,2005-05-25 17:46:33,4281,310,2005-05-27 15:20:33,1,932,1,5,Comedy,3,0.99,21.99,Daniel Cabral
1333,2005-06-15 11:37:08,448,310,2005-06-16 10:13:08,2,99,2,5,Comedy,7,2.99,14.99,Daniel Cabral
8637,2005-07-29 14:30:11,1069,310,2005-08-04 14:00:11,1,239,1,2,Animation,5,4.99,16.99,Daniel Cabral
1918,2005-06-17 05:40:14,3749,310,2005-06-21 08:53:14,2,820,1,2,Animation,3,2.99,11.99,Daniel Cabral
2088,2005-06-17 17:35:30,506,310,2005-06-23 20:13:30,2,112,2,9,Foreign,4,4.99,22.99,Daniel Cabral
5836,2005-07-10 16:49:02,1842,310,2005-07-11 22:35:02,2,401,1,7,Drama,6,0.99,10.99,Daniel Cabral
2618,2005-06-19 08:03:01,2465,310,2005-06-24 03:23:01,2,539,1,7,Drama,7,2.99,21.99,Daniel Cabral
9536,2005-07-31 01:19:02,2547,310,2005-08-02 19:38:02,1,559,1,14,Sci-Fi,7,2.99,22.99,Daniel Cabral
8981,2005-07-30 04:25:30,4413,310,2005-08-06 02:37:30,1,964,2,1,Action,4,4.99,17.99,Daniel Cabral
3830,2005-07-06 16:01:16,553,310,2005-07-15 19:35:16,2,120,1,15,Sports,3,4.99,16.99,Daniel Cabral
5621,2005-07-10 05:34:10,552,310,2005-07-14 02:49:10,1,120,1,15,Sports,3,4.99,16.99,Daniel Cabral
692,2005-05-29 01:32:10,800,18,2005-06-02 03:54:10,2,174,2,12,Music,6,4.99,13.99,Carol Garcia
2112,2005-06-17 19:52:42,1629,18,2005-06-25 00:00:42,2,356,1,3,Children,5,2.99,10.99,Carol Garcia
4724,2005-07-08 12:46:30,3375,18,2005-07-14 12:39:30,1,740,2,11,Horror,5,2.99,13.99,Carol Garcia
2990,2005-06-20 09:02:51,4559,18,2005-06-29 13:19:51,2,995,1,11,Horror,5,4.99,11.99,Carol Garcia
10682,2005-08-01 17:32:53,4557,18,2005-08-06 15:49:53,2,995,1,11,Horror,5,4.99,11.99,Carol Garcia
9036,2005-07-30 06:18:38,790,18,2005-07-31 01:22:38,1,173,1,7,Drama,7,4.99,25.99,Carol Garcia
1451,2005-06-15 19:30:18,3560,18,2005-06-19 19:22:18,2,778,1,8,Family,3,4.99,24.99,Carol Garcia
116,2005-05-25 19:27:51,4453,18,2005-05-26 16:23:51,1,973,1,6,Documentary,3,4.99,27.99,Carol Garcia
4923,2005-07-08 21:44:39,932,18,2005-07-17 15:50:39,2,206,2,6,Documentary,6,0.99,25.99,Carol Garcia
9114,2005-07-30 09:13:21,893,18,2005-08-05 06:00:21,2,199,2,6,Documentary,4,2.99,29.99,Carol Garcia
4672,2005-07-08 10:15:38,1922,18,2005-07-16 05:06:38,1,417,2,1,Action,5,0.99,29.99,Carol Garcia
10721,2005-08-01 19:05:18,904,18,2005-08-09 20:45:18,2,200,2,10,Games,7,0.99,27.99,Carol Garcia
8122,2005-07-28 19:27:37,2141,18,2005-07-29 19:48:37,2,463,1,15,Sports,4,2.99,21.99,Carol Garcia
1783,2005-06-16 19:23:23,50,18,2005-06-18 00:57:23,1,10,2,15,Sports,6,4.99,24.99,Carol Garcia
6846,2005-07-12 19:20:45,1214,18,2005-07-17 00:06:45,1,270,1,13,New,7,0.99,29.99,Carol Garcia
50,2005-05-25 06:44:53,1983,18,2005-05-28 11:28:53,2,432,2,4,Classics,4,2.99,22.99,Carol Garcia
8555,2005-07-29 11:18:01,2784,18,2005-07-30 10:47:01,2,611,1,4,Classics,7,4.99,17.99,Carol Garcia
6128,2005-07-11 08:15:08,2050,18,2005-07-13 03:36:08,1,445,2,4,Classics,5,2.99,11.99,Carol Garcia
3165,2005-06-20 21:29:17,796,85,2005-06-22 18:03:17,1,174,1,12,Music,6,4.99,13.99,Anne Powell
1685,2005-06-16 12:06:57,2754,85,2005-06-21 16:53:57,2,604,2,5,Comedy,4,0.99,10.99,Anne Powell
10328,2005-08-01 04:56:10,1191,85,2005-08-01 23:22:10,2,265,1,5,Comedy,5,4.99,28.99,Anne Powell
10548,2005-08-01 12:44:32,1914,85,2005-08-07 09:17:32,1,416,2,9,Foreign,6,0.99,10.99,Anne Powell
5519,2005-07-10 01:18:32,1312,85,2005-07-11 20:39:32,1,290,1,9,Foreign,4,0.99,29.99,Anne Powell
4705,2005-07-08 11:50:38,3709,85,2005-07-12 15:58:38,2,811,1,16,Travel,4,2.99,29.99,Anne Powell
9957,2005-07-31 16:03:55,1857,85,2005-08-04 15:16:55,2,405,2,16,Travel,6,4.99,13.99,Anne Powell
3307,2005-06-21 07:52:30,462,85,2005-06-25 02:36:30,2,101,2,6,Documentary,3,0.99,26.99,Anne Powell
2794,2005-06-19 18:53:05,1957,85,2005-06-22 13:15:05,1,427,1,6,Documentary,5,0.99,19.99,Anne Powell
9985,2005-07-31 17:14:47,1831,85,2005-08-01 12:11:47,2,397,2,14,Sci-Fi,5,2.99,26.99,Anne Powell
4451,2005-07-07 23:29:54,179,85,2005-07-10 23:29:54,2,39,2,14,Sci-Fi,5,0.99,10.99,Anne Powell
2131,2005-06-17 21:02:25,4424,85,2005-06-25 18:45:25,1,967,1,14,Sci-Fi,5,2.99,26.99,Anne Powell
9427,2005-07-30 21:16:33,1494,85,2005-08-05 17:23:33,2,327,1,1,Action,3,4.99,24.99,Anne Powell
908,2005-05-30 10:38:37,4427,85,2005-06-03 09:56:37,1,968,1,1,Action,6,4.99,19.99,Anne Powell
11067,2005-08-02 07:03:24,965,85,2005-08-10 08:59:24,2,215,1,10,Games,4,4.99,27.99,Anne Powell
690,2005-05-29 00:54:53,2646,85,2005-06-06 00:45:53,1,580,1,13,New,3,4.99,12.99,Anne Powell
7906,2005-07-28 11:31:42,1216,85,2005-08-01 11:56:42,2,270,1,13,New,7,0.99,29.99,Anne Powell
5051,2005-07-09 03:57:53,4091,85,2005-07-16 08:22:53,2,891,2,4,Classics,3,0.99,13.99,Anne Powell
3418,2005-06-21 17:06:38,4115,85,2005-06-25 19:43:38,1,895,1,4,Classics,3,2.99,21.99,Anne Powell
5643,2005-07-10 06:49:00,796,34,2005-07-14 01:53:00,1,174,1,12,Music,6,4.99,13.99,Rebecca Scott
3911,2005-07-06 20:09:11,4548,34,2005-07-08 23:53:11,1,993,1,3,Children,6,2.99,10.99,Rebecca Scott
5918,2005-07-10 21:32:06,120,34,2005-07-19 21:35:06,1,24,1,11,Horror,6,2.99,19.99,Rebecca Scott
7124,2005-07-27 06:09:30,3449,34,2005-08-02 09:31:30,1,756,2,5,Comedy,7,2.99,10.99,Rebecca Scott
7532,2005-07-27 21:20:52,677,34,2005-07-30 21:38:52,1,147,2,8,Family,5,0.99,16.99,Rebecca Scott
7015,2005-07-27 02:15:01,376,34,2005-07-28 07:46:01,2,83,1,8,Family,5,2.99,18.99,Rebecca Scott
9160,2005-07-30 11:17:33,183,34,2005-08-06 15:16:33,2,40,2,6,Documentary,4,0.99,22.99,Rebecca Scott
1900,2005-06-17 04:29:58,1425,34,2005-06-21 05:58:58,1,312,2,14,Sci-Fi,4,4.99,20.99,Rebecca Scott
10615,2005-08-01 14:58:14,2639,34,2005-08-02 13:38:14,1,579,1,1,Action,3,4.99,22.99,Rebecca Scott
3150,2005-06-20 20:35:28,94,34,2005-06-26 01:01:28,1,19,1,1,Action,6,0.99,20.99,Rebecca Scott
2257,2005-06-18 05:29:52,2846,34,2005-06-22 00:19:52,1,624,2,10,Games,3,4.99,25.99,Rebecca Scott
5188,2005-07-09 10:22:31,3265,34,2005-07-13 04:41:31,1,719,1,15,Sports,7,4.99,11.99,Rebecca Scott
3508,2005-07-06 00:24:25,2381,34,2005-07-10 05:38:25,2,519,2,15,Sports,3,2.99,27.99,Rebecca Scott
10523,2005-08-01 11:52:32,2408,34,2005-08-02 10:47:32,1,525,2,4,Classics,4,0.99,29.99,Rebecca Scott
5405,2005-07-09 20:11:49,799,45,2005-07-18 18:37:49,2,174,2,12,Music,6,4.99,13.99,Janet Phillips
10878,2005-08-02 00:33:12,3511,45,2005-08-07 06:02:12,1,768,2,3,Children,3,4.99,11.99,Janet Phillips
3444,2005-06-21 20:39:39,493,45,2005-06-25 23:44:39,2,110,1,3,Children,4,0.99,25.99,Janet Phillips
277,2005-05-26 17:32:11,1409,45,2005-05-28 22:54:11,1,308,2,5,Comedy,3,2.99,13.99,Janet Phillips
3391,2005-06-21 15:11:02,26,45,2005-06-25 14:12:02,1,6,1,9,Foreign,3,2.99,17.99,Janet Phillips
4843,2005-07-08 18:27:28,3640,45,2005-07-15 00:26:28,2,795,1,8,Family,7,0.99,23.99,Janet Phillips
10507,2005-08-01 11:22:20,367,45,2005-08-04 13:18:20,2,80,1,8,Family,7,2.99,21.99,Janet Phillips
6002,2005-07-11 01:27:49,4422,45,2005-07-12 06:02:49,1,967,1,14,Sci-Fi,5,2.99,26.99,Janet Phillips
7961,2005-07-28 13:47:21,3284,45,2005-08-01 09:33:21,1,723,2,14,Sci-Fi,3,2.99,29.99,Janet Phillips
11004,2005-08-02 05:04:18,200,45,2005-08-11 00:03:18,2,44,2,14,Sci-Fi,5,4.99,21.99,Janet Phillips
2722,2005-06-19 14:55:17,952,45,2005-06-25 13:11:17,2,212,1,1,Action,7,4.99,14.99,Janet Phillips
7436,2005-07-27 17:39:12,299,45,2005-08-01 12:40:12,2,67,2,1,Action,5,2.99,24.99,Janet Phillips
11029,2005-08-02 05:51:10,1023,45,2005-08-05 04:15:10,1,229,1,1,Action,6,4.99,12.99,Janet Phillips
6001,2005-07-11 01:24:44,1779,45,2005-07-11 22:55:44,1,387,1,10,Games,7,0.99,27.99,Janet Phillips
5181,2005-07-09 10:07:27,2569,45,2005-07-17 10:18:27,2,563,1,10,Games,6,4.99,16.99,Janet Phillips
1806,2005-06-16 20:41:57,2053,45,2005-06-18 19:25:57,2,446,1,15,Sports,5,4.99,19.99,Janet Phillips
1979,2005-06-17 09:45:30,3470,45,2005-06-20 10:52:30,1,760,2,13,New,5,2.99,21.99,Janet Phillips
5637,2005-07-10 06:31:37,4436,45,2005-07-17 01:16:37,1,970,1,4,Classics,7,0.99,11.99,Janet Phillips
6966,2005-07-27 00:15:35,1577,45,2005-08-05 03:04:35,2,346,2,4,Classics,4,4.99,13.99,Janet Phillips
6823,2005-07-12 18:24:31,795,557,2005-07-17 23:13:31,1,174,1,12,Music,6,4.99,13.99,Felix Gaffney
6459,2005-07-12 01:12:03,4025,557,2005-07-15 23:48:03,1,877,1,12,Music,4,0.99,23.99,Felix Gaffney
9366,2005-07-30 18:48:57,4013,557,2005-08-03 15:17:57,2,873,2,3,Children,3,0.99,13.99,Felix Gaffney
3050,2005-06-20 13:03:03,2397,557,2005-06-29 07:22:03,1,524,1,5,Comedy,6,0.99,13.99,Felix Gaffney
4651,2005-07-08 09:39:39,4064,557,2005-07-09 12:14:39,2,886,1,2,Animation,5,0.99,9.99,Felix Gaffney
9336,2005-07-30 18:01:15,1911,557,2005-08-05 23:10:15,1,416,1,9,Foreign,6,0.99,10.99,Felix Gaffney
6898,2005-07-12 21:39:04,1725,557,2005-07-15 20:30:04,1,376,1,9,Foreign,4,0.99,20.99,Felix Gaffney
9367,2005-07-30 18:49:58,793,557,2005-08-08 22:04:58,1,173,2,7,Drama,7,4.99,25.99,Felix Gaffney
467,2005-05-27 21:10:03,339,557,2005-06-01 16:08:03,1,75,2,16,Travel,6,4.99,14.99,Felix Gaffney
9341,2005-07-30 18:07:58,894,557,2005-08-01 17:43:58,1,199,2,6,Documentary,4,2.99,29.99,Felix Gaffney
4851,2005-07-08 18:40:05,134,557,2005-07-12 21:46:05,1,26,2,14,Sci-Fi,3,0.99,15.99,Felix Gaffney
1666,2005-06-16 10:17:19,4019,557,2005-06-21 05:50:19,1,875,2,15,Sports,6,0.99,9.99,Felix Gaffney
6713,2005-07-12 13:27:36,4218,557,2005-07-16 11:14:36,1,917,1,15,Sports,3,2.99,24.99,Felix Gaffney
478,2005-05-27 22:38:20,424,557,2005-05-31 18:39:20,2,93,2,13,New,4,4.99,27.99,Felix Gaffney
2988,2005-06-20 08:59:08,3160,557,2005-06-28 04:31:08,2,694,1,4,Classics,6,4.99,15.99,Felix Gaffney
7292,2005-07-27 12:34:14,795,468,2005-08-01 18:16:14,2,174,1,12,Music,6,4.99,13.99,Tim Cary
4527,2005-07-08 03:20:10,2263,468,2005-07-15 02:21:10,1,489,1,2,Animation,4,0.99,14.99,Tim Cary
101,2005-05-25 17:17:04,617,468,2005-05-31 19:47:04,1,134,2,2,Animation,4,4.99,21.99,Tim Cary
6392,2005-07-11 22:25:19,4406,468,2005-07-16 04:24:19,1,963,2,2,Animation,5,0.99,12.99,Tim Cary
9598,2005-07-31 03:30:41,1105,468,2005-08-04 03:54:41,1,245,2,2,Animation,4,0.99,28.99,Tim Cary
1821,2005-06-16 21:42:49,3207,468,2005-06-20 16:25:49,2,705,1,9,Foreign,4,2.99,9.99,Tim Cary
6581,2005-07-12 06:26:49,2121,468,2005-07-14 05:07:49,2,460,1,9,Foreign,3,4.99,26.99,Tim Cary
3724,2005-07-06 11:12:48,3622,468,2005-07-14 14:41:48,1,790,2,7,Drama,6,0.99,22.99,Tim Cary
3840,2005-07-06 16:30:59,4384,468,2005-07-15 22:08:59,2,958,1,7,Drama,6,2.99,19.99,Tim Cary
296,2005-05-26 20:35:19,3878,468,2005-06-04 02:31:19,2,848,1,16,Travel,3,0.99,19.99,Tim Cary
186,2005-05-26 05:32:52,1799,468,2005-06-03 07:19:52,2,391,1,8,Family,6,2.99,25.99,Tim Cary
5285,2005-07-09 15:10:44,676,468,2005-07-16 13:02:44,2,147,2,8,Family,5,0.99,16.99,Tim Cary
7685,2005-07-28 03:13:00,2213,468,2005-08-01 00:29:00,2,479,1,8,Family,7,0.99,12.99,Tim Cary
6815,2005-07-12 18:14:10,3236,468,2005-07-17 14:16:10,1,710,1,8,Family,4,4.99,18.99,Tim Cary
9690,2005-07-31 07:06:29,4449,468,2005-08-06 09:45:29,2,972,2,14,Sci-Fi,4,4.99,24.99,Tim Cary
8768,2005-07-29 19:43:02,1601,468,2005-08-03 23:36:02,1,350,2,14,Sci-Fi,3,4.99,21.99,Tim Cary
459,2005-05-27 20:00:04,597,468,2005-05-29 22:47:04,1,130,2,1,Action,7,0.99,24.99,Tim Cary
1627,2005-06-16 07:51:09,4135,468,2005-06-24 02:24:09,1,898,1,15,Sports,4,4.99,18.99,Tim Cary
8423,2005-07-29 07:02:57,187,468,2005-08-06 04:59:57,1,42,2,15,Sports,5,2.99,10.99,Tim Cary
673,2005-05-28 22:07:30,1769,468,2005-06-01 23:42:30,1,383,2,15,Sports,6,0.99,13.99,Tim Cary
1229,2005-06-15 03:53:13,2140,468,2005-06-18 04:09:13,1,463,1,15,Sports,4,2.99,21.99,Tim Cary
2462,2005-06-18 20:00:15,2151,468,2005-06-21 21:54:15,2,465,1,13,New,4,4.99,17.99,Tim Cary
1975,2005-06-17 09:32:10,2520,468,2005-06-23 03:50:10,2,554,1,4,Classics,6,2.99,22.99,Tim Cary
2831,2005-06-19 21:17:06,4089,468,2005-06-22 16:56:06,2,891,1,4,Classics,3,0.99,13.99,Tim Cary
4184,2005-07-07 10:30:08,1022,468,2005-07-14 12:56:08,1,228,2,4,Classics,4,0.99,16.99,Tim Cary
9350,2005-07-30 18:24:30,798,434,2005-08-02 15:34:30,2,174,1,12,Music,6,4.99,13.99,Eddie Tomlin
4414,2005-07-07 22:00:21,991,434,2005-07-12 02:51:21,1,220,2,12,Music,7,2.99,13.99,Eddie Tomlin
3037,2005-06-20 12:28:03,2033,434,2005-06-21 08:21:03,1,443,1,5,Comedy,6,2.99,11.99,Eddie Tomlin
4960,2005-07-08 23:27:16,2176,434,2005-07-18 02:01:16,1,470,1,2,Animation,4,4.99,24.99,Eddie Tomlin
2430,2005-06-18 17:51:46,1984,434,2005-06-23 19:17:46,1,433,1,2,Animation,4,2.99,23.99,Eddie Tomlin
2494,2005-06-18 22:15:09,1313,434,2005-06-25 17:23:09,1,290,1,9,Foreign,4,0.99,29.99,Eddie Tomlin
1584,2005-06-16 04:50:50,3545,434,2005-06-21 22:51:50,2,775,1,7,Drama,4,4.99,18.99,Eddie Tomlin
1225,2005-06-15 03:45:35,1929,434,2005-06-19 02:03:35,1,418,2,7,Drama,5,0.99,27.99,Eddie Tomlin
508,2005-05-28 02:40:50,4179,434,2005-06-05 03:05:50,1,910,2,7,Drama,3,0.99,19.99,Eddie Tomlin
2415,2005-06-18 17:02:42,3105,434,2005-06-25 13:16:42,2,682,1,8,Family,4,4.99,17.99,Eddie Tomlin
6972,2005-07-27 00:31:25,1716,434,2005-07-28 22:15:25,2,374,2,14,Sci-Fi,3,0.99,29.99,Eddie Tomlin
7479,2005-07-27 19:18:17,218,434,2005-07-30 18:55:17,1,49,1,14,Sci-Fi,6,2.99,22.99,Eddie Tomlin
4654,2005-07-08 09:48:03,4210,434,2005-07-17 13:17:03,1,915,1,1,Action,7,4.99,9.99,Eddie Tomlin
7260,2005-07-27 11:09:28,3827,434,2005-08-03 09:41:28,1,838,2,1,Action,5,4.99,25.99,Eddie Tomlin
8205,2005-07-28 23:18:48,2944,434,2005-07-30 00:37:48,2,646,2,10,Games,6,0.99,12.99,Eddie Tomlin
5464,2005-07-09 22:58:14,3692,434,2005-07-15 02:48:14,1,807,2,10,Games,4,0.99,25.99,Eddie Tomlin
3014,2005-06-20 10:45:20,2179,434,2005-06-23 06:29:20,1,471,1,4,Classics,7,2.99,23.99,Eddie Tomlin
2006,2005-06-17 11:47:03,992,215,2005-06-19 13:47:03,2,220,2,12,Music,7,2.99,13.99,Jessie Banks
9046,2005-07-30 06:46:55,1736,215,2005-08-01 02:21:55,2,378,1,12,Music,5,2.99,24.99,Jessie Banks
711,2005-05-29 03:49:03,4581,215,2005-05-31 08:29:03,2,1000,2,5,Comedy,3,4.99,18.99,Jessie Banks
2918,2005-06-20 04:09:04,1985,215,2005-06-21 10:07:04,1,433,1,2,Animation,4,2.99,23.99,Jessie Banks
9518,2005-07-31 00:43:26,2714,215,2005-08-04 19:12:26,2,595,2,9,Foreign,7,0.99,20.99,Jessie Banks
5886,2005-07-10 19:36:25,907,215,2005-07-11 22:24:25,2,201,1,9,Foreign,7,2.99,18.99,Jessie Banks
1376,2005-06-15 14:59:06,4271,215,2005-06-19 17:34:06,1,929,1,9,Foreign,5,4.99,21.99,Jessie Banks
5967,2005-07-11 00:02:19,2125,215,2005-07-18 23:08:19,1,460,2,9,Foreign,3,4.99,26.99,Jessie Banks
9611,2005-07-31 03:54:43,1976,215,2005-08-05 03:54:43,2,431,2,9,Foreign,3,2.99,12.99,Jessie Banks
3143,2005-06-20 20:01:52,1355,215,2005-06-26 19:26:52,2,299,1,16,Travel,4,0.99,9.99,Jessie Banks
7180,2005-07-27 08:14:34,460,215,2005-07-31 05:24:34,1,101,1,6,Documentary,3,0.99,26.99,Jessie Banks
1845,2005-06-16 23:56:11,3395,215,2005-06-19 01:41:11,2,745,1,15,Sports,5,4.99,23.99,Jessie Banks
1080,2005-05-31 10:55:26,3491,215,2005-06-03 13:13:26,2,764,2,15,Sports,3,4.99,28.99,Jessie Banks
1599,2005-06-16 06:03:33,1476,215,2005-06-21 07:46:33,2,323,2,15,Sports,7,4.99,22.99,Jessie Banks
4940,2005-07-08 22:36:06,971,215,2005-07-15 04:28:06,1,216,2,13,New,3,4.99,16.99,Jessie Banks
5953,2005-07-10 23:21:35,992,386,2005-07-14 20:48:35,2,220,2,12,Music,7,2.99,13.99,Todd Tan
6037,2005-07-11 03:06:54,1886,386,2005-07-12 22:46:54,2,411,1,12,Music,5,4.99,13.99,Todd Tan
1585,2005-06-16 04:51:13,1708,386,2005-06-24 00:23:13,2,373,1,3,Children,7,2.99,14.99,Todd Tan
5524,2005-07-10 01:49:24,3596,386,2005-07-14 22:55:24,1,786,1,3,Children,7,0.99,14.99,Todd Tan
583,2005-05-28 11:48:55,2679,386,2005-06-04 07:09:55,2,588,2,3,Children,4,4.99,11.99,Todd Tan
6261,2005-07-11 15:28:34,694,386,2005-07-14 17:54:34,1,152,1,3,Children,5,2.99,13.99,Todd Tan
3783,2005-07-06 13:57:31,2345,386,2005-07-14 10:44:31,2,510,1,2,Animation,6,4.99,29.99,Todd Tan
3351,2005-06-21 11:21:39,1591,386,2005-06-23 07:23:39,2,349,1,2,Animation,4,2.99,27.99,Todd Tan
1608,2005-06-16 06:28:57,2581,386,2005-06-24 05:20:57,2,566,1,9,Foreign,6,0.99,20.99,Todd Tan
1819,2005-06-16 21:32:50,1689,386,2005-06-26 01:11:50,1,368,1,7,Drama,7,2.99,20.99,Todd Tan
6715,2005-07-12 13:32:28,643,386,2005-07-15 17:01:28,2,139,2,8,Family,7,4.99,21.99,Todd Tan
6324,2005-07-11 19:02:34,655,386,2005-07-17 15:57:34,1,142,1,6,Documentary,3,0.99,24.99,Todd Tan
10572,2005-08-01 13:26:53,1239,386,2005-08-07 18:47:53,2,274,1,6,Documentary,4,2.99,20.99,Todd Tan
2732,2005-06-19 15:19:39,610,386,2005-06-25 19:39:39,2,132,2,14,Sci-Fi,6,0.99,25.99,Todd Tan
10715,2005-08-01 18:51:48,1054,386,2005-08-06 14:44:48,1,234,2,14,Sci-Fi,6,2.99,27.99,Todd Tan
9686,2005-07-31 06:50:06,3825,386,2005-08-06 08:41:06,1,838,1,1,Action,5,4.99,25.99,Todd Tan
4189,2005-07-07 10:51:07,1492,386,2005-07-14 14:46:07,2,327,1,1,Action,3,4.99,24.99,Todd Tan
9602,2005-07-31 03:42:51,3173,386,2005-08-01 08:39:51,1,697,1,1,Action,7,0.99,16.99,Todd Tan
6222,2005-07-11 13:25:49,2066,386,2005-07-13 14:32:49,1,448,2,13,New,3,2.99,25.99,Todd Tan
8751,2005-07-29 19:14:39,3467,386,2005-07-31 23:11:39,1,760,1,13,New,5,2.99,21.99,Todd Tan
8340,2005-07-29 04:41:44,1553,386,2005-08-07 10:33:44,1,341,1,4,Classics,5,0.99,13.99,Todd Tan
10618,2005-08-01 15:06:38,3729,386,2005-08-06 15:52:38,2,815,1,4,Classics,4,2.99,14.99,Todd Tan
7858,2005-07-28 09:50:18,992,144,2005-08-05 14:33:18,1,220,2,12,Music,7,2.99,13.99,Clara Shaw
10593,2005-08-01 14:13:19,1886,144,2005-08-06 08:48:19,2,411,1,12,Music,5,4.99,13.99,Clara Shaw
5526,2005-07-10 02:04:03,3909,144,2005-07-16 22:15:03,2,853,1,3,Children,3,4.99,12.99,Clara Shaw
8459,2005-07-29 08:05:40,3441,144,2005-08-04 03:24:40,1,755,1,3,Children,5,4.99,11.99,Clara Shaw
1814,2005-06-16 21:15:22,39,144,2005-06-23 17:00:22,1,8,2,11,Horror,6,4.99,15.99,Clara Shaw
3145,2005-06-20 20:21:17,2211,144,2005-06-22 14:44:17,1,478,2,5,Comedy,4,2.99,10.99,Clara Shaw
9714,2005-07-31 08:15:32,1532,144,2005-08-03 08:33:32,2,335,1,5,Comedy,5,0.99,23.99,Clara Shaw
4726,2005-07-08 12:50:54,4369,144,2005-07-17 07:09:54,2,953,1,2,Animation,3,0.99,9.99,Clara Shaw
4818,2005-07-08 17:18:22,115,144,2005-07-14 14:40:22,1,23,1,2,Animation,3,0.99,9.99,Clara Shaw
3321,2005-06-21 08:33:26,1750,144,2005-06-24 10:09:26,2,380,2,9,Foreign,7,2.99,11.99,Clara Shaw
323,2005-05-27 00:49:27,2362,144,2005-05-30 03:12:27,1,514,2,7,Drama,6,2.99,17.99,Clara Shaw
10740,2005-08-01 19:50:32,3215,144,2005-08-07 23:25:32,1,706,2,7,Drama,5,4.99,22.99,Clara Shaw
1943,2005-06-17 07:49:17,4327,144,2005-06-20 03:47:17,1,942,2,7,Drama,7,0.99,27.99,Clara Shaw
10302,2005-08-01 04:12:08,1043,144,2005-08-01 22:12:08,2,233,1,16,Travel,3,0.99,17.99,Clara Shaw
7830,2005-07-28 08:43:49,4492,144,2005-08-04 09:30:49,2,981,1,16,Travel,7,0.99,13.99,Clara Shaw
7566,2005-07-27 22:34:45,1802,144,2005-08-01 22:20:45,1,391,2,8,Family,6,2.99,25.99,Clara Shaw
5374,2005-07-09 18:52:08,946,144,2005-07-16 16:34:08,1,210,2,1,Action,3,4.99,13.99,Clara Shaw
6614,2005-07-12 08:33:49,3004,144,2005-07-18 07:28:49,2,659,2,1,Action,3,4.99,14.99,Clara Shaw
6791,2005-07-12 16:35:07,1495,144,2005-07-20 15:32:07,2,327,2,1,Action,3,4.99,24.99,Clara Shaw
9034,2005-07-30 06:10:58,3847,144,2005-08-08 05:00:58,2,842,2,10,Games,4,2.99,13.99,Clara Shaw
8983,2005-07-30 04:31:08,1861,144,2005-07-31 09:28:08,1,406,2,10,Games,5,0.99,22.99,Clara Shaw
9098,2005-07-30 08:44:21,1267,144,2005-08-08 12:31:21,1,281,1,10,Games,6,0.99,9.99,Clara Shaw
2756,2005-06-19 16:57:42,3264,144,2005-06-26 15:30:42,2,719,1,15,Sports,7,4.99,11.99,Clara Shaw
5049,2005-07-09 03:54:12,3336,144,2005-07-11 22:39:12,2,733,2,15,Sports,4,0.99,29.99,Clara Shaw
3019,2005-06-20 11:11:52,491,144,2005-06-27 08:30:52,2,109,2,13,New,3,0.99,17.99,Clara Shaw
345,2005-05-27 04:32:25,1396,144,2005-05-31 09:50:25,1,305,2,13,New,6,2.99,24.99,Clara Shaw
9174,2005-07-30 11:42:10,2636,144,2005-07-31 09:52:10,1,578,2,4,Classics,4,4.99,16.99,Clara Shaw
5408,2005-07-09 20:16:51,3162,144,2005-07-18 22:19:51,1,694,1,4,Classics,6,4.99,15.99,Clara Shaw
7378,2005-07-27 15:31:33,3297,144,2005-08-03 17:15:33,2,725,2,4,Classics,6,4.99,25.99,Clara Shaw
10951,2005-08-02 03:26:35,173,144,2005-08-07 22:03:35,1,37,2,4,Classics,3,2.99,28.99,Clara Shaw
4120,2005-07-07 07:07:03,987,559,2005-07-16 04:07:03,1,220,1,12,Music,7,2.99,13.99,Everett Banda
7680,2005-07-28 02:59:08,1784,559,2005-08-03 03:37:08,2,388,1,5,Comedy,5,0.99,16.99,Everett Banda
10377,2005-08-01 06:28:28,2401,559,2005-08-10 05:45:28,2,524,2,5,Comedy,6,0.99,13.99,Everett Banda
4370,2005-07-07 20:05:36,1591,559,2005-07-16 23:58:36,1,349,1,2,Animation,4,2.99,27.99,Everett Banda
7169,2005-07-27 07:51:39,735,559,2005-08-01 06:42:39,1,160,2,2,Animation,4,0.99,12.99,Everett Banda
2576,2005-06-19 04:34:15,2928,559,2005-06-28 10:02:15,2,644,1,2,Animation,7,2.99,29.99,Everett Banda
10876,2005-08-02 00:31:58,2161,559,2005-08-05 21:45:58,1,467,1,9,Foreign,6,0.99,10.99,Everett Banda
10669,2005-08-01 17:03:28,2121,559,2005-08-08 21:34:28,2,460,1,9,Foreign,3,4.99,26.99,Everett Banda
3046,2005-06-20 12:42:59,471,559,2005-06-26 17:40:59,2,103,2,16,Travel,7,4.99,27.99,Everett Banda
6201,2005-07-11 12:18:07,4530,559,2005-07-12 12:11:07,2,989,1,16,Travel,4,4.99,22.99,Everett Banda
9877,2005-07-31 13:41:57,1299,559,2005-08-06 15:27:57,2,286,2,16,Travel,7,2.99,16.99,Everett Banda
2706,2005-06-19 13:56:51,373,559,2005-06-21 17:23:51,2,82,1,8,Family,3,0.99,13.99,Everett Banda
3370,2005-06-21 13:27:01,1573,559,2005-06-25 09:27:01,1,345,2,8,Family,3,0.99,17.99,Everett Banda
9134,2005-07-30 10:00:21,3797,559,2005-08-01 05:01:21,1,832,1,8,Family,5,0.99,16.99,Everett Banda
6915,2005-07-12 22:28:09,1243,559,2005-07-14 00:53:09,1,274,2,6,Documentary,4,2.99,20.99,Everett Banda
5396,2005-07-09 19:42:52,3795,559,2005-07-15 21:45:52,1,831,1,14,Sci-Fi,5,0.99,20.99,Everett Banda
10146,2005-07-31 22:17:56,1721,559,2005-08-02 21:27:56,1,375,1,1,Action,4,2.99,17.99,Everett Banda
8631,2005-07-29 14:08:06,98,559,2005-08-05 14:57:06,1,19,2,1,Action,6,0.99,20.99,Everett Banda
3674,2005-07-06 09:03:13,3686,559,2005-07-13 08:43:13,1,806,1,13,New,4,2.99,25.99,Everett Banda
1907,2005-06-17 05:08:27,988,66,2005-06-23 09:13:27,1,220,1,12,Music,7,2.99,13.99,Janice Ward
6995,2005-07-27 01:12:13,1630,66,2005-07-29 21:26:13,1,356,1,3,Children,5,2.99,10.99,Janice Ward
6348,2005-07-11 20:21:18,21,66,2005-07-19 15:56:18,2,4,2,11,Horror,5,2.99,26.99,Janice Ward
933,2005-05-30 13:08:45,3672,66,2005-06-01 18:56:45,1,804,1,11,Horror,7,4.99,13.99,Janice Ward
2577,2005-06-19 04:36:03,447,66,2005-06-28 00:38:03,2,99,1,5,Comedy,7,2.99,14.99,Janice Ward
6402,2005-07-11 22:46:10,2576,66,2005-07-16 04:02:10,1,564,2,2,Animation,4,2.99,11.99,Janice Ward
4088,2005-07-07 05:31:55,234,66,2005-07-15 07:35:55,1,52,2,9,Foreign,6,0.99,29.99,Janice Ward
9091,2005-07-30 08:30:45,2249,66,2005-08-07 13:28:45,1,486,1,9,Foreign,7,4.99,14.99,Janice Ward
4911,2005-07-08 21:20:26,4479,66,2005-07-15 03:11:26,1,979,1,7,Drama,6,4.99,10.99,Janice Ward
3757,2005-07-06 12:42:26,2816,66,2005-07-11 10:30:26,1,618,2,7,Drama,3,0.99,21.99,Janice Ward
7872,2005-07-28 10:18:16,826,66,2005-07-31 10:57:16,1,181,1,16,Travel,7,2.99,10.99,Janice Ward
4108,2005-07-07 06:38:31,4535,66,2005-07-08 10:44:31,1,989,2,16,Travel,4,4.99,22.99,Janice Ward
3573,2005-07-06 03:33:48,146,66,2005-07-07 22:39:48,1,31,1,8,Family,5,4.99,16.99,Janice Ward
2571,2005-06-19 04:20:14,1800,66,2005-06-21 07:28:14,2,391,1,8,Family,6,2.99,25.99,Janice Ward
2106,2005-06-17 19:29:03,643,66,2005-06-23 18:17:03,2,139,2,8,Family,7,4.99,21.99,Janice Ward
1236,2005-06-15 04:34:27,3182,66,2005-06-18 08:15:27,1,698,1,6,Documentary,3,2.99,29.99,Janice Ward
3395,2005-06-21 15:19:19,3764,66,2005-06-29 14:23:19,2,823,2,1,Action,4,2.99,21.99,Janice Ward
4165,2005-07-07 09:23:27,3845,66,2005-07-15 06:00:27,1,842,1,10,Games,4,2.99,13.99,Janice Ward
3334,2005-06-21 10:04:33,2491,66,2005-06-29 06:09:33,2,546,2,10,Games,7,2.99,27.99,Janice Ward
11028,2005-08-02 05:48:20,2764,66,2005-08-10 11:21:20,1,606,2,15,Sports,3,0.99,15.99,Janice Ward
5915,2005-07-10 21:12:16,2464,66,2005-07-15 16:59:16,2,538,2,13,New,7,0.99,19.99,Janice Ward
6290,2005-07-11 17:12:42,2634,66,2005-07-19 21:53:42,2,578,1,4,Classics,4,4.99,16.99,Janice Ward
10419,2005-08-01 08:13:22,415,66,2005-08-06 04:45:22,2,91,2,4,Classics,5,0.99,17.99,Janice Ward
5155,2005-07-09 08:46:54,988,523,2005-07-14 04:13:54,1,220,1,12,Music,7,2.99,13.99,Harvey Guajardo
10470,2005-08-01 09:52:26,82,523,2005-08-05 06:52:26,1,17,1,12,Music,3,0.99,14.99,Harvey Guajardo
7642,2005-07-28 01:16:51,3995,523,2005-08-02 00:45:51,2,870,2,11,Horror,4,0.99,12.99,Harvey Guajardo
2669,2005-06-19 11:28:52,2734,523,2005-06-20 16:43:52,1,600,1,11,Horror,5,0.99,16.99,Harvey Guajardo
2583,2005-06-19 05:01:40,3999,523,2005-06-28 00:04:40,1,871,1,5,Comedy,6,4.99,19.99,Harvey Guajardo
664,2005-05-28 21:31:08,87,523,2005-06-02 20:56:08,2,18,1,2,Animation,6,0.99,27.99,Harvey Guajardo
9071,2005-07-30 07:40:58,3151,523,2005-08-01 06:59:58,2,692,2,2,Animation,3,2.99,10.99,Harvey Guajardo
1729,2005-06-16 15:29:47,3364,523,2005-06-25 20:55:47,2,738,2,9,Foreign,3,0.99,27.99,Harvey Guajardo
6675,2005-07-12 11:53:06,2124,523,2005-07-13 06:09:06,1,460,2,9,Foreign,3,4.99,26.99,Harvey Guajardo
8141,2005-07-28 20:21:19,361,523,2005-07-30 19:16:19,2,79,2,7,Drama,5,0.99,10.99,Harvey Guajardo
5287,2005-07-09 15:11:54,3110,523,2005-07-16 16:05:54,2,683,1,7,Drama,5,4.99,19.99,Harvey Guajardo
42,2005-05-25 05:24:58,380,523,2005-05-31 02:47:58,2,84,1,16,Travel,7,4.99,13.99,Harvey Guajardo
8372,2005-07-29 05:18:08,754,523,2005-08-06 09:39:08,1,165,1,14,Sci-Fi,7,4.99,27.99,Harvey Guajardo
4605,2005-07-08 07:00:14,1139,523,2005-07-16 08:38:14,1,252,2,1,Action,6,2.99,18.99,Harvey Guajardo
9667,2005-07-31 06:23:52,4289,523,2005-08-09 09:12:52,1,934,2,10,Games,7,4.99,20.99,Harvey Guajardo
5932,2005-07-10 22:05:15,2269,523,2005-07-12 17:04:15,2,490,1,13,New,4,2.99,13.99,Harvey Guajardo
2447,2005-06-18 19:10:55,2353,523,2005-06-27 16:35:55,1,512,1,4,Classics,5,4.99,25.99,Harvey Guajardo
8954,2005-07-30 03:25:51,991,137,2005-08-06 05:10:51,2,220,2,12,Music,7,2.99,13.99,Rhonda Kennedy
5443,2005-07-09 21:56:09,2951,137,2005-07-16 00:33:09,2,647,2,12,Music,4,0.99,18.99,Rhonda Kennedy
5804,2005-07-10 15:06:31,2168,137,2005-07-14 11:00:31,1,468,1,3,Children,5,2.99,12.99,Rhonda Kennedy
10175,2005-07-31 23:40:11,3672,137,2005-08-09 02:22:11,1,804,1,11,Horror,7,4.99,13.99,Rhonda Kennedy
9200,2005-07-30 12:39:52,3277,137,2005-08-08 09:43:52,2,722,2,11,Horror,5,0.99,26.99,Rhonda Kennedy
6039,2005-07-11 03:12:19,1776,137,2005-07-19 05:46:19,1,385,2,5,Comedy,6,4.99,26.99,Rhonda Kennedy
925,2005-05-30 12:13:52,3203,137,2005-06-02 14:41:52,2,704,1,5,Comedy,3,2.99,25.99,Rhonda Kennedy
11057,2005-08-02 06:38:19,3143,137,2005-08-11 03:43:19,1,690,1,2,Animation,7,2.99,25.99,Rhonda Kennedy
3058,2005-06-20 13:28:35,938,137,2005-06-28 13:57:35,2,208,1,2,Animation,7,2.99,16.99,Rhonda Kennedy
9002,2005-07-30 05:02:21,1936,137,2005-07-31 04:58:21,1,421,2,9,Foreign,7,4.99,10.99,Rhonda Kennedy
9709,2005-07-31 08:04:55,2096,137,2005-08-07 08:58:55,1,455,1,9,Foreign,7,4.99,11.99,Rhonda Kennedy
3589,2005-07-06 04:30:18,3740,137,2005-07-10 09:18:18,1,818,1,7,Drama,4,4.99,17.99,Rhonda Kennedy
2785,2005-06-19 18:43:57,826,137,2005-06-24 15:36:57,2,181,1,16,Travel,7,2.99,10.99,Rhonda Kennedy
2469,2005-06-18 20:24:23,1993,137,2005-06-27 15:39:23,1,434,1,16,Travel,3,0.99,25.99,Rhonda Kennedy
4474,2005-07-08 00:26:56,4474,137,2005-07-12 23:07:56,1,977,2,16,Travel,3,2.99,25.99,Rhonda Kennedy
3436,2005-06-21 19:16:09,2740,137,2005-06-30 13:58:09,2,601,1,16,Travel,4,0.99,20.99,Rhonda Kennedy
4332,2005-07-07 18:25:26,1714,137,2005-07-16 15:05:26,1,374,1,14,Sci-Fi,3,0.99,29.99,Rhonda Kennedy
10842,2005-08-01 23:41:24,1300,137,2005-08-11 03:48:24,1,287,1,1,Action,5,0.99,19.99,Rhonda Kennedy
6200,2005-07-11 12:16:42,3258,137,2005-07-17 09:27:42,2,717,1,1,Action,6,0.99,23.99,Rhonda Kennedy
3874,2005-07-06 18:06:12,1870,137,2005-07-12 16:55:12,1,408,1,10,Games,4,4.99,28.99,Rhonda Kennedy
8028,2005-07-28 16:11:15,2715,137,2005-08-05 15:11:15,1,596,1,10,Games,4,4.99,25.99,Rhonda Kennedy
8106,2005-07-28 19:02:46,963,137,2005-07-30 20:48:46,2,215,1,10,Games,4,4.99,27.99,Rhonda Kennedy
10595,2005-08-01 14:16:28,966,137,2005-08-03 10:37:28,1,215,2,10,Games,4,4.99,27.99,Rhonda Kennedy
3676,2005-07-06 09:10:37,1967,137,2005-07-14 08:24:37,1,429,1,15,Sports,3,0.99,29.99,Rhonda Kennedy
9466,2005-07-30 22:44:36,2595,137,2005-08-07 02:35:36,2,570,2,15,Sports,5,4.99,20.99,Rhonda Kennedy
9789,2005-07-31 10:30:25,619,137,2005-08-03 14:58:25,1,135,1,15,Sports,3,2.99,22.99,Rhonda Kennedy
5106,2005-07-09 06:40:24,110,137,2005-07-13 10:28:24,1,22,1,13,New,6,2.99,10.99,Rhonda Kennedy
5311,2005-07-09 16:02:54,986,107,2005-07-18 10:44:54,1,220,1,12,Music,7,2.99,13.99,Florence Woods
3120,2005-06-20 18:19:29,2530,107,2005-06-23 23:40:29,1,555,2,5,Comedy,4,0.99,25.99,Florence Woods
7600,2005-07-27 23:41:18,3492,107,2005-08-06 04:40:18,1,765,1,5,Comedy,7,4.99,18.99,Florence Woods
6934,2005-07-26 23:11:03,455,107,2005-08-04 19:18:03,1,100,2,9,Foreign,7,4.99,21.99,Florence Woods
10226,2005-08-01 01:40:04,3067,107,2005-08-08 01:02:04,1,674,1,9,Foreign,3,0.99,11.99,Florence Woods
3824,2005-07-06 15:43:15,3107,107,2005-07-13 16:05:15,2,683,1,7,Drama,5,4.99,19.99,Florence Woods
6133,2005-07-11 08:25:22,1992,107,2005-07-13 13:17:22,1,434,1,16,Travel,3,0.99,25.99,Florence Woods
8704,2005-07-29 17:13:45,2117,107,2005-08-03 20:03:45,2,458,2,8,Family,4,0.99,26.99,Florence Woods
6811,2005-07-12 17:54:33,1572,107,2005-07-20 17:39:33,1,345,1,8,Family,3,0.99,17.99,Florence Woods
9155,2005-07-30 11:00:00,3787,107,2005-08-02 05:24:00,2,829,2,8,Family,7,2.99,12.99,Florence Woods
1243,2005-06-15 05:07:32,2629,107,2005-06-21 08:17:32,2,576,2,6,Documentary,7,2.99,13.99,Florence Woods
8162,2005-07-28 21:11:46,4393,107,2005-08-04 18:26:46,1,960,2,6,Documentary,5,2.99,15.99,Florence Woods
5798,2005-07-10 14:45:09,331,107,2005-07-16 13:43:09,1,73,2,14,Sci-Fi,5,2.99,22.99,Florence Woods
7447,2005-07-27 18:02:08,1795,107,2005-07-29 21:15:08,1,390,1,14,Sci-Fi,4,4.99,20.99,Florence Woods
3033,2005-06-20 12:02:05,4422,107,2005-06-26 15:58:05,1,967,1,14,Sci-Fi,5,2.99,26.99,Florence Woods
1026,2005-05-31 03:45:26,632,107,2005-06-06 22:30:26,2,137,2,14,Sci-Fi,3,2.99,21.99,Florence Woods
2693,2005-06-19 13:11:47,2570,107,2005-06-27 11:17:47,1,563,1,10,Games,6,4.99,16.99,Florence Woods
9351,2005-07-30 18:28:30,2063,107,2005-08-02 17:26:30,1,447,2,10,Games,5,2.99,28.99,Florence Woods
2860,2005-06-19 23:20:40,3045,107,2005-06-21 04:59:40,1,668,1,15,Sports,7,4.99,25.99,Florence Woods
3174,2005-06-20 22:24:00,3331,107,2005-06-22 21:22:00,2,733,1,15,Sports,4,0.99,29.99,Florence Woods
5575,2005-07-10 03:55:50,2316,107,2005-07-12 08:40:50,1,503,1,15,Sports,3,2.99,24.99,Florence Woods
6131,2005-07-11 08:22:05,3313,107,2005-07-14 07:40:05,1,729,2,15,Sports,5,2.99,28.99,Florence Woods
170,2005-05-26 03:11:12,3688,107,2005-06-02 03:53:12,1,806,2,13,New,4,2.99,25.99,Florence Woods
2897,2005-06-20 02:34:23,3464,107,2005-06-25 05:29:23,1,759,2,13,New,4,2.99,29.99,Florence Woods
7772,2005-07-28 06:59:09,986,552,2005-08-01 10:49:09,1,220,1,12,Music,7,2.99,13.99,Hugh Waldrop
8085,2005-07-28 18:13:15,3059,552,2005-08-04 13:45:15,2,672,2,5,Comedy,7,2.99,17.99,Hugh Waldrop
8192,2005-07-28 22:49:11,255,552,2005-07-30 04:13:11,1,57,1,16,Travel,4,2.99,18.99,Hugh Waldrop
5213,2005-07-09 11:39:43,3708,552,2005-07-18 16:20:43,2,811,1,16,Travel,4,2.99,29.99,Hugh Waldrop
6189,2005-07-11 11:36:03,3800,552,2005-07-20 15:33:03,2,832,1,8,Family,5,0.99,16.99,Hugh Waldrop
4477,2005-07-08 00:38:24,1602,552,2005-07-13 05:14:24,1,350,2,14,Sci-Fi,3,4.99,21.99,Hugh Waldrop
2320,2005-06-18 09:24:50,597,552,2005-06-24 07:59:50,1,130,2,1,Action,7,0.99,24.99,Hugh Waldrop
8894,2005-07-30 00:48:31,2055,552,2005-07-31 05:49:31,1,446,2,15,Sports,5,4.99,19.99,Hugh Waldrop
9342,2005-07-30 18:09:56,2318,552,2005-08-08 13:54:56,2,503,1,15,Sports,3,2.99,24.99,Hugh Waldrop
174,2005-05-26 03:44:10,3954,552,2005-05-28 07:13:10,2,862,2,4,Classics,5,0.99,25.99,Hugh Waldrop
3397,2005-06-21 15:30:11,602,552,2005-06-22 21:12:11,1,131,1,4,Classics,5,4.99,12.99,Hugh Waldrop
8614,2005-07-29 13:32:05,604,552,2005-08-04 15:26:05,1,131,2,4,Classics,5,4.99,12.99,Hugh Waldrop
8618,2005-07-29 13:48:20,985,270,2005-08-06 14:12:20,2,220,1,12,Music,7,2.99,13.99,Leah Curtis
5533,2005-07-10 02:19:28,2567,270,2005-07-11 01:37:28,1,562,2,12,Music,6,0.99,12.99,Leah Curtis
1896,2005-06-17 04:25:46,2077,270,2005-06-26 09:37:46,1,450,2,3,Children,5,2.99,29.99,Leah Curtis
10069,2005-07-31 19:43:18,2168,270,2005-08-06 19:40:18,2,468,1,3,Children,5,2.99,12.99,Leah Curtis
8355,2005-07-29 04:57:43,4569,270,2005-08-03 06:25:43,1,999,1,3,Children,5,2.99,28.99,Leah Curtis
2115,2005-06-17 20:02:16,3448,270,2005-06-25 16:56:16,2,756,2,5,Comedy,7,2.99,10.99,Leah Curtis
10579,2005-08-01 13:48:22,4068,270,2005-08-07 11:51:22,1,887,1,2,Animation,5,4.99,28.99,Leah Curtis
10461,2005-08-01 09:32:53,3212,270,2005-08-09 10:19:53,1,706,1,7,Drama,5,4.99,22.99,Leah Curtis
3987,2005-07-06 23:28:24,3104,270,2005-07-15 00:52:24,1,682,1,8,Family,4,4.99,17.99,Leah Curtis
6520,2005-07-12 04:05:16,1535,270,2005-07-15 08:26:16,1,336,1,6,Documentary,5,4.99,22.99,Leah Curtis
10648,2005-08-01 16:08:52,691,270,2005-08-05 20:17:52,1,151,1,14,Sci-Fi,5,4.99,26.99,Leah Curtis
1040,2005-05-31 05:35:16,2546,270,2005-06-09 04:14:16,1,559,1,14,Sci-Fi,7,2.99,22.99,Leah Curtis
1345,2005-06-15 12:32:13,1041,270,2005-06-24 14:02:13,1,232,2,10,Games,7,2.99,29.99,Leah Curtis
193,2005-05-26 06:41:48,3900,270,2005-05-30 06:21:48,2,851,2,15,Sports,3,0.99,19.99,Leah Curtis
3164,2005-06-20 21:29:00,155,270,2005-06-27 15:50:00,1,32,2,13,New,6,4.99,11.99,Leah Curtis
3501,2005-07-06 00:11:28,2219,270,2005-07-10 20:32:28,2,480,1,4,Classics,3,2.99,29.99,Leah Curtis
541,2005-05-28 06:41:58,1662,535,2005-06-02 09:12:58,2,363,1,12,Music,3,0.99,12.99,Javier Elrod
4331,2005-07-07 18:22:30,419,535,2005-07-13 18:20:30,1,92,1,11,Horror,7,4.99,19.99,Javier Elrod
5588,2005-07-10 04:21:10,1166,535,2005-07-16 02:58:10,2,258,2,11,Horror,6,0.99,11.99,Javier Elrod
10353,2005-08-01 05:46:33,1446,535,2005-08-08 09:14:33,1,317,1,5,Comedy,4,0.99,25.99,Javier Elrod
37,2005-05-25 04:44:31,403,535,2005-05-29 01:03:31,1,89,2,2,Animation,7,0.99,22.99,Javier Elrod
1712,2005-06-16 14:25:09,1363,535,2005-06-17 17:55:09,1,300,2,2,Animation,5,4.99,21.99,Javier Elrod
4743,2005-07-08 13:42:36,80,535,2005-07-11 18:54:36,2,16,2,9,Foreign,6,2.99,23.99,Javier Elrod
3228,2005-06-21 02:20:24,2489,535,2005-06-29 00:50:24,2,545,2,9,Foreign,4,0.99,14.99,Javier Elrod
959,2005-05-30 18:07:00,3108,535,2005-06-02 14:37:00,2,683,1,7,Drama,5,4.99,19.99,Javier Elrod
6504,2005-07-12 03:19:14,3786,535,2005-07-17 01:13:14,2,829,1,8,Family,7,2.99,12.99,Javier Elrod
9524,2005-07-31 01:01:06,1796,535,2005-08-04 04:06:06,2,390,1,14,Sci-Fi,4,4.99,20.99,Javier Elrod
10322,2005-08-01 04:44:13,1543,535,2005-08-08 00:20:13,2,338,2,14,Sci-Fi,6,4.99,23.99,Javier Elrod
778,2005-05-29 14:09:53,1816,535,2005-06-05 20:05:53,1,395,1,1,Action,4,0.99,28.99,Javier Elrod
4914,2005-07-08 21:30:53,298,535,2005-07-17 01:29:53,1,67,2,1,Action,5,2.99,24.99,Javier Elrod
8645,2005-07-29 14:47:45,2532,535,2005-07-30 14:56:45,2,556,1,10,Games,6,4.99,26.99,Javier Elrod
8395,2005-07-29 06:03:30,1471,535,2005-07-31 09:08:30,2,322,1,15,Sports,5,2.99,29.99,Javier Elrod
4718,2005-07-08 12:32:08,1653,535,2005-07-17 17:34:08,2,361,1,15,Sports,5,2.99,25.99,Javier Elrod
5890,2005-07-10 20:00:25,1463,535,2005-07-18 17:57:25,2,320,2,13,New,4,4.99,28.99,Javier Elrod
9440,2005-07-30 21:40:15,414,535,2005-08-04 15:45:15,2,91,1,4,Classics,5,0.99,17.99,Javier Elrod
6968,2005-07-27 00:16:45,1662,370,2005-07-30 23:16:45,2,363,1,12,Music,3,0.99,12.99,Wayne Truong
6714,2005-07-12 13:29:06,1947,370,2005-07-18 16:02:06,2,424,1,3,Children,6,0.99,12.99,Wayne Truong
7226,2005-07-27 09:47:53,3507,370,2005-08-01 08:24:53,1,768,1,3,Children,3,4.99,11.99,Wayne Truong
10095,2005-07-31 20:38:35,4062,370,2005-08-02 02:33:35,1,885,1,11,Horror,7,0.99,22.99,Wayne Truong
10336,2005-08-01 04:59:53,1091,370,2005-08-03 08:05:53,2,243,2,2,Animation,3,4.99,22.99,Wayne Truong
7797,2005-07-28 07:41:07,4180,370,2005-07-31 04:13:07,1,910,2,7,Drama,3,0.99,19.99,Wayne Truong
8258,2005-07-29 01:03:42,1379,370,2005-08-04 22:08:42,2,303,1,1,Action,6,0.99,27.99,Wayne Truong
1190,2005-06-15 01:05:32,2572,370,2005-06-23 02:34:32,2,563,1,10,Games,6,4.99,16.99,Wayne Truong
7152,2005-07-27 07:15:01,2338,370,2005-08-05 04:50:01,1,508,2,10,Games,6,4.99,18.99,Wayne Truong
4400,2005-07-07 21:22:26,49,370,2005-07-16 00:59:26,2,10,1,15,Sports,6,4.99,24.99,Wayne Truong
1747,2005-06-16 16:53:33,1661,273,2005-06-25 21:48:33,2,363,1,12,Music,3,0.99,12.99,Priscilla Lowe
2301,2005-06-18 08:24:03,869,273,2005-06-25 10:31:03,2,191,1,3,Children,6,0.99,27.99,Priscilla Lowe
122,2005-05-25 19:46:21,2908,273,2005-06-02 19:07:21,1,638,2,5,Comedy,7,2.99,23.99,Priscilla Lowe
980,2005-05-30 21:45:19,4169,273,2005-06-01 20:32:19,1,906,2,5,Comedy,4,0.99,27.99,Priscilla Lowe
4937,2005-07-08 22:29:59,33,273,2005-07-15 21:51:59,2,7,1,5,Comedy,6,4.99,28.99,Priscilla Lowe
1391,2005-06-15 16:11:21,4213,273,2005-06-22 21:32:21,1,916,1,2,Animation,3,2.99,10.99,Priscilla Lowe
3556,2005-07-06 02:46:13,3142,273,2005-07-06 22:08:13,1,690,1,2,Animation,7,2.99,25.99,Priscilla Lowe
10768,2005-08-01 20:39:32,454,273,2005-08-10 19:41:32,1,100,1,9,Foreign,7,4.99,21.99,Priscilla Lowe
9391,2005-07-30 19:48:41,665,273,2005-08-04 15:27:41,1,143,2,7,Drama,6,0.99,17.99,Priscilla Lowe
1765,2005-06-16 17:56:10,822,273,2005-06-19 23:40:10,2,179,1,7,Drama,4,4.99,14.99,Priscilla Lowe
9693,2005-07-31 07:11:50,1031,273,2005-08-08 09:55:50,1,231,1,8,Family,7,2.99,27.99,Priscilla Lowe
5605,2005-07-10 05:06:45,2964,273,2005-07-15 02:51:45,2,650,1,6,Documentary,3,0.99,27.99,Priscilla Lowe
6635,2005-07-12 09:47:58,515,273,2005-07-16 15:43:58,1,114,1,14,Sci-Fi,3,0.99,26.99,Priscilla Lowe
8449,2005-07-29 07:42:25,2610,273,2005-07-30 06:07:25,2,572,2,14,Sci-Fi,4,2.99,9.99,Priscilla Lowe
9186,2005-07-30 12:13:48,4513,273,2005-07-31 11:59:48,1,985,2,14,Sci-Fi,4,4.99,19.99,Priscilla Lowe
6696,2005-07-12 12:44:04,299,273,2005-07-16 14:17:04,1,67,2,1,Action,5,2.99,24.99,Priscilla Lowe
6717,2005-07-12 13:35:02,523,273,2005-07-20 15:03:02,1,115,2,1,Action,5,2.99,27.99,Priscilla Lowe
5256,2005-07-09 13:55:45,4226,273,2005-07-15 17:02:45,1,919,1,10,Games,3,4.99,17.99,Priscilla Lowe
6592,2005-07-12 07:19:35,3481,273,2005-07-19 07:15:35,1,763,1,15,Sports,3,4.99,26.99,Priscilla Lowe
3202,2005-06-21 00:33:47,2725,273,2005-06-24 04:05:47,2,598,1,15,Sports,6,0.99,22.99,Priscilla Lowe
9285,2005-07-30 15:26:08,3686,273,2005-08-06 15:59:08,2,806,1,13,New,4,2.99,25.99,Priscilla Lowe
10272,2005-08-01 03:14:34,128,273,2005-08-10 05:56:34,2,25,2,13,New,3,2.99,15.99,Priscilla Lowe
9729,2005-07-31 08:43:43,4199,273,2005-08-01 13:25:43,2,913,2,13,New,3,0.99,20.99,Priscilla Lowe
5435,2005-07-09 21:28:07,2884,273,2005-07-18 21:16:07,2,633,2,4,Classics,6,4.99,10.99,Priscilla Lowe
10753,2005-08-01 20:09:24,1557,273,2005-08-09 19:31:24,1,341,2,4,Classics,5,0.99,13.99,Priscilla Lowe
3264,2005-06-21 04:19:03,1666,340,2005-06-23 01:29:03,1,363,2,12,Music,3,0.99,12.99,Patrick Newsom
2607,2005-06-19 06:55:01,3922,340,2005-06-25 03:21:01,2,856,1,11,Horror,5,4.99,11.99,Patrick Newsom
8606,2005-07-29 13:14:24,4051,340,2005-07-30 14:52:24,1,881,2,11,Horror,5,4.99,13.99,Patrick Newsom
10809,2005-08-01 22:39:27,1167,340,2005-08-03 03:44:27,2,258,2,11,Horror,6,0.99,11.99,Patrick Newsom
10667,2005-08-01 16:58:22,3937,340,2005-08-10 15:41:22,1,858,2,5,Comedy,5,4.99,21.99,Patrick Newsom
7617,2005-07-28 00:18:40,2904,340,2005-08-01 01:17:40,1,638,1,5,Comedy,7,2.99,23.99,Patrick Newsom
2183,2005-06-18 01:06:01,1776,340,2005-06-22 01:20:01,1,385,2,5,Comedy,6,4.99,26.99,Patrick Newsom
6381,2005-07-11 21:58:48,2584,340,2005-07-16 16:18:48,1,567,1,9,Foreign,3,2.99,26.99,Patrick Newsom
2653,2005-06-19 10:36:53,3528,340,2005-06-26 15:15:53,1,772,1,7,Drama,4,2.99,24.99,Patrick Newsom
8541,2005-07-29 10:55:01,976,340,2005-07-31 10:53:01,1,218,1,7,Drama,7,0.99,22.99,Patrick Newsom
1205,2005-06-15 02:25:56,470,340,2005-06-22 23:19:56,1,103,2,16,Travel,7,4.99,27.99,Patrick Newsom
8551,2005-07-29 11:13:11,2083,340,2005-08-05 05:17:11,2,451,2,16,Travel,7,4.99,12.99,Patrick Newsom
1697,2005-06-16 12:55:20,1801,340,2005-06-23 17:41:20,2,391,2,8,Family,6,2.99,25.99,Patrick Newsom
10674,2005-08-01 17:11:52,1962,340,2005-08-08 19:34:52,1,428,1,8,Family,6,2.99,21.99,Patrick Newsom
9834,2005-07-31 12:05:42,2292,340,2005-08-07 15:26:42,1,498,1,8,Family,7,2.99,11.99,Patrick Newsom
2177,2005-06-18 00:34:45,492,340,2005-06-26 18:40:45,1,109,2,13,New,3,0.99,17.99,Patrick Newsom
10292,2005-08-01 03:42:40,2562,340,2005-08-01 23:36:40,2,561,1,13,New,6,2.99,26.99,Patrick Newsom
4475,2005-07-08 00:27:30,3466,340,2005-07-09 05:39:30,1,760,1,13,New,5,2.99,21.99,Patrick Newsom
10995,2005-08-02 04:48:00,2891,340,2005-08-07 05:00:00,1,635,2,13,New,7,0.99,15.99,Patrick Newsom
4742,2005-07-08 13:35:23,3022,340,2005-07-11 10:24:23,2,663,2,4,Classics,7,0.99,29.99,Patrick Newsom
8274,2005-07-29 01:34:32,2634,340,2005-08-01 20:15:32,2,578,1,4,Classics,4,4.99,16.99,Patrick Newsom
3455,2005-06-21 21:17:51,4403,340,2005-06-23 17:22:51,1,962,1,4,Classics,7,2.99,18.99,Patrick Newsom
4034,2005-07-07 02:36:33,1666,354,2005-07-09 08:32:33,2,363,2,12,Music,3,0.99,12.99,Justin Ngo
7235,2005-07-27 10:09:30,1261,354,2005-08-05 11:44:30,2,280,1,3,Children,7,0.99,26.99,Justin Ngo
3139,2005-06-20 19:44:45,3474,354,2005-06-23 16:24:45,1,761,2,3,Children,7,2.99,23.99,Justin Ngo
8321,2005-07-29 03:50:54,1875,354,2005-08-01 02:08:54,1,409,1,3,Children,3,4.99,9.99,Justin Ngo
8609,2005-07-29 13:19:25,3997,354,2005-08-06 08:33:25,2,870,2,11,Horror,4,0.99,12.99,Justin Ngo
6838,2005-07-12 19:01:30,3492,354,2005-07-17 23:42:30,1,765,1,5,Comedy,7,4.99,18.99,Justin Ngo
5873,2005-07-10 19:02:10,3151,354,2005-07-14 19:13:10,2,692,2,2,Animation,3,2.99,10.99,Justin Ngo
7241,2005-07-27 10:25:49,2433,354,2005-07-28 05:30:49,2,531,1,9,Foreign,3,0.99,18.99,Justin Ngo
5556,2005-07-10 03:10:17,4483,354,2005-07-14 02:47:17,1,979,2,7,Drama,6,4.99,10.99,Justin Ngo
1491,2005-06-15 21:48:18,848,354,2005-06-20 16:40:18,1,186,1,7,Drama,6,0.99,17.99,Justin Ngo
4449,2005-07-07 23:18:58,2813,354,2005-07-15 20:40:58,2,618,2,7,Drama,3,0.99,21.99,Justin Ngo
3821,2005-07-06 15:36:20,4385,354,2005-07-11 20:04:20,1,958,1,7,Drama,6,2.99,19.99,Justin Ngo
6926,2005-07-26 22:52:45,1276,354,2005-07-28 18:32:45,1,282,2,7,Drama,5,0.99,20.99,Justin Ngo
140,2005-05-25 23:34:22,655,354,2005-05-27 01:10:22,1,142,1,6,Documentary,3,0.99,24.99,Justin Ngo
402,2005-05-27 13:17:18,461,354,2005-05-30 08:53:18,2,101,2,6,Documentary,3,0.99,26.99,Justin Ngo
2275,2005-06-18 06:31:29,2805,354,2005-06-24 10:04:29,2,616,1,6,Documentary,4,2.99,19.99,Justin Ngo
6054,2005-07-11 03:58:39,1176,354,2005-07-13 23:08:39,1,261,1,6,Documentary,5,0.99,13.99,Justin Ngo
6939,2005-07-26 23:17:51,278,354,2005-08-03 21:12:51,2,62,2,6,Documentary,5,2.99,23.99,Justin Ngo
4745,2005-07-08 13:45:09,1351,354,2005-07-12 18:54:09,1,298,2,14,Sci-Fi,4,2.99,13.99,Justin Ngo
9130,2005-07-30 09:55:10,1715,354,2005-08-04 08:57:10,1,374,1,14,Sci-Fi,3,0.99,29.99,Justin Ngo
2769,2005-06-19 17:52:14,1222,354,2005-06-26 20:30:14,2,271,1,1,Action,5,4.99,12.99,Justin Ngo
5354,2005-07-09 18:04:33,951,354,2005-07-15 18:19:33,1,212,1,1,Action,7,4.99,14.99,Justin Ngo
7148,2005-07-27 07:04:09,1783,354,2005-08-03 10:20:09,2,387,2,10,Games,7,0.99,27.99,Justin Ngo
8477,2005-07-29 08:40:36,3571,354,2005-08-06 08:28:36,2,781,2,10,Games,4,4.99,15.99,Justin Ngo
10420,2005-08-01 08:13:53,3490,354,2005-08-06 08:05:53,2,764,2,15,Sports,3,4.99,28.99,Justin Ngo
158,2005-05-26 01:27:11,2395,354,2005-06-03 00:30:11,2,523,1,4,Classics,7,0.99,21.99,Justin Ngo
8921,2005-07-30 02:04:02,1016,354,2005-07-31 06:18:02,1,228,1,4,Classics,4,0.99,16.99,Justin Ngo
3730,2005-07-06 11:31:24,1665,355,2005-07-15 06:53:24,1,363,2,12,Music,3,0.99,12.99,Terry Grissom
1488,2005-06-15 21:39:54,1081,355,2005-06-16 20:33:54,1,241,1,2,Animation,4,0.99,20.99,Terry Grissom
3567,2005-07-06 03:09:36,27,355,2005-07-12 02:15:36,1,6,1,9,Foreign,3,2.99,17.99,Terry Grissom
1110,2005-05-31 15:22:51,2085,355,2005-06-07 14:32:51,1,452,2,9,Foreign,4,0.99,15.99,Terry Grissom
6669,2005-07-12 11:39:55,1420,355,2005-07-20 05:56:55,1,311,1,9,Foreign,4,0.99,14.99,Terry Grissom
6127,2005-07-11 08:06:59,285,355,2005-07-12 09:01:59,1,64,2,7,Drama,6,0.99,26.99,Terry Grissom
5210,2005-07-09 11:24:19,4514,355,2005-07-11 06:27:19,1,985,2,14,Sci-Fi,4,4.99,19.99,Terry Grissom
5564,2005-07-10 03:23:05,196,355,2005-07-16 07:46:05,2,44,1,14,Sci-Fi,5,4.99,21.99,Terry Grissom
1612,2005-06-16 06:52:05,3025,355,2005-06-19 01:51:05,1,664,2,1,Action,6,2.99,12.99,Terry Grissom
10498,2005-08-01 10:56:48,2672,355,2005-08-03 15:46:48,2,586,2,1,Action,4,0.99,27.99,Terry Grissom
6437,2005-07-12 00:20:29,4539,355,2005-07-12 22:26:29,1,991,1,1,Action,4,2.99,26.99,Terry Grissom
7108,2005-07-27 05:28:32,2720,355,2005-07-31 07:52:32,1,596,2,10,Games,4,4.99,25.99,Terry Grissom
6262,2005-07-11 15:33:24,4136,355,2005-07-17 12:40:24,1,898,2,15,Sports,4,4.99,18.99,Terry Grissom
8418,2005-07-29 06:54:21,3081,355,2005-08-05 06:50:21,2,677,2,13,New,6,0.99,25.99,Terry Grissom
7477,2005-07-27 19:11:03,2692,355,2005-08-02 19:25:03,1,590,2,13,New,3,2.99,17.99,Terry Grissom
7276,2005-07-27 11:41:57,1665,314,2005-08-01 10:39:57,1,363,2,12,Music,3,0.99,12.99,George Linton
6192,2005-07-11 11:44:41,4573,314,2005-07-19 10:12:41,1,999,2,3,Children,5,2.99,28.99,George Linton
5241,2005-07-09 13:19:14,4079,314,2005-07-11 14:32:14,1,889,1,3,Children,3,4.99,28.99,George Linton
6666,2005-07-12 11:32:15,3194,314,2005-07-14 16:09:15,2,702,1,11,Horror,4,2.99,12.99,George Linton
9318,2005-07-30 17:14:30,2426,314,2005-08-06 16:53:30,1,529,1,5,Comedy,3,2.99,12.99,George Linton
6763,2005-07-12 15:26:34,3364,314,2005-07-18 16:38:34,2,738,2,9,Foreign,3,0.99,27.99,George Linton
8644,2005-07-29 14:45:45,4507,314,2005-08-03 20:10:45,2,984,1,9,Foreign,3,2.99,20.99,George Linton
1598,2005-06-16 06:02:39,4171,314,2005-06-23 09:09:39,1,907,1,7,Drama,4,0.99,10.99,George Linton
80,2005-05-25 12:12:07,2478,314,2005-05-31 17:46:07,2,543,1,16,Travel,5,4.99,20.99,George Linton
440,2005-05-27 18:00:35,4452,314,2005-05-29 16:15:35,1,973,1,6,Documentary,3,4.99,27.99,George Linton
8328,2005-07-29 04:06:24,4454,314,2005-08-03 22:24:24,1,973,1,6,Documentary,3,4.99,27.99,George Linton
7004,2005-07-27 01:36:05,4416,314,2005-08-03 23:46:05,1,966,1,6,Documentary,3,0.99,14.99,George Linton
3808,2005-07-06 15:15:35,4339,314,2005-07-07 16:10:35,1,945,2,6,Documentary,5,0.99,22.99,George Linton
3656,2005-07-06 07:55:22,4544,314,2005-07-13 10:36:22,2,992,2,6,Documentary,5,0.99,17.99,George Linton
8073,2005-07-28 17:29:02,630,314,2005-08-01 22:17:02,2,137,2,14,Sci-Fi,3,2.99,21.99,George Linton
9191,2005-07-30 12:25:51,500,314,2005-08-05 16:13:51,1,111,2,1,Action,3,0.99,17.99,George Linton
5856,2005-07-10 17:57:32,497,314,2005-07-11 13:57:32,1,111,2,1,Action,3,0.99,17.99,George Linton
4386,2005-07-07 20:55:19,499,314,2005-07-10 21:51:19,1,111,2,1,Action,3,0.99,17.99,George Linton
8022,2005-07-28 15:48:56,294,314,2005-08-06 13:40:56,1,67,1,1,Action,5,2.99,24.99,George Linton
1624,2005-06-16 07:48:57,1066,314,2005-06-17 05:52:57,1,237,1,15,Sports,3,2.99,21.99,George Linton
3517,2005-07-06 00:52:35,2762,314,2005-07-08 20:10:35,2,606,2,15,Sports,3,0.99,15.99,George Linton
8105,2005-07-28 18:59:46,1316,314,2005-07-29 22:51:46,1,291,1,15,Sports,5,0.99,10.99,George Linton
8933,2005-07-30 02:36:06,1664,260,2005-08-02 23:37:06,2,363,2,12,Music,3,0.99,12.99,Christy Vargas
2040,2005-06-17 14:18:37,227,260,2005-06-22 19:08:37,1,51,1,12,Music,5,2.99,10.99,Christy Vargas
2091,2005-06-17 18:09:04,4033,260,2005-06-26 12:11:04,1,879,1,12,Music,3,4.99,20.99,Christy Vargas
2178,2005-06-18 00:38:35,2950,260,2005-06-21 02:56:35,1,647,2,12,Music,4,0.99,18.99,Christy Vargas
7885,2005-07-28 10:37:41,4294,260,2005-08-05 07:56:41,1,936,1,12,Music,3,2.99,21.99,Christy Vargas
1626,2005-06-16 07:49:47,694,260,2005-06-22 13:32:47,2,152,1,3,Children,5,2.99,13.99,Christy Vargas
4054,2005-07-07 03:42:07,3885,260,2005-07-10 03:22:07,1,849,2,2,Animation,6,0.99,28.99,Christy Vargas
9176,2005-07-30 11:50:54,2659,260,2005-08-02 14:25:54,2,583,2,2,Animation,3,4.99,26.99,Christy Vargas
6328,2005-07-11 19:09:33,999,260,2005-07-12 20:16:33,2,223,2,2,Animation,7,2.99,24.99,Christy Vargas
7268,2005-07-27 11:23:09,2740,260,2005-08-01 12:42:09,2,601,1,16,Travel,4,0.99,20.99,Christy Vargas
4870,2005-07-08 19:14:45,3089,260,2005-07-12 18:58:45,2,679,1,8,Family,6,2.99,17.99,Christy Vargas
4741,2005-07-08 13:31:23,516,260,2005-07-17 12:02:23,2,114,2,14,Sci-Fi,3,0.99,26.99,Christy Vargas
2001,2005-06-17 11:35:09,2069,260,2005-06-21 14:52:09,2,449,2,14,Sci-Fi,4,2.99,12.99,Christy Vargas
8717,2005-07-29 17:40:45,1821,260,2005-08-01 22:38:45,2,395,2,1,Action,4,0.99,28.99,Christy Vargas
2958,2005-06-20 06:56:20,1380,260,2005-06-29 02:33:20,2,303,1,1,Action,6,0.99,27.99,Christy Vargas
8484,2005-07-29 08:51:59,742,260,2005-07-30 09:07:59,1,162,2,1,Action,4,2.99,13.99,Christy Vargas
3193,2005-06-20 23:52:30,3176,260,2005-06-22 21:21:30,1,697,2,1,Action,7,0.99,16.99,Christy Vargas
7072,2005-07-27 04:02:33,3899,260,2005-07-28 09:26:33,2,851,2,15,Sports,3,0.99,19.99,Christy Vargas
1101,2005-05-31 14:13:59,1174,260,2005-06-07 15:49:59,1,260,2,15,Sports,3,4.99,9.99,Christy Vargas
2823,2005-06-19 20:30:21,3566,260,2005-06-26 17:58:21,1,779,2,15,Sports,4,4.99,23.99,Christy Vargas
10970,2005-08-02 04:06:46,1202,260,2005-08-10 04:27:46,1,267,1,13,New,4,4.99,14.99,Christy Vargas
8475,2005-07-29 08:37:41,3695,260,2005-08-04 10:03:41,2,808,2,4,Classics,5,0.99,10.99,Christy Vargas
6796,2005-07-12 16:44:16,227,291,2005-07-16 14:48:16,2,51,1,12,Music,5,2.99,10.99,Toni Holt
9165,2005-07-30 11:24:28,4034,291,2005-08-03 09:38:28,1,879,1,12,Music,3,4.99,20.99,Toni Holt
4862,2005-07-08 19:02:46,293,291,2005-07-17 20:17:46,1,66,1,3,Children,6,0.99,27.99,Toni Holt
5754,2005-07-10 12:32:43,162,291,2005-07-12 13:11:43,2,35,1,11,Horror,4,2.99,24.99,Toni Holt
9919,2005-07-31 14:55:46,3205,291,2005-08-08 11:43:46,2,704,2,5,Comedy,3,2.99,25.99,Toni Holt
2300,2005-06-18 08:22:34,1617,291,2005-06-24 04:51:34,2,353,2,9,Foreign,6,2.99,22.99,Toni Holt
9201,2005-07-30 12:42:21,4387,291,2005-08-08 06:50:21,1,958,2,7,Drama,6,2.99,19.99,Toni Holt
8697,2005-07-29 16:46:07,443,291,2005-08-02 19:27:07,2,98,1,7,Drama,4,4.99,12.99,Toni Holt
747,2005-05-29 09:26:34,1993,291,2005-06-05 07:28:34,1,434,1,16,Travel,3,0.99,25.99,Toni Holt
7564,2005-07-27 22:31:17,2887,291,2005-08-01 01:05:17,2,634,2,8,Family,6,0.99,14.99,Toni Holt
7561,2005-07-27 22:21:05,3433,291,2005-08-04 01:02:05,1,753,1,8,Family,3,0.99,20.99,Toni Holt
1012,2005-05-31 02:18:05,688,291,2005-06-03 06:47:05,1,150,2,6,Documentary,7,2.99,9.99,Toni Holt
3512,2005-07-06 00:43:06,371,291,2005-07-12 06:18:06,2,81,1,14,Sci-Fi,6,4.99,29.99,Toni Holt
8690,2005-07-29 16:39:28,1292,291,2005-08-01 14:03:28,2,285,2,14,Sci-Fi,3,0.99,18.99,Toni Holt
10463,2005-08-01 09:39:43,1301,291,2005-08-10 03:42:43,1,287,1,1,Action,5,0.99,19.99,Toni Holt
3042,2005-06-20 12:38:27,3103,291,2005-06-26 11:18:27,1,681,2,15,Sports,4,0.99,20.99,Toni Holt
54,2005-05-25 07:23:25,2787,291,2005-06-01 05:05:25,2,611,1,4,Classics,7,4.99,17.99,Toni Holt
1191,2005-06-15 01:10:35,2221,291,2005-06-17 20:36:35,2,480,2,4,Classics,3,2.99,29.99,Toni Holt
6516,2005-07-12 03:51:54,863,291,2005-07-14 03:41:54,2,190,2,4,Classics,5,4.99,23.99,Toni Holt
7176,2005-07-27 08:04:28,227,257,2005-07-29 14:00:28,2,51,1,12,Music,5,2.99,10.99,Marsha Douglas
8946,2005-07-30 03:14:53,3510,257,2005-08-04 00:50:53,1,768,2,3,Children,3,4.99,11.99,Marsha Douglas
8640,2005-07-29 14:34:17,1874,257,2005-08-01 13:09:17,2,409,1,3,Children,3,4.99,9.99,Marsha Douglas
6711,2005-07-12 13:23:40,2247,257,2005-07-20 11:45:40,2,486,1,9,Foreign,7,4.99,14.99,Marsha Douglas
5858,2005-07-10 18:00:07,2913,257,2005-07-11 20:01:07,2,640,2,9,Foreign,5,4.99,21.99,Marsha Douglas
7510,2005-07-27 20:37:57,1617,257,2005-08-01 17:14:57,2,353,2,9,Foreign,6,2.99,22.99,Marsha Douglas
8156,2005-07-28 20:59:04,1977,257,2005-08-01 01:52:04,1,431,2,9,Foreign,3,2.99,12.99,Marsha Douglas
7496,2005-07-27 20:04:05,2449,257,2005-08-02 20:12:05,1,534,2,8,Family,5,0.99,18.99,Marsha Douglas
5495,2005-07-10 00:16:54,2199,257,2005-07-19 01:22:54,2,476,1,8,Family,5,2.99,9.99,Marsha Douglas
705,2005-05-29 02:48:52,2809,257,2005-05-30 06:21:52,1,616,2,6,Documentary,4,2.99,19.99,Marsha Douglas
7518,2005-07-27 21:01:16,2676,257,2005-08-03 15:26:16,1,587,1,6,Documentary,6,4.99,20.99,Marsha Douglas
2557,2005-06-19 03:08:51,4546,257,2005-06-20 07:59:51,1,992,2,6,Documentary,5,0.99,17.99,Marsha Douglas
10142,2005-07-31 22:10:54,1839,257,2005-08-09 19:04:54,2,400,1,6,Documentary,7,2.99,15.99,Marsha Douglas
139,2005-05-25 23:00:21,327,257,2005-05-29 17:12:21,1,73,1,14,Sci-Fi,5,2.99,22.99,Marsha Douglas
3083,2005-06-20 15:33:47,2896,257,2005-06-26 16:14:47,2,637,1,14,Sci-Fi,7,4.99,16.99,Marsha Douglas
8344,2005-07-29 04:45:25,221,257,2005-08-06 01:53:25,1,49,2,14,Sci-Fi,6,2.99,22.99,Marsha Douglas
7007,2005-07-27 01:43:39,4186,257,2005-07-31 21:04:39,1,911,2,1,Action,7,4.99,14.99,Marsha Douglas
4574,2005-07-08 05:39:42,536,257,2005-07-08 23:44:42,2,117,2,10,Games,6,4.99,15.99,Marsha Douglas
244,2005-05-26 13:40:40,1041,257,2005-05-31 11:58:40,1,232,2,10,Games,7,2.99,29.99,Marsha Douglas
8252,2005-07-29 00:54:17,3312,257,2005-07-31 20:34:17,1,729,2,15,Sports,5,2.99,28.99,Marsha Douglas
9800,2005-07-31 11:00:58,2153,257,2005-08-02 10:13:58,2,465,2,13,New,4,4.99,17.99,Marsha Douglas
6422,2005-07-11 23:46:19,762,257,2005-07-20 22:12:19,1,166,2,4,Classics,6,2.99,19.99,Marsha Douglas
4462,2005-07-08 00:02:49,4120,257,2005-07-15 20:48:49,2,895,2,4,Classics,3,2.99,21.99,Marsha Douglas
1400,2005-06-15 16:29:56,230,571,2005-06-21 14:43:56,2,51,2,12,Music,5,2.99,10.99,Johnnie Chisholm
8638,2005-07-29 14:30:23,4060,571,2005-08-01 10:32:23,1,884,2,12,Music,5,4.99,11.99,Johnnie Chisholm
10227,2005-08-01 01:42:22,872,571,2005-08-09 23:45:22,2,191,2,3,Children,6,0.99,27.99,Johnnie Chisholm
8084,2005-07-28 18:11:58,911,571,2005-08-03 23:41:58,2,202,1,5,Comedy,5,4.99,26.99,Johnnie Chisholm
3616,2005-07-06 05:52:13,557,571,2005-07-10 10:24:13,1,121,2,2,Animation,4,2.99,15.99,Johnnie Chisholm
9408,2005-07-30 20:32:09,4383,571,2005-08-04 20:14:09,2,957,2,9,Foreign,7,4.99,26.99,Johnnie Chisholm
1756,2005-06-16 17:22:33,1401,571,2005-06-21 16:52:33,1,307,1,16,Travel,6,4.99,9.99,Johnnie Chisholm
6676,2005-07-12 11:53:40,2294,571,2005-07-19 09:15:40,1,499,1,8,Family,3,4.99,24.99,Johnnie Chisholm
5789,2005-07-10 14:11:26,2601,571,2005-07-18 16:19:26,1,571,2,6,Documentary,6,2.99,26.99,Johnnie Chisholm
2327,2005-06-18 10:16:40,1351,571,2005-06-20 15:06:40,1,298,2,14,Sci-Fi,4,2.99,13.99,Johnnie Chisholm
1254,2005-06-15 06:11:16,3986,571,2005-06-21 06:40:16,2,869,1,1,Action,4,2.99,22.99,Johnnie Chisholm
689,2005-05-29 00:46:53,742,571,2005-06-03 23:48:53,2,162,2,1,Action,4,2.99,13.99,Johnnie Chisholm
228,2005-05-26 10:54:28,511,571,2005-06-04 09:39:28,1,113,2,15,Sports,4,4.99,19.99,Johnnie Chisholm
6792,2005-07-12 16:37:28,510,571,2005-07-20 11:20:28,2,113,2,15,Sports,4,4.99,19.99,Johnnie Chisholm
1990,2005-06-17 10:48:44,1471,571,2005-06-24 08:11:44,1,322,1,15,Sports,5,2.99,29.99,Johnnie Chisholm
2977,2005-06-20 08:15:27,2645,571,2005-06-29 04:30:27,2,580,1,13,New,3,4.99,12.99,Johnnie Chisholm
11080,2005-08-02 07:29:56,4303,571,2005-08-08 05:58:56,1,937,2,13,New,7,2.99,14.99,Johnnie Chisholm
4162,2005-07-07 09:17:26,745,571,2005-07-15 10:15:26,2,163,2,13,New,4,0.99,29.99,Johnnie Chisholm
9300,2005-07-30 16:33:12,1639,571,2005-08-05 15:56:12,1,358,1,4,Classics,5,0.99,29.99,Johnnie Chisholm
5047,2005-07-09 03:44:15,230,272,2005-07-15 09:07:15,2,51,2,12,Music,5,2.99,10.99,Kay Caldwell
7300,2005-07-27 12:50:17,4561,272,2005-08-04 18:43:17,1,995,2,11,Horror,5,4.99,11.99,Kay Caldwell
8248,2005-07-29 00:41:56,2017,272,2005-08-05 18:53:56,2,439,1,7,Drama,4,4.99,28.99,Kay Caldwell
1041,2005-05-31 05:46:23,4432,272,2005-06-06 09:50:23,2,969,1,7,Drama,4,4.99,29.99,Kay Caldwell
7658,2005-07-28 02:09:12,1798,272,2005-07-30 00:54:12,2,391,1,8,Family,6,2.99,25.99,Kay Caldwell
9787,2005-07-31 10:26:19,3559,272,2005-08-09 09:02:19,1,778,1,8,Family,3,4.99,24.99,Kay Caldwell
1604,2005-06-16 06:14:25,3226,272,2005-06-17 03:53:25,2,708,2,6,Documentary,4,4.99,19.99,Kay Caldwell
33,2005-05-25 04:18:51,1681,272,2005-05-27 03:58:51,1,367,1,14,Sci-Fi,6,0.99,20.99,Kay Caldwell
5158,2005-07-09 08:53:09,2825,272,2005-07-10 11:05:09,1,620,2,14,Sci-Fi,5,2.99,23.99,Kay Caldwell
1072,2005-05-31 09:52:50,2557,272,2005-06-05 05:39:50,1,560,2,10,Games,6,0.99,21.99,Kay Caldwell
2546,2005-06-19 02:39:39,971,272,2005-06-23 03:56:39,2,216,2,13,New,3,4.99,16.99,Kay Caldwell
10736,2005-08-01 19:30:21,2227,272,2005-08-02 22:37:21,1,481,2,13,New,4,2.99,22.99,Kay Caldwell
11003,2005-08-02 05:03:05,4301,272,2005-08-05 10:48:05,2,937,2,13,New,7,2.99,14.99,Kay Caldwell
405,2005-05-27 13:32:39,4090,272,2005-06-05 18:53:39,2,891,2,4,Classics,3,0.99,13.99,Kay Caldwell
3323,2005-06-21 08:45:33,2252,272,2005-06-28 08:17:33,2,487,2,4,Classics,6,4.99,29.99,Kay Caldwell
1468,2005-06-15 20:48:22,228,230,2005-06-21 19:48:22,1,51,1,12,Music,5,2.99,10.99,Joy George
5269,2005-07-09 14:23:05,3886,230,2005-07-17 14:03:05,1,849,2,2,Animation,6,0.99,28.99,Joy George
6126,2005-07-11 08:06:56,1069,230,2005-07-16 11:42:56,1,239,1,2,Animation,5,4.99,16.99,Joy George
1078,2005-05-31 10:28:33,3682,230,2005-06-03 14:45:33,2,805,2,2,Animation,5,4.99,12.99,Joy George
4935,2005-07-08 22:20:56,2708,230,2005-07-12 01:01:56,2,595,1,9,Foreign,7,0.99,20.99,Joy George
7390,2005-07-27 15:59:19,1723,230,2005-08-04 10:09:19,2,376,1,9,Foreign,4,0.99,20.99,Joy George
7333,2005-07-27 13:59:11,1331,230,2005-07-30 16:04:11,1,294,1,16,Travel,5,4.99,26.99,Joy George
6251,2005-07-11 15:06:20,3956,230,2005-07-18 20:11:20,2,863,1,14,Sci-Fi,5,0.99,9.99,Joy George
32,2005-05-25 04:06:21,3832,230,2005-05-25 23:55:21,1,839,2,14,Sci-Fi,5,0.99,23.99,Joy George
10874,2005-08-02 00:31:00,2552,230,2005-08-07 05:04:00,1,559,2,14,Sci-Fi,7,2.99,22.99,Joy George
9778,2005-07-31 10:02:04,304,230,2005-08-04 07:44:04,2,69,1,14,Sci-Fi,3,2.99,21.99,Joy George
5061,2005-07-09 04:30:50,3893,230,2005-07-12 03:24:50,1,850,2,1,Action,7,0.99,27.99,Joy George
10050,2005-07-31 19:13:29,295,230,2005-08-06 15:44:29,1,67,1,1,Action,5,2.99,24.99,Joy George
4509,2005-07-08 02:32:38,1760,230,2005-07-14 01:05:38,2,382,1,10,Games,3,0.99,21.99,Joy George
5045,2005-07-09 03:33:32,1041,230,2005-07-18 06:15:32,1,232,2,10,Games,7,2.99,29.99,Joy George
1793,2005-06-16 20:07:27,4356,230,2005-06-19 20:55:27,1,949,1,10,Games,6,0.99,27.99,Joy George
1744,2005-06-16 16:39:58,3075,230,2005-06-18 19:50:58,2,676,2,15,Sports,7,4.99,16.99,Joy George
10057,2005-07-31 19:20:18,3485,230,2005-08-08 17:59:18,2,764,1,15,Sports,3,4.99,28.99,Joy George
8815,2005-07-29 21:51:26,3469,230,2005-08-03 22:37:26,1,760,2,13,New,5,2.99,21.99,Joy George
8032,2005-07-28 16:17:00,431,230,2005-07-29 13:32:00,1,95,2,13,New,5,4.99,18.99,Joy George
2675,2005-06-19 11:52:15,3078,230,2005-06-23 16:45:15,1,677,1,13,New,6,0.99,25.99,Joy George
2450,2005-06-18 19:25:47,863,230,2005-06-27 15:54:47,1,190,2,4,Classics,5,4.99,23.99,Joy George
8653,2005-07-29 15:04:23,4440,230,2005-08-02 09:39:23,2,970,2,4,Classics,7,0.99,11.99,Joy George
2777,2005-06-19 18:16:26,4092,230,2005-06-20 13:43:26,2,891,2,4,Classics,3,0.99,13.99,Joy George
10481,2005-08-01 10:17:26,229,170,2005-08-09 08:50:26,1,51,2,12,Music,5,2.99,10.99,Beatrice Arnold
10102,2005-07-31 20:49:10,4078,170,2005-08-08 20:15:10,1,889,1,3,Children,3,4.99,28.99,Beatrice Arnold
3749,2005-07-06 12:18:03,1531,170,2005-07-11 07:25:03,1,334,2,11,Horror,6,4.99,21.99,Beatrice Arnold
5808,2005-07-10 15:17:33,2310,170,2005-07-14 12:14:33,2,502,1,5,Comedy,4,2.99,21.99,Beatrice Arnold
11039,2005-08-02 06:00:53,549,170,2005-08-05 06:19:53,2,119,2,5,Comedy,6,0.99,22.99,Beatrice Arnold
9517,2005-07-31 00:41:23,3299,170,2005-08-02 23:08:23,1,726,2,9,Foreign,7,2.99,29.99,Beatrice Arnold
377,2005-05-27 09:04:05,3012,170,2005-06-02 03:36:05,2,661,1,9,Foreign,5,4.99,17.99,Beatrice Arnold
504,2005-05-28 02:05:34,2086,170,2005-05-30 23:03:34,1,452,2,9,Foreign,4,0.99,15.99,Beatrice Arnold
2413,2005-06-18 16:59:34,1851,170,2005-06-27 16:10:34,2,403,1,7,Drama,5,4.99,18.99,Beatrice Arnold
211,2005-05-26 08:33:10,4005,170,2005-05-28 14:09:10,1,872,2,16,Travel,3,2.99,27.99,Beatrice Arnold
5573,2005-07-10 03:50:47,2957,170,2005-07-17 06:40:47,2,648,2,16,Travel,7,4.99,17.99,Beatrice Arnold
7999,2005-07-28 15:10:14,2750,170,2005-08-06 17:08:14,2,603,1,8,Family,6,4.99,27.99,Beatrice Arnold
4468,2005-07-08 00:17:59,3302,170,2005-07-12 05:51:59,2,727,1,8,Family,6,0.99,12.99,Beatrice Arnold
2117,2005-06-17 20:24:00,2,170,2005-06-23 17:45:00,2,1,1,6,Documentary,6,0.99,20.99,Beatrice Arnold
4113,2005-07-07 06:49:52,915,170,2005-07-12 04:00:52,1,203,2,14,Sci-Fi,5,4.99,9.99,Beatrice Arnold
5075,2005-07-09 05:12:07,903,170,2005-07-12 08:29:07,1,200,2,10,Games,7,0.99,27.99,Beatrice Arnold
9817,2005-07-31 11:33:31,4019,170,2005-08-08 14:49:31,2,875,2,15,Sports,6,0.99,9.99,Beatrice Arnold
5685,2005-07-10 09:01:38,1462,170,2005-07-17 10:58:38,1,320,2,13,New,4,4.99,28.99,Beatrice Arnold
3651,2005-07-06 07:40:31,3323,170,2005-07-08 03:39:31,2,731,2,4,Classics,7,4.99,29.99,Beatrice Arnold
4575,2005-07-08 05:49:14,231,41,2005-07-11 04:08:14,2,51,2,12,Music,5,2.99,10.99,Stephanie Mitchell
6976,2005-07-27 00:40:01,3096,41,2005-07-31 22:30:01,2,680,2,5,Comedy,4,4.99,21.99,Stephanie Mitchell
9313,2005-07-30 16:59:43,4070,41,2005-08-05 14:06:43,2,887,1,2,Animation,5,4.99,28.99,Stephanie Mitchell
7153,2005-07-27 07:15:38,2657,41,2005-07-28 09:56:38,1,583,1,2,Animation,3,4.99,26.99,Stephanie Mitchell
8712,2005-07-29 17:30:06,2800,41,2005-08-03 22:55:06,2,615,2,2,Animation,6,2.99,21.99,Stephanie Mitchell
10064,2005-07-31 19:27:02,3140,41,2005-08-06 21:15:02,1,690,1,2,Animation,7,2.99,25.99,Stephanie Mitchell
8225,2005-07-28 23:59:29,3631,41,2005-07-30 03:27:29,2,792,2,9,Foreign,7,2.99,15.99,Stephanie Mitchell
3246,2005-06-21 03:10:01,4432,41,2005-06-28 00:46:01,1,969,1,7,Drama,4,4.99,29.99,Stephanie Mitchell
10170,2005-07-31 23:27:31,804,41,2005-08-08 04:53:31,2,175,1,8,Family,3,2.99,27.99,Stephanie Mitchell
10853,2005-08-02 00:00:54,2682,41,2005-08-10 05:37:54,2,589,2,6,Documentary,3,0.99,20.99,Stephanie Mitchell
3827,2005-07-06 15:52:03,2072,41,2005-07-08 21:43:03,2,449,2,14,Sci-Fi,4,2.99,12.99,Stephanie Mitchell
8134,2005-07-28 20:01:23,1695,41,2005-08-03 01:00:23,2,369,2,14,Sci-Fi,4,4.99,22.99,Stephanie Mitchell
4543,2005-07-08 04:06:55,913,41,2005-07-12 23:17:55,2,203,2,14,Sci-Fi,5,4.99,9.99,Stephanie Mitchell
7517,2005-07-27 20:57:07,3177,41,2005-08-04 15:08:07,1,697,2,1,Action,7,0.99,16.99,Stephanie Mitchell
8098,2005-07-28 18:34:20,1757,41,2005-07-31 19:07:20,2,382,1,10,Games,3,0.99,21.99,Stephanie Mitchell
4294,2005-07-07 15:56:23,2845,41,2005-07-15 14:50:23,2,624,1,10,Games,3,4.99,25.99,Stephanie Mitchell
10495,2005-08-01 10:45:51,2232,41,2005-08-06 08:11:51,1,483,1,10,Games,3,2.99,29.99,Stephanie Mitchell
2563,2005-06-19 03:24:17,1935,41,2005-06-23 04:08:17,2,420,2,15,Sports,7,4.99,27.99,Stephanie Mitchell
8008,2005-07-28 15:25:55,2093,41,2005-08-04 13:16:55,1,453,2,15,Sports,3,2.99,17.99,Stephanie Mitchell
10614,2005-08-01 14:57:00,232,533,2005-08-10 09:31:00,2,51,2,12,Music,5,2.99,10.99,Jessie Milam
173,2005-05-26 03:42:10,3596,533,2005-05-28 01:37:10,2,786,1,3,Children,7,0.99,14.99,Jessie Milam
7555,2005-07-27 22:17:05,3421,533,2005-08-02 02:50:05,2,749,2,11,Horror,6,4.99,19.99,Jessie Milam
10090,2005-07-31 20:22:01,4023,533,2005-08-04 17:30:01,1,876,1,11,Horror,3,2.99,11.99,Jessie Milam
1954,2005-06-17 08:37:55,3203,533,2005-06-20 02:55:55,2,704,1,5,Comedy,3,2.99,25.99,Jessie Milam
8104,2005-07-28 18:59:36,1080,533,2005-08-03 22:05:36,2,241,1,2,Animation,4,0.99,20.99,Jessie Milam
8250,2005-07-29 00:49:15,4519,533,2005-08-04 02:53:15,1,986,2,2,Animation,6,2.99,24.99,Jessie Milam
8676,2005-07-29 15:59:06,283,533,2005-08-05 19:12:06,2,63,2,8,Family,6,0.99,21.99,Jessie Milam
2956,2005-06-20 06:47:23,2684,533,2005-06-22 07:24:23,2,589,2,6,Documentary,3,0.99,20.99,Jessie Milam
190,2005-05-26 06:11:28,3962,533,2005-06-01 09:44:28,1,863,2,14,Sci-Fi,5,0.99,9.99,Jessie Milam
4788,2005-07-08 16:17:35,691,533,2005-07-11 11:56:35,2,151,1,14,Sci-Fi,5,4.99,26.99,Jessie Milam
4112,2005-07-07 06:49:09,3284,533,2005-07-16 06:53:09,2,723,2,14,Sci-Fi,3,2.99,29.99,Jessie Milam
8093,2005-07-28 18:29:16,1427,533,2005-08-05 21:49:16,1,312,2,14,Sci-Fi,4,4.99,20.99,Jessie Milam
1652,2005-06-16 09:31:37,3416,533,2005-06-19 14:02:37,2,748,2,1,Action,4,0.99,16.99,Jessie Milam
8471,2005-07-29 08:32:11,1520,533,2005-08-01 13:55:11,1,331,2,10,Games,6,2.99,25.99,Jessie Milam
6834,2005-07-12 18:53:37,897,533,2005-07-19 13:42:37,1,200,1,10,Games,7,0.99,27.99,Jessie Milam
1859,2005-06-17 01:13:38,3405,533,2005-06-18 03:13:38,1,746,2,10,Games,3,0.99,10.99,Jessie Milam
615,2005-05-28 15:35:52,3397,533,2005-06-03 17:35:52,2,745,2,15,Sports,5,4.99,23.99,Jessie Milam
1421,2005-06-15 17:57:04,2439,533,2005-06-21 20:38:04,2,532,2,15,Sports,5,4.99,28.99,Jessie Milam
2770,2005-06-19 17:54:22,3042,533,2005-06-26 23:09:22,2,667,2,15,Sports,3,2.99,20.99,Jessie Milam
6837,2005-07-12 18:59:45,1203,533,2005-07-21 22:47:45,2,267,1,13,New,4,4.99,14.99,Jessie Milam
10380,2005-08-01 06:34:36,2225,533,2005-08-02 09:08:36,1,481,2,13,New,4,2.99,22.99,Jessie Milam
8786,2005-07-29 20:39:49,2404,533,2005-08-03 18:08:49,1,525,1,4,Classics,4,0.99,29.99,Jessie Milam
6781,2005-07-12 16:21:47,3783,533,2005-07-15 19:52:47,1,828,2,4,Classics,7,2.99,12.99,Jessie Milam
1010,2005-05-31 01:57:32,4038,49,2005-06-01 06:50:32,2,879,2,12,Music,3,4.99,20.99,Joyce Edwards
3235,2005-06-21 02:46:17,212,49,2005-06-22 20:58:17,1,48,1,3,Children,3,4.99,24.99,Joyce Edwards
7742,2005-07-28 05:33:16,1808,49,2005-08-06 01:04:16,2,392,2,3,Children,5,4.99,13.99,Joyce Edwards
6279,2005-07-11 16:26:07,1254,49,2005-07-17 21:05:07,2,277,1,11,Horror,4,4.99,24.99,Joyce Edwards
846,2005-05-30 01:17:45,938,49,2005-06-01 00:56:45,2,208,1,2,Animation,7,2.99,16.99,Joyce Edwards
10144,2005-07-31 22:13:52,3011,49,2005-08-05 19:27:52,1,661,1,9,Foreign,5,4.99,17.99,Joyce Edwards
10814,2005-08-01 22:43:12,2758,49,2005-08-05 02:35:12,2,605,2,9,Foreign,7,2.99,13.99,Joyce Edwards
5491,2005-07-10 00:09:45,2007,49,2005-07-11 02:25:45,1,437,1,8,Family,7,2.99,13.99,Joyce Edwards
9851,2005-07-31 12:50:24,25,49,2005-08-08 08:30:24,2,5,2,8,Family,6,2.99,22.99,Joyce Edwards
1237,2005-06-15 04:44:10,3249,49,2005-06-23 07:00:10,2,715,1,8,Family,3,4.99,25.99,Joyce Edwards
3575,2005-07-06 03:36:19,3234,49,2005-07-08 06:21:19,1,710,1,8,Family,4,4.99,18.99,Joyce Edwards
7209,2005-07-27 09:16:53,3766,49,2005-07-30 08:09:53,2,824,2,8,Family,4,4.99,19.99,Joyce Edwards
6759,2005-07-12 15:14:48,3624,49,2005-07-15 11:29:48,1,791,1,6,Documentary,3,4.99,24.99,Joyce Edwards
1688,2005-06-16 12:11:20,383,49,2005-06-18 08:39:20,2,85,2,6,Documentary,4,0.99,29.99,Joyce Edwards
239,2005-05-26 12:30:26,131,49,2005-06-01 13:26:26,2,26,1,14,Sci-Fi,3,0.99,15.99,Joyce Edwards
10588,2005-08-01 14:10:21,2384,49,2005-08-03 13:47:21,2,520,1,14,Sci-Fi,7,2.99,28.99,Joyce Edwards
96,2005-05-25 16:32:19,3418,49,2005-05-30 10:47:19,2,748,2,1,Action,4,0.99,16.99,Joyce Edwards
10266,2005-08-01 03:05:59,476,49,2005-08-06 06:23:59,1,105,1,1,Action,6,0.99,21.99,Joyce Edwards
1164,2005-06-14 23:16:26,3691,49,2005-06-16 21:00:26,1,807,1,10,Games,4,0.99,25.99,Joyce Edwards
6214,2005-07-11 12:49:48,1258,49,2005-07-18 07:41:48,2,279,1,15,Sports,7,4.99,11.99,Joyce Edwards
9006,2005-07-30 05:06:32,3315,49,2005-07-31 08:24:32,1,730,1,13,New,3,0.99,28.99,Joyce Edwards
8553,2005-07-29 11:15:36,2645,49,2005-08-07 16:37:36,1,580,1,13,New,3,4.99,12.99,Joyce Edwards
3615,2005-07-06 05:47:47,711,49,2005-07-11 05:01:47,1,155,2,13,New,6,0.99,26.99,Joyce Edwards
6521,2005-07-12 04:06:11,3293,49,2005-07-21 05:50:11,1,725,1,4,Classics,6,4.99,25.99,Joyce Edwards
1777,2005-06-16 18:52:12,3325,49,2005-06-25 13:55:12,1,731,2,4,Classics,7,4.99,29.99,Joyce Edwards
2175,2005-06-18 00:17:58,4038,17,2005-06-22 23:18:58,2,879,2,12,Music,3,4.99,20.99,Donna Thompson
9489,2005-07-30 23:43:32,4011,17,2005-07-31 20:45:32,2,873,2,3,Children,3,0.99,13.99,Donna Thompson
8076,2005-07-28 17:45:58,214,17,2005-08-04 18:07:58,2,48,2,3,Children,3,4.99,24.99,Donna Thompson
884,2005-05-30 06:41:32,4079,17,2005-05-31 07:39:32,1,889,1,3,Children,3,4.99,28.99,Donna Thompson
9092,2005-07-30 08:30:56,1877,17,2005-08-06 08:09:56,2,409,1,3,Children,3,4.99,9.99,Donna Thompson
580,2005-05-28 11:19:53,3515,17,2005-06-01 10:44:53,2,770,2,9,Foreign,5,2.99,13.99,Donna Thompson
287,2005-05-26 19:44:54,3631,17,2005-06-02 01:10:54,1,792,2,9,Foreign,7,2.99,15.99,Donna Thompson
9382,2005-07-30 19:23:44,2127,17,2005-08-06 16:20:44,2,460,2,9,Foreign,3,4.99,26.99,Donna Thompson
5714,2005-07-10 10:46:57,3706,17,2005-07-18 14:07:57,1,810,2,8,Family,5,0.99,21.99,Donna Thompson
6884,2005-07-12 20:52:41,3642,17,2005-07-20 23:13:41,1,795,1,8,Family,7,0.99,23.99,Donna Thompson
9138,2005-07-30 10:11:52,2550,17,2005-07-31 07:05:52,2,559,2,14,Sci-Fi,7,2.99,22.99,Donna Thompson
2684,2005-06-19 12:29:08,1225,17,2005-06-28 08:50:08,2,271,2,1,Action,5,4.99,12.99,Donna Thompson
3269,2005-06-21 05:06:30,3828,17,2005-06-27 09:26:30,2,838,2,1,Action,5,4.99,25.99,Donna Thompson
8213,2005-07-28 23:37:33,3816,17,2005-07-31 00:32:33,2,835,2,10,Games,6,2.99,13.99,Donna Thompson
5883,2005-07-10 19:25:21,2820,17,2005-07-16 20:50:21,2,619,2,15,Sports,3,0.99,20.99,Donna Thompson
8705,2005-07-29 17:14:29,4038,2,2005-08-02 16:01:29,1,879,2,12,Music,3,4.99,20.99,Patricia Johnson
320,2005-05-27 00:09:24,1090,2,2005-05-28 04:30:24,2,243,1,2,Animation,3,4.99,22.99,Patricia Johnson
2128,2005-06-17 20:54:58,352,2,2005-06-24 00:41:58,2,78,1,2,Animation,7,2.99,12.99,Patricia Johnson
10136,2005-07-31 21:58:56,3142,2,2005-08-03 19:44:56,1,690,1,2,Animation,7,2.99,25.99,Patricia Johnson
8230,2005-07-29 00:12:59,1937,2,2005-08-06 19:52:59,2,421,2,9,Foreign,7,4.99,10.99,Patricia Johnson
9236,2005-07-30 13:47:43,4030,2,2005-08-08 18:52:43,1,878,2,16,Travel,3,4.99,25.99,Patricia Johnson
9031,2005-07-30 06:06:10,2377,2,2005-08-04 10:45:10,2,518,2,16,Travel,5,4.99,15.99,Patricia Johnson
11087,2005-08-02 07:41:41,654,2,2005-08-10 10:37:41,2,142,1,6,Documentary,3,0.99,24.99,Patricia Johnson
10918,2005-08-02 02:10:56,3418,2,2005-08-02 21:23:56,1,748,2,1,Action,4,0.99,16.99,Patricia Johnson
9248,2005-07-30 14:14:11,1382,2,2005-08-05 11:19:11,1,303,2,1,Action,6,0.99,27.99,Patricia Johnson
7346,2005-07-27 14:30:42,741,2,2005-08-02 16:48:42,1,162,2,1,Action,4,2.99,13.99,Patricia Johnson
9465,2005-07-30 22:39:53,3084,2,2005-08-06 16:43:53,2,678,1,15,Sports,3,2.99,23.99,Patricia Johnson
5755,2005-07-10 12:38:56,2760,2,2005-07-19 17:02:56,1,606,1,15,Sports,3,0.99,15.99,Patricia Johnson
10466,2005-08-01 09:45:26,138,2,2005-08-06 06:28:26,1,27,1,15,Sports,7,0.99,12.99,Patricia Johnson
7459,2005-07-27 18:40:20,2053,2,2005-08-02 21:07:20,2,446,1,15,Sports,5,4.99,19.99,Patricia Johnson
7376,2005-07-27 15:23:02,488,2,2005-08-04 10:35:02,2,109,1,13,New,3,0.99,17.99,Patricia Johnson
8598,2005-07-29 12:56:59,626,2,2005-08-01 08:39:59,2,136,1,13,New,7,2.99,26.99,Patricia Johnson
9296,2005-07-30 16:21:13,4088,2,2005-08-08 11:57:13,1,891,1,4,Classics,3,0.99,13.99,Patricia Johnson
5636,2005-07-10 06:31:24,4116,2,2005-07-13 02:36:24,1,895,1,4,Classics,3,2.99,21.99,Patricia Johnson
1689,2005-06-16 12:18:41,4036,48,2005-06-24 13:33:41,2,879,1,12,Music,3,4.99,20.99,Ann Evans
7920,2005-07-28 12:01:19,66,48,2005-08-05 07:08:19,1,12,2,12,Music,6,0.99,22.99,Ann Evans
9742,2005-07-31 09:10:20,4058,48,2005-08-08 10:07:20,1,884,2,12,Music,5,4.99,11.99,Ann Evans
2822,2005-06-19 20:29:24,3599,48,2005-06-23 02:21:24,1,786,2,3,Children,7,0.99,14.99,Ann Evans
9402,2005-07-30 20:18:27,2424,48,2005-08-07 21:29:27,2,529,1,5,Comedy,3,2.99,12.99,Ann Evans
72,2005-05-25 10:52:13,2260,48,2005-05-28 05:52:13,2,489,1,2,Animation,4,0.99,14.99,Ann Evans
297,2005-05-26 20:48:48,1594,48,2005-05-27 19:52:48,2,349,2,2,Animation,4,2.99,27.99,Ann Evans
5148,2005-07-09 08:22:46,456,48,2005-07-18 04:36:46,1,100,2,9,Foreign,7,4.99,21.99,Ann Evans
8716,2005-07-29 17:39:09,2123,48,2005-08-03 20:26:09,2,460,1,9,Foreign,3,4.99,26.99,Ann Evans
4367,2005-07-07 19:52:01,4529,48,2005-07-13 19:41:01,2,988,2,16,Travel,7,2.99,26.99,Ann Evans
10276,2005-08-01 03:22:23,2201,48,2005-08-03 07:59:23,1,476,2,8,Family,5,2.99,9.99,Ann Evans
6498,2005-07-12 03:05:38,243,48,2005-07-19 07:12:38,1,55,1,14,Sci-Fi,6,2.99,27.99,Ann Evans
390,2005-05-27 11:02:26,3759,48,2005-06-02 16:09:26,2,823,1,1,Action,4,2.99,21.99,Ann Evans
3758,2005-07-06 12:43:11,2498,48,2005-07-14 12:52:11,2,549,1,1,Action,4,0.99,28.99,Ann Evans
4866,2005-07-08 19:09:59,4036,278,2005-07-15 00:51:59,2,879,1,12,Music,3,4.99,20.99,Billie Horton
7834,2005-07-28 08:46:43,4124,278,2005-07-31 07:09:43,2,896,2,3,Children,3,0.99,10.99,Billie Horton
7239,2005-07-27 10:20:27,1786,278,2005-07-29 10:15:27,1,388,1,5,Comedy,5,0.99,16.99,Billie Horton
8222,2005-07-28 23:51:53,2999,278,2005-08-05 22:48:53,1,657,2,5,Comedy,5,2.99,12.99,Billie Horton
1978,2005-06-17 09:42:34,1590,278,2005-06-20 09:13:34,2,349,1,2,Animation,4,2.99,27.99,Billie Horton
6869,2005-07-12 20:12:06,3546,278,2005-07-13 18:37:06,1,775,2,7,Drama,4,4.99,18.99,Billie Horton
2078,2005-06-17 16:48:55,2021,278,2005-06-19 18:01:55,1,439,2,7,Drama,4,4.99,28.99,Billie Horton
3776,2005-07-06 13:31:37,4387,278,2005-07-10 10:53:37,2,958,2,7,Drama,6,2.99,19.99,Billie Horton
10731,2005-08-01 19:21:48,4248,278,2005-08-08 22:01:48,2,923,2,7,Drama,7,2.99,12.99,Billie Horton
9448,2005-07-30 21:56:13,1213,278,2005-08-04 18:03:13,1,269,2,8,Family,3,0.99,22.99,Billie Horton
4430,2005-07-07 22:35:24,3436,278,2005-07-14 23:49:24,1,753,2,8,Family,3,0.99,20.99,Billie Horton
10649,2005-08-01 16:11:40,1032,278,2005-08-06 14:09:40,2,231,1,8,Family,7,2.99,27.99,Billie Horton
10849,2005-08-01 23:51:00,1683,278,2005-08-10 19:59:00,2,367,1,14,Sci-Fi,6,0.99,20.99,Billie Horton
1387,2005-06-15 15:40:56,515,278,2005-06-17 10:39:56,1,114,1,14,Sci-Fi,3,0.99,26.99,Billie Horton
1092,2005-05-31 12:15:57,4412,278,2005-06-03 15:39:57,2,964,2,1,Action,4,4.99,17.99,Billie Horton
8953,2005-07-30 03:21:05,535,278,2005-08-02 05:24:05,2,117,1,10,Games,6,4.99,15.99,Billie Horton
3453,2005-06-21 21:12:11,842,278,2005-06-23 17:39:11,2,184,2,4,Classics,3,2.99,24.99,Billie Horton
6989,2005-07-27 01:00:34,4036,120,2005-07-30 23:53:34,1,879,1,12,Music,3,4.99,20.99,Sylvia Ortiz
10161,2005-07-31 23:09:41,2651,120,2005-08-02 20:46:41,2,581,1,12,Music,4,0.99,16.99,Sylvia Ortiz
1820,2005-06-16 21:34:50,3672,120,2005-06-20 16:50:50,1,804,1,11,Horror,7,4.99,13.99,Sylvia Ortiz
532,2005-05-28 05:36:58,2793,120,2005-06-02 01:50:58,1,613,1,5,Comedy,5,0.99,19.99,Sylvia Ortiz
9907,2005-07-31 14:39:50,4282,120,2005-08-09 09:39:50,1,932,1,5,Comedy,3,0.99,21.99,Sylvia Ortiz
4666,2005-07-08 10:05:02,4576,120,2005-07-16 07:28:02,1,1000,1,5,Comedy,3,4.99,18.99,Sylvia Ortiz
8756,2005-07-29 19:18:57,4146,120,2005-08-02 20:07:57,2,901,1,2,Animation,3,0.99,29.99,Sylvia Ortiz
5288,2005-07-09 15:13:07,850,120,2005-07-16 12:39:07,1,186,2,7,Drama,6,0.99,17.99,Sylvia Ortiz
8046,2005-07-28 16:49:41,2873,120,2005-07-31 21:33:41,1,630,2,7,Drama,7,0.99,19.99,Sylvia Ortiz
2169,2005-06-17 23:57:23,785,120,2005-06-19 20:14:23,2,172,1,7,Drama,7,4.99,12.99,Sylvia Ortiz
68,2005-05-25 09:47:31,4029,120,2005-05-31 10:20:31,2,878,2,16,Travel,3,4.99,25.99,Sylvia Ortiz
4342,2005-07-07 18:47:03,1355,120,2005-07-09 21:59:03,2,299,1,16,Travel,4,0.99,9.99,Sylvia Ortiz
3133,2005-06-20 19:18:32,4529,120,2005-06-26 17:54:32,2,988,2,16,Travel,7,2.99,26.99,Sylvia Ortiz
1374,2005-06-15 14:49:54,3353,120,2005-06-22 12:30:54,1,736,1,8,Family,4,0.99,21.99,Sylvia Ortiz
8998,2005-07-30 04:54:14,1573,120,2005-08-08 08:18:14,2,345,2,8,Family,3,0.99,17.99,Sylvia Ortiz
1932,2005-06-17 06:54:41,3185,120,2005-06-19 05:12:41,2,698,2,6,Documentary,3,2.99,29.99,Sylvia Ortiz
2803,2005-06-19 19:18:27,103,120,2005-06-27 21:48:27,1,21,1,1,Action,3,4.99,17.99,Sylvia Ortiz
6503,2005-07-12 03:18:07,1319,120,2005-07-15 00:05:07,1,292,1,1,Action,3,0.99,20.99,Sylvia Ortiz
10940,2005-08-02 03:08:29,3760,120,2005-08-07 21:28:29,2,823,1,1,Action,4,2.99,21.99,Sylvia Ortiz
4942,2005-07-08 22:42:47,4467,120,2005-07-15 04:36:47,2,976,1,10,Games,6,0.99,12.99,Sylvia Ortiz
10696,2005-08-01 18:18:13,47,120,2005-08-04 14:09:13,1,10,1,15,Sports,6,4.99,24.99,Sylvia Ortiz
4272,2005-07-07 14:39:20,488,120,2005-07-13 08:57:20,2,109,1,13,New,3,0.99,17.99,Sylvia Ortiz
4001,2005-07-07 00:07:00,864,120,2005-07-13 21:27:00,2,190,2,4,Classics,5,4.99,23.99,Sylvia Ortiz
7588,2005-07-27 23:23:31,4033,360,2005-08-04 02:54:31,1,879,1,12,Music,3,4.99,20.99,Ralph Madrigal
5834,2005-07-10 16:44:12,85,360,2005-07-14 11:34:12,2,17,2,12,Music,3,0.99,14.99,Ralph Madrigal
7251,2005-07-27 10:44:55,1737,360,2005-08-01 16:12:55,1,378,1,12,Music,5,2.99,24.99,Ralph Madrigal
5456,2005-07-09 22:31:45,3003,360,2005-07-12 03:53:45,1,658,2,11,Horror,7,2.99,19.99,Ralph Madrigal
10857,2005-08-02 00:07:20,2961,360,2005-08-04 02:35:20,1,649,2,2,Animation,4,2.99,14.99,Ralph Madrigal
2780,2005-06-19 18:19:33,1513,360,2005-06-28 22:29:33,1,330,2,2,Animation,7,4.99,22.99,Ralph Madrigal
1492,2005-06-15 21:48:35,4148,360,2005-06-17 17:18:35,1,901,1,2,Animation,3,0.99,29.99,Ralph Madrigal
633,2005-05-28 17:37:59,58,360,2005-06-03 22:49:59,2,11,2,9,Foreign,6,0.99,16.99,Ralph Madrigal
777,2005-05-29 14:07:58,451,360,2005-06-03 08:41:58,2,100,1,9,Foreign,7,4.99,21.99,Ralph Madrigal
6442,2005-07-12 00:29:45,1273,360,2005-07-15 19:37:45,2,282,1,7,Drama,5,0.99,20.99,Ralph Madrigal
6770,2005-07-12 15:49:40,2080,360,2005-07-20 10:14:40,2,451,1,16,Travel,7,4.99,12.99,Ralph Madrigal
9283,2005-07-30 15:25:19,1858,360,2005-08-01 15:35:19,2,405,2,16,Travel,6,4.99,13.99,Ralph Madrigal
2402,2005-06-18 16:24:45,2833,360,2005-06-27 14:39:45,1,621,2,8,Family,5,2.99,23.99,Ralph Madrigal
4056,2005-07-07 03:57:36,4211,360,2005-07-09 08:53:36,2,915,2,1,Action,7,4.99,9.99,Ralph Madrigal
9659,2005-07-31 06:02:14,4262,360,2005-08-07 00:54:14,2,927,1,1,Action,6,2.99,16.99,Ralph Madrigal
9352,2005-07-30 18:29:26,2619,360,2005-07-31 19:43:26,1,574,2,1,Action,3,0.99,19.99,Ralph Madrigal
5995,2005-07-11 01:15:39,4357,360,2005-07-20 05:01:39,2,949,2,10,Games,6,0.99,27.99,Ralph Madrigal
8361,2005-07-29 05:08:57,3404,360,2005-08-03 02:49:57,1,746,2,10,Games,3,0.99,10.99,Ralph Madrigal
8220,2005-07-28 23:46:41,1061,360,2005-07-31 22:14:41,2,236,2,10,Games,4,2.99,19.99,Ralph Madrigal
7908,2005-07-28 11:32:57,3646,360,2005-08-03 13:30:57,2,796,2,15,Sports,3,0.99,12.99,Ralph Madrigal
2541,2005-06-19 02:08:10,129,360,2005-06-23 23:32:10,1,25,2,13,New,3,2.99,15.99,Ralph Madrigal
7654,2005-07-28 02:00:14,1009,360,2005-07-31 20:50:14,2,226,2,13,New,4,4.99,20.99,Ralph Madrigal
9623,2005-07-31 04:30:02,113,360,2005-08-06 23:34:02,1,22,2,13,New,6,2.99,10.99,Ralph Madrigal
4487,2005-07-08 01:20:22,2220,360,2005-07-16 21:23:22,2,480,2,4,Classics,3,2.99,29.99,Ralph Madrigal
3876,2005-07-06 18:21:13,4039,295,2005-07-14 16:57:13,2,879,2,12,Music,3,4.99,20.99,Daisy Bates
4164,2005-07-07 09:20:11,3133,295,2005-07-14 09:35:11,1,688,2,3,Children,6,0.99,12.99,Daisy Bates
1328,2005-06-15 11:23:27,3665,295,2005-06-19 12:42:27,2,800,2,11,Horror,7,2.99,19.99,Daisy Bates
8932,2005-07-30 02:31:26,4537,295,2005-08-04 02:17:26,2,990,2,11,Horror,3,0.99,13.99,Daisy Bates
9793,2005-07-31 10:45:11,4576,295,2005-08-03 14:29:11,1,1000,1,5,Comedy,3,4.99,18.99,Daisy Bates
8840,2005-07-29 22:55:38,1484,295,2005-08-06 02:11:38,1,324,2,5,Comedy,3,4.99,11.99,Daisy Bates
3198,2005-06-21 00:08:54,1626,295,2005-06-29 02:11:54,2,355,2,2,Animation,7,0.99,18.99,Daisy Bates
2999,2005-06-20 09:30:34,735,295,2005-06-26 05:51:34,2,160,2,2,Animation,4,0.99,12.99,Daisy Bates
11083,2005-08-02 07:32:01,4395,295,2005-08-08 02:23:01,1,961,1,9,Foreign,7,4.99,22.99,Daisy Bates
8087,2005-07-28 18:21:16,1913,295,2005-08-03 12:38:16,2,416,2,9,Foreign,6,0.99,10.99,Daisy Bates
3496,2005-07-05 23:59:15,2430,295,2005-07-09 19:39:15,2,531,1,9,Foreign,3,0.99,18.99,Daisy Bates
1184,2005-06-15 00:49:36,473,295,2005-06-22 23:39:36,2,104,2,9,Foreign,4,2.99,17.99,Daisy Bates
6331,2005-07-11 19:17:21,1356,295,2005-07-18 18:35:21,2,299,1,16,Travel,4,0.99,9.99,Daisy Bates
5053,2005-07-09 03:59:46,570,295,2005-07-09 23:53:46,2,123,2,16,Travel,6,4.99,22.99,Daisy Bates
2054,2005-06-17 15:26:37,1588,295,2005-06-26 14:22:37,1,348,2,8,Family,7,0.99,9.99,Daisy Bates
4432,2005-07-07 22:40:02,2779,295,2005-07-15 01:46:02,1,610,1,8,Family,7,0.99,17.99,Daisy Bates
371,2005-05-27 08:08:18,1235,295,2005-06-05 03:05:18,2,273,2,8,Family,6,0.99,14.99,Daisy Bates
1935,2005-06-17 07:14:15,1962,295,2005-06-20 05:59:15,1,428,1,8,Family,6,2.99,21.99,Daisy Bates
6252,2005-07-11 15:06:29,1294,295,2005-07-16 14:07:29,1,285,2,14,Sci-Fi,3,0.99,18.99,Daisy Bates
5283,2005-07-09 15:07:17,644,295,2005-07-17 09:52:17,2,140,1,14,Sci-Fi,6,0.99,23.99,Daisy Bates
8108,2005-07-28 19:07:38,1600,295,2005-08-03 15:13:38,2,350,2,14,Sci-Fi,3,4.99,21.99,Daisy Bates
2431,2005-06-18 17:53:03,1383,295,2005-06-25 15:08:03,2,303,2,1,Action,6,0.99,27.99,Daisy Bates
2638,2005-06-19 09:23:30,2944,295,2005-06-26 14:56:30,1,646,2,10,Games,6,0.99,12.99,Daisy Bates
3394,2005-06-21 15:17:39,3393,295,2005-06-30 13:55:39,2,745,1,15,Sports,5,4.99,23.99,Daisy Bates
5019,2005-07-09 02:04:32,3534,295,2005-07-15 07:01:32,2,773,1,15,Sports,6,2.99,28.99,Daisy Bates
9692,2005-07-31 07:11:04,3481,295,2005-08-07 06:34:04,2,763,1,15,Sports,3,4.99,26.99,Daisy Bates
5994,2005-07-11 01:14:10,4287,295,2005-07-12 00:42:10,2,933,1,13,New,4,4.99,11.99,Daisy Bates
10349,2005-08-01 05:27:13,114,295,2005-08-08 10:15:13,1,22,2,13,New,6,2.99,10.99,Daisy Bates
10222,2005-08-01 01:17:42,1214,295,2005-08-08 02:45:42,1,270,1,13,New,7,0.99,29.99,Daisy Bates
10160,2005-07-31 23:07:40,863,295,2005-08-05 23:34:40,1,190,2,4,Classics,5,4.99,23.99,Daisy Bates
9425,2005-07-30 21:11:21,271,295,2005-08-05 19:00:21,1,60,1,4,Classics,3,4.99,22.99,Daisy Bates
10247,2005-08-01 02:34:06,4035,189,2005-08-09 02:33:06,1,879,1,12,Music,3,4.99,20.99,Loretta Carpenter
7790,2005-07-28 07:22:35,2327,189,2005-07-30 02:59:35,1,505,2,3,Children,6,2.99,24.99,Loretta Carpenter
7469,2005-07-27 18:57:40,3723,189,2005-07-31 00:17:40,1,814,2,5,Comedy,6,4.99,15.99,Loretta Carpenter
3813,2005-07-06 15:23:34,4100,189,2005-07-08 19:03:34,1,892,2,2,Animation,3,4.99,18.99,Loretta Carpenter
1541,2005-06-16 01:15:59,1911,189,2005-06-22 21:26:59,2,416,1,9,Foreign,6,0.99,10.99,Loretta Carpenter
1117,2005-05-31 16:15:31,4125,189,2005-06-04 17:20:31,1,897,1,7,Drama,3,4.99,27.99,Loretta Carpenter
6193,2005-07-11 11:46:57,465,189,2005-07-19 14:11:57,2,103,1,16,Travel,7,4.99,27.99,Loretta Carpenter
7675,2005-07-28 02:55:20,153,189,2005-07-31 05:27:20,1,31,2,8,Family,5,4.99,16.99,Loretta Carpenter
3763,2005-07-06 12:56:31,1573,189,2005-07-09 14:49:31,1,345,2,8,Family,3,0.99,17.99,Loretta Carpenter
3346,2005-06-21 11:06:53,4393,189,2005-06-22 15:19:53,2,960,2,6,Documentary,5,2.99,15.99,Loretta Carpenter
9171,2005-07-30 11:36:24,1832,189,2005-08-07 06:04:24,2,397,2,14,Sci-Fi,5,2.99,26.99,Loretta Carpenter
4203,2005-07-07 11:24:14,2743,189,2005-07-11 16:26:14,1,602,1,14,Sci-Fi,5,0.99,14.99,Loretta Carpenter
1834,2005-06-16 22:49:08,4018,189,2005-06-22 21:08:08,1,875,2,15,Sports,6,0.99,9.99,Loretta Carpenter
2905,2005-06-20 02:56:16,3898,189,2005-06-24 23:51:16,2,851,1,15,Sports,3,0.99,19.99,Loretta Carpenter
11059,2005-08-02 06:41:38,428,189,2005-08-09 04:34:38,1,95,1,13,New,5,4.99,18.99,Loretta Carpenter
9506,2005-07-31 00:19:01,3872,189,2005-08-02 00:20:01,1,846,2,13,New,3,4.99,9.99,Loretta Carpenter
3108,2005-06-20 17:28:43,2218,189,2005-06-27 21:23:43,1,480,1,4,Classics,3,2.99,29.99,Loretta Carpenter
9386,2005-07-30 19:26:21,1123,189,2005-08-05 21:00:21,2,249,2,4,Classics,7,0.99,26.99,Loretta Carpenter
2072,2005-06-17 16:33:32,86,261,2005-06-23 13:22:32,1,17,2,12,Music,3,0.99,14.99,Deanna Byrd
10246,2005-08-01 02:29:50,3598,261,2005-08-09 01:17:50,2,786,2,3,Children,7,0.99,14.99,Deanna Byrd
465,2005-05-27 20:44:36,20,261,2005-06-02 02:43:36,1,4,2,11,Horror,5,2.99,26.99,Deanna Byrd
6743,2005-07-12 14:29:25,158,261,2005-07-13 13:13:25,1,34,2,11,Horror,6,0.99,29.99,Deanna Byrd
1760,2005-06-16 17:48:37,3929,261,2005-06-18 16:01:37,2,857,1,5,Comedy,3,2.99,24.99,Deanna Byrd
6515,2005-07-12 03:50:32,706,261,2005-07-15 03:54:32,2,154,2,2,Animation,6,2.99,12.99,Deanna Byrd
3363,2005-06-21 12:25:07,538,261,2005-06-27 11:52:07,2,118,1,2,Animation,7,0.99,26.99,Deanna Byrd
542,2005-05-28 06:42:13,4444,261,2005-06-03 09:05:13,1,971,1,9,Foreign,4,4.99,11.99,Deanna Byrd
792,2005-05-29 16:32:10,2841,261,2005-05-31 18:01:10,1,623,2,9,Foreign,4,0.99,9.99,Deanna Byrd
5122,2005-07-09 07:19:35,1423,261,2005-07-16 03:04:35,2,311,2,9,Foreign,4,0.99,14.99,Deanna Byrd
9552,2005-07-31 02:05:32,3544,261,2005-08-01 06:59:32,1,775,1,7,Drama,4,4.99,18.99,Deanna Byrd
9869,2005-07-31 13:21:54,783,261,2005-08-07 09:09:54,1,172,1,7,Drama,7,4.99,12.99,Deanna Byrd
5449,2005-07-09 22:12:01,921,261,2005-07-18 01:18:01,2,204,2,7,Drama,4,0.99,25.99,Deanna Byrd
12,2005-05-25 00:19:27,1584,261,2005-05-30 05:44:27,2,347,1,16,Travel,7,4.99,17.99,Deanna Byrd
2392,2005-06-18 15:34:18,2213,261,2005-06-19 16:22:18,1,479,1,8,Family,7,0.99,12.99,Deanna Byrd
1988,2005-06-17 10:42:34,3054,261,2005-06-25 11:47:34,2,670,2,6,Documentary,4,4.99,17.99,Deanna Byrd
9842,2005-07-31 12:24:58,2896,261,2005-08-02 11:01:58,2,637,1,14,Sci-Fi,7,4.99,16.99,Deanna Byrd
1877,2005-06-17 02:54:16,3404,261,2005-06-25 21:51:16,2,746,2,10,Games,3,0.99,10.99,Deanna Byrd
5901,2005-07-10 20:22:12,86,165,2005-07-19 16:43:12,2,17,2,12,Music,3,0.99,14.99,Lorraine Stephens
4945,2005-07-08 22:45:02,2079,165,2005-07-11 23:59:02,2,450,2,3,Children,5,2.99,29.99,Lorraine Stephens
2013,2005-06-17 12:03:01,3256,165,2005-06-24 10:04:01,1,716,2,11,Horror,6,2.99,26.99,Lorraine Stephens
9685,2005-07-31 06:49:18,3097,165,2005-08-04 03:19:18,1,680,2,5,Comedy,4,4.99,21.99,Lorraine Stephens
4304,2005-07-07 17:01:19,3382,165,2005-07-12 22:47:19,2,743,1,2,Animation,7,0.99,27.99,Lorraine Stephens
3784,2005-07-06 13:57:56,2287,165,2005-07-14 17:24:56,2,496,1,16,Travel,3,0.99,10.99,Lorraine Stephens
3531,2005-07-06 01:24:08,1890,165,2005-07-11 22:00:08,2,412,1,6,Documentary,6,4.99,25.99,Lorraine Stephens
3195,2005-06-21 00:02:10,2383,165,2005-06-21 23:11:10,2,520,1,14,Sci-Fi,7,2.99,28.99,Lorraine Stephens
9182,2005-07-30 12:06:58,2533,165,2005-08-08 11:33:58,2,556,1,10,Games,6,4.99,26.99,Lorraine Stephens
338,2005-05-27 03:42:52,2596,165,2005-06-01 05:23:52,2,570,2,15,Sports,5,4.99,20.99,Lorraine Stephens
10565,2005-08-01 13:08:27,347,165,2005-08-02 10:30:27,1,77,1,13,New,5,4.99,15.99,Lorraine Stephens
7074,2005-07-27 04:06:24,1390,165,2005-07-28 02:04:24,1,305,1,13,New,6,2.99,24.99,Lorraine Stephens
5472,2005-07-09 23:16:40,865,165,2005-07-10 18:43:40,2,190,2,4,Classics,5,4.99,23.99,Lorraine Stephens
5973,2005-07-11 00:09:17,1194,165,2005-07-14 19:18:17,1,266,1,4,Classics,4,0.99,27.99,Lorraine Stephens
5658,2005-07-10 07:34:08,4402,165,2005-07-19 04:21:08,2,962,1,4,Classics,7,2.99,18.99,Lorraine Stephens
8608,2005-07-29 13:18:52,2976,165,2005-07-30 19:01:52,2,652,1,4,Classics,3,0.99,14.99,Lorraine Stephens
9755,2005-07-31 09:24:55,86,108,2005-08-07 06:00:55,2,17,2,12,Music,3,0.99,14.99,Tracy Cole
5661,2005-07-10 07:53:51,1878,108,2005-07-14 12:57:51,2,409,2,3,Children,3,4.99,9.99,Tracy Cole
4082,2005-07-07 05:11:53,2904,108,2005-07-12 00:55:53,1,638,1,5,Comedy,7,2.99,23.99,Tracy Cole
5274,2005-07-09 14:34:09,4579,108,2005-07-14 13:02:09,1,1000,2,5,Comedy,3,4.99,18.99,Tracy Cole
2061,2005-06-17 15:47:00,4575,108,2005-06-24 16:36:00,2,1000,1,5,Comedy,3,4.99,18.99,Tracy Cole
4303,2005-07-07 16:57:32,818,108,2005-07-14 17:42:32,2,178,1,5,Comedy,6,0.99,25.99,Tracy Cole
6841,2005-07-12 19:04:24,2265,108,2005-07-14 23:58:24,1,489,2,2,Animation,4,0.99,14.99,Tracy Cole
5806,2005-07-10 15:11:54,29,108,2005-07-15 11:51:54,2,6,2,9,Foreign,3,2.99,17.99,Tracy Cole
8846,2005-07-29 23:10:28,2912,108,2005-08-03 22:07:28,2,640,2,9,Foreign,5,4.99,21.99,Tracy Cole
105,2005-05-25 17:54:12,794,108,2005-05-30 12:03:12,2,173,2,7,Drama,7,4.99,25.99,Tracy Cole
1372,2005-06-15 14:45:48,3740,108,2005-06-17 18:02:48,2,818,1,7,Drama,4,4.99,17.99,Tracy Cole
3116,2005-06-20 18:04:55,276,108,2005-06-21 12:12:55,2,61,2,7,Drama,5,4.99,28.99,Tracy Cole
1425,2005-06-15 18:13:46,1308,108,2005-06-18 22:50:46,2,288,2,16,Travel,7,2.99,20.99,Tracy Cole
8587,2005-07-29 12:18:40,1941,108,2005-08-03 14:01:40,1,422,2,14,Sci-Fi,7,4.99,25.99,Tracy Cole
4650,2005-07-08 09:32:08,2850,108,2005-07-15 15:20:08,1,625,1,14,Sci-Fi,3,0.99,18.99,Tracy Cole
2210,2005-06-18 02:27:01,219,108,2005-06-21 00:45:01,1,49,2,14,Sci-Fi,6,2.99,22.99,Tracy Cole
4754,2005-07-08 14:20:01,3177,108,2005-07-11 11:50:01,1,697,2,1,Action,7,0.99,16.99,Tracy Cole
3875,2005-07-06 18:15:39,712,108,2005-07-11 17:34:39,1,155,2,13,New,6,0.99,26.99,Tracy Cole
8329,2005-07-29 04:06:33,3468,108,2005-08-06 01:46:33,1,760,2,13,New,5,2.99,21.99,Tracy Cole
1055,2005-05-31 07:47:18,1639,108,2005-06-03 01:57:18,1,358,1,4,Classics,5,0.99,29.99,Tracy Cole
7823,2005-07-28 08:32:53,84,428,2005-08-06 11:59:53,1,17,2,12,Music,3,0.99,14.99,Herbert Kruger
9982,2005-07-31 17:09:02,2698,428,2005-08-02 13:02:02,2,592,2,12,Music,6,2.99,28.99,Herbert Kruger
3925,2005-07-06 20:41:44,2653,428,2005-07-15 21:05:44,2,581,1,12,Music,4,0.99,16.99,Herbert Kruger
1471,2005-06-15 20:53:26,565,428,2005-06-24 18:25:26,2,122,2,11,Horror,7,0.99,11.99,Herbert Kruger
8387,2005-07-29 05:47:27,910,428,2005-07-31 06:26:27,1,202,1,5,Comedy,5,4.99,26.99,Herbert Kruger
3377,2005-06-21 13:51:12,1845,428,2005-06-22 18:16:12,1,402,1,2,Animation,3,0.99,15.99,Herbert Kruger
2677,2005-06-19 12:01:59,4384,428,2005-06-21 06:15:59,2,958,1,7,Drama,6,2.99,19.99,Herbert Kruger
6735,2005-07-12 14:08:20,276,428,2005-07-18 09:41:20,2,61,2,7,Drama,5,4.99,28.99,Herbert Kruger
10888,2005-08-02 00:52:45,2412,428,2005-08-03 03:07:45,1,526,2,16,Travel,7,2.99,10.99,Herbert Kruger
3702,2005-07-06 10:13:56,2204,428,2005-07-10 08:12:56,1,476,2,8,Family,5,2.99,9.99,Herbert Kruger
1227,2005-06-15 03:50:03,654,428,2005-06-21 23:48:03,2,142,1,6,Documentary,3,0.99,24.99,Herbert Kruger
8528,2005-07-29 10:24:22,2107,428,2005-08-07 10:34:22,1,457,1,6,Documentary,5,0.99,21.99,Herbert Kruger
4151,2005-07-07 08:49:02,4564,428,2005-07-11 05:19:02,1,996,1,6,Documentary,6,0.99,9.99,Herbert Kruger
5373,2005-07-09 18:48:57,950,428,2005-07-10 16:34:57,1,212,1,1,Action,7,4.99,14.99,Herbert Kruger
8155,2005-07-28 20:57:06,3023,428,2005-08-02 18:40:06,2,664,1,1,Action,6,2.99,12.99,Herbert Kruger
1601,2005-06-16 06:11:13,3115,428,2005-06-21 08:57:13,2,684,2,10,Games,4,2.99,11.99,Herbert Kruger
634,2005-05-28 17:40:35,2630,428,2005-06-05 16:18:35,2,577,1,15,Sports,4,0.99,10.99,Herbert Kruger
9904,2005-07-31 14:34:17,4089,428,2005-08-08 17:19:17,1,891,1,4,Classics,3,0.99,13.99,Herbert Kruger
10577,2005-08-01 13:46:38,2240,428,2005-08-06 11:35:38,2,484,2,4,Classics,3,2.99,13.99,Herbert Kruger
8271,2005-07-29 01:27:44,83,481,2005-08-07 05:01:44,2,17,1,12,Music,3,0.99,14.99,Herman Devore
9481,2005-07-30 23:26:05,613,481,2005-08-04 17:46:05,1,133,1,12,Music,7,4.99,14.99,Herman Devore
7836,2005-07-28 08:55:27,1770,481,2005-08-05 09:35:27,1,384,2,12,Music,5,4.99,19.99,Herman Devore
4532,2005-07-08 03:30:39,4012,481,2005-07-11 21:49:39,1,873,2,3,Children,3,0.99,13.99,Herman Devore
4473,2005-07-08 00:22:10,1387,481,2005-07-09 21:11:10,1,304,1,3,Children,3,2.99,28.99,Herman Devore
2296,2005-06-18 08:10:42,4558,481,2005-06-20 12:26:42,2,995,1,11,Horror,5,4.99,11.99,Herman Devore
3293,2005-06-21 06:59:33,4407,481,2005-06-25 06:54:33,2,963,2,2,Animation,5,0.99,12.99,Herman Devore
4668,2005-07-08 10:11:45,3971,481,2005-07-17 13:01:45,2,865,1,2,Animation,3,4.99,19.99,Herman Devore
3863,2005-07-06 17:40:18,363,481,2005-07-07 17:58:18,2,79,2,7,Drama,5,0.99,10.99,Herman Devore
10018,2005-07-31 18:15:14,3708,481,2005-08-05 14:44:14,2,811,1,16,Travel,4,2.99,29.99,Herman Devore
1109,2005-05-31 15:12:15,2031,481,2005-06-09 16:21:15,1,442,1,8,Family,6,2.99,24.99,Herman Devore
1168,2005-06-14 23:35:09,4368,481,2005-06-19 03:20:09,1,952,1,6,Documentary,7,2.99,17.99,Herman Devore
7228,2005-07-27 09:55:33,1693,481,2005-07-29 04:33:33,2,369,1,14,Sci-Fi,4,4.99,22.99,Herman Devore
5711,2005-07-10 10:37:20,3988,481,2005-07-13 11:20:20,1,869,2,1,Action,4,2.99,22.99,Herman Devore
8243,2005-07-29 00:35:33,1873,481,2005-08-04 06:02:33,2,408,2,10,Games,4,4.99,28.99,Herman Devore
4505,2005-07-08 02:20:04,1864,481,2005-07-14 20:28:04,2,406,2,10,Games,5,0.99,22.99,Herman Devore
3285,2005-06-21 06:30:13,948,481,2005-06-23 10:31:13,2,211,1,10,Games,7,4.99,20.99,Herman Devore
6044,2005-07-11 03:18:39,1270,481,2005-07-13 06:58:39,2,281,2,10,Games,6,0.99,9.99,Herman Devore
718,2005-05-29 04:52:23,1736,498,2005-06-02 02:27:23,1,378,1,12,Music,5,2.99,24.99,Gene Sanborn
10225,2005-08-01 01:38:40,3131,498,2005-08-06 20:00:40,1,688,2,3,Children,6,0.99,12.99,Gene Sanborn
4972,2005-07-08 23:56:09,2451,498,2005-07-16 19:15:09,1,535,1,11,Horror,6,0.99,21.99,Gene Sanborn
3360,2005-06-21 12:12:41,2792,498,2005-06-26 06:32:41,1,613,1,5,Comedy,5,0.99,19.99,Gene Sanborn
2449,2005-06-18 19:18:36,3630,498,2005-06-27 23:49:36,1,792,2,9,Foreign,7,2.99,15.99,Gene Sanborn
9689,2005-07-31 07:00:08,819,498,2005-08-04 03:33:08,2,179,1,7,Drama,4,4.99,14.99,Gene Sanborn
5884,2005-07-10 19:31:38,916,498,2005-07-11 20:30:38,1,204,1,7,Drama,4,0.99,25.99,Gene Sanborn
5286,2005-07-09 15:11:41,483,498,2005-07-10 19:19:41,2,107,2,7,Drama,4,2.99,13.99,Gene Sanborn
3828,2005-07-06 15:57:30,4493,498,2005-07-10 12:17:30,2,981,2,16,Travel,7,0.99,13.99,Gene Sanborn
9021,2005-07-30 05:34:24,674,498,2005-08-03 04:13:24,1,147,1,8,Family,5,0.99,16.99,Gene Sanborn
7341,2005-07-27 14:23:55,3567,498,2005-07-28 14:11:55,2,780,2,8,Family,7,4.99,15.99,Gene Sanborn
49,2005-05-25 06:39:35,2965,498,2005-05-30 10:12:35,2,650,1,6,Documentary,3,0.99,27.99,Gene Sanborn
7286,2005-07-27 12:23:49,3452,498,2005-08-04 07:57:49,1,757,1,6,Documentary,4,2.99,28.99,Gene Sanborn
7285,2005-07-27 12:14:06,2855,498,2005-08-03 14:57:06,2,625,2,14,Sci-Fi,3,0.99,18.99,Gene Sanborn
1253,2005-06-15 06:06:33,3242,498,2005-06-21 04:13:33,2,711,2,14,Sci-Fi,4,4.99,18.99,Gene Sanborn
8229,2005-07-29 00:09:08,4272,498,2005-07-31 19:29:08,2,930,1,14,Sci-Fi,4,2.99,23.99,Gene Sanborn
6088,2005-07-11 05:40:35,3796,498,2005-07-17 07:14:35,2,831,1,14,Sci-Fi,5,0.99,20.99,Gene Sanborn
6058,2005-07-11 04:03:51,3761,498,2005-07-14 03:52:51,1,823,1,1,Action,4,2.99,21.99,Gene Sanborn
1782,2005-06-16 19:21:12,1820,498,2005-06-22 16:03:12,2,395,2,1,Action,4,0.99,28.99,Gene Sanborn
4311,2005-07-07 17:31:14,2985,498,2005-07-11 19:21:14,2,654,2,10,Games,4,4.99,19.99,Gene Sanborn
3098,2005-06-20 16:37:01,3409,498,2005-06-22 22:24:01,1,747,2,10,Games,5,0.99,9.99,Gene Sanborn
2344,2005-06-18 12:01:47,2015,498,2005-06-19 11:56:47,2,438,2,10,Games,3,2.99,22.99,Gene Sanborn
429,2005-05-27 16:21:26,129,498,2005-06-05 20:23:26,2,25,2,13,New,3,2.99,15.99,Gene Sanborn
8020,2005-07-28 15:43:32,4459,498,2005-08-05 12:19:32,1,974,1,13,New,4,0.99,24.99,Gene Sanborn
3856,2005-07-06 17:04:46,3083,498,2005-07-14 19:23:46,2,677,2,13,New,6,0.99,25.99,Gene Sanborn
5979,2005-07-11 00:17:09,1736,251,2005-07-14 00:38:09,1,378,1,12,Music,5,2.99,24.99,Vickie Brewer
3464,2005-06-21 22:08:58,2698,251,2005-06-26 16:23:58,2,592,2,12,Music,6,2.99,28.99,Vickie Brewer
9196,2005-07-30 12:30:19,4298,251,2005-07-31 18:01:19,2,936,2,12,Music,3,2.99,21.99,Vickie Brewer
309,2005-05-26 22:38:10,1946,251,2005-06-02 03:10:10,2,424,1,3,Children,6,0.99,12.99,Vickie Brewer
2238,2005-06-18 04:22:06,2859,251,2005-06-27 03:29:06,2,626,2,3,Children,5,2.99,12.99,Vickie Brewer
393,2005-05-27 11:18:25,145,251,2005-05-28 07:10:25,2,30,1,11,Horror,4,2.99,27.99,Vickie Brewer
1069,2005-05-31 09:32:31,3057,251,2005-06-08 10:19:31,2,672,1,5,Comedy,7,2.99,17.99,Vickie Brewer
4848,2005-07-08 18:30:16,2962,251,2005-07-12 19:53:16,2,649,2,2,Animation,4,2.99,14.99,Vickie Brewer
4026,2005-07-07 02:15:48,4142,251,2005-07-14 04:15:48,2,900,1,9,Foreign,6,2.99,17.99,Vickie Brewer
9892,2005-07-31 14:06:25,1045,251,2005-08-03 18:11:25,2,233,1,16,Travel,3,0.99,17.99,Vickie Brewer
3799,2005-07-06 15:00:14,4532,251,2005-07-10 15:39:14,1,989,1,16,Travel,4,4.99,22.99,Vickie Brewer
5012,2005-07-09 01:45:04,1456,251,2005-07-12 02:13:04,1,319,2,14,Sci-Fi,4,2.99,22.99,Vickie Brewer
264,2005-05-26 16:00:49,2069,251,2005-05-27 10:12:49,2,449,2,14,Sci-Fi,4,2.99,12.99,Vickie Brewer
6413,2005-07-11 23:26:11,4446,251,2005-07-17 21:58:11,2,972,1,14,Sci-Fi,4,4.99,24.99,Vickie Brewer
10575,2005-08-01 13:41:41,4447,251,2005-08-08 11:30:41,1,972,1,14,Sci-Fi,4,4.99,24.99,Vickie Brewer
8443,2005-07-29 07:33:12,1059,251,2005-08-02 01:36:12,2,235,2,14,Sci-Fi,6,2.99,13.99,Vickie Brewer
7338,2005-07-27 14:13:34,107,251,2005-08-03 18:36:34,2,21,2,1,Action,3,4.99,17.99,Vickie Brewer
8982,2005-07-30 04:31:02,1128,251,2005-07-31 04:22:02,1,250,2,1,Action,4,0.99,26.99,Vickie Brewer
3422,2005-06-21 17:24:40,2724,251,2005-06-29 13:59:40,2,597,2,10,Games,5,4.99,12.99,Vickie Brewer
1155,2005-05-31 22:17:11,2048,251,2005-06-04 20:27:11,2,445,1,4,Classics,5,2.99,11.99,Vickie Brewer
1091,2005-05-31 12:11:04,3853,251,2005-06-04 11:42:04,1,843,2,4,Classics,4,4.99,15.99,Vickie Brewer
1611,2005-06-16 06:41:35,1739,393,2005-06-25 06:13:35,2,378,2,12,Music,5,2.99,24.99,Philip Causey
6221,2005-07-11 13:24:27,1699,393,2005-07-15 17:51:27,1,370,1,3,Children,4,2.99,26.99,Philip Causey
4275,2005-07-07 14:43:51,1167,393,2005-07-15 18:04:51,2,258,2,11,Horror,6,0.99,11.99,Philip Causey
2219,2005-06-18 03:16:54,1881,393,2005-06-22 01:29:54,1,410,1,5,Comedy,7,2.99,19.99,Philip Causey
10158,2005-07-31 22:40:31,1626,393,2005-08-08 18:25:31,2,355,2,2,Animation,7,0.99,18.99,Philip Causey
4546,2005-07-08 04:18:36,4507,393,2005-07-17 08:23:36,1,984,1,9,Foreign,3,2.99,20.99,Philip Causey
4632,2005-07-08 08:38:57,4330,393,2005-07-15 09:33:57,1,944,2,7,Drama,6,4.99,29.99,Philip Causey
5099,2005-07-09 06:14:30,768,393,2005-07-12 08:23:30,2,167,2,16,Travel,6,4.99,10.99,Philip Causey
6930,2005-07-26 23:00:01,2989,393,2005-08-04 01:57:01,2,655,2,14,Sci-Fi,5,4.99,22.99,Philip Causey
6513,2005-07-12 03:44:43,2671,393,2005-07-13 05:54:43,1,586,2,1,Action,4,0.99,27.99,Philip Causey
8004,2005-07-28 15:14:07,4428,393,2005-07-30 19:32:07,2,968,1,1,Action,6,4.99,19.99,Philip Causey
1915,2005-06-17 05:28:28,2620,393,2005-06-21 07:12:28,2,574,2,1,Action,3,0.99,19.99,Philip Causey
3001,2005-06-20 09:50:16,2941,393,2005-06-28 05:13:16,2,646,1,10,Games,6,0.99,12.99,Philip Causey
886,2005-05-30 06:54:51,4356,393,2005-06-01 06:04:51,2,949,1,10,Games,6,0.99,27.99,Philip Causey
2319,2005-06-18 09:24:22,1521,393,2005-06-26 14:12:22,2,331,2,10,Games,6,2.99,25.99,Philip Causey
599,2005-05-28 14:05:57,4136,393,2005-06-01 16:41:57,2,898,2,15,Sports,4,4.99,18.99,Philip Causey
8448,2005-07-29 07:41:54,4349,393,2005-08-02 13:12:54,1,948,2,13,New,6,0.99,22.99,Philip Causey
4791,2005-07-08 16:27:24,2505,393,2005-07-14 21:50:24,2,551,1,13,New,3,4.99,9.99,Philip Causey
9763,2005-07-31 09:34:03,126,393,2005-08-08 05:30:03,1,25,1,13,New,3,2.99,15.99,Philip Causey
7486,2005-07-27 19:29:24,4362,393,2005-08-02 20:46:24,2,951,2,4,Classics,6,0.99,28.99,Philip Causey
5420,2005-07-09 20:48:42,1739,80,2005-07-15 21:35:42,2,378,2,12,Music,5,2.99,24.99,Marilyn Ross
4299,2005-07-07 16:33:48,870,80,2005-07-16 11:48:48,1,191,2,3,Children,6,0.99,27.99,Marilyn Ross
5452,2005-07-09 22:23:21,2036,80,2005-07-17 00:20:21,1,443,2,5,Comedy,6,2.99,11.99,Marilyn Ross
7558,2005-07-27 22:19:08,550,80,2005-07-30 21:31:08,1,119,2,5,Comedy,6,0.99,22.99,Marilyn Ross
3367,2005-06-21 13:08:21,2442,80,2005-06-26 08:43:21,2,533,1,9,Foreign,4,2.99,21.99,Marilyn Ross
6199,2005-07-11 12:16:03,4329,80,2005-07-18 15:33:03,2,944,1,7,Drama,6,4.99,29.99,Marilyn Ross
8509,2005-07-29 09:38:19,1332,80,2005-08-04 11:45:19,1,294,2,16,Travel,5,4.99,26.99,Marilyn Ross
10690,2005-08-01 18:05:54,807,80,2005-08-10 21:43:54,2,175,2,8,Family,3,2.99,27.99,Marilyn Ross
8884,2005-07-30 00:26:22,3050,80,2005-08-05 03:24:22,1,670,1,6,Documentary,4,4.99,17.99,Marilyn Ross
10656,2005-08-01 16:38:04,2571,80,2005-08-09 19:37:04,2,563,1,10,Games,6,4.99,16.99,Marilyn Ross
4688,2005-07-08 11:03:29,3574,80,2005-07-17 15:41:29,2,782,1,15,Sports,6,2.99,26.99,Marilyn Ross
6417,2005-07-11 23:35:11,3042,80,2005-07-18 20:00:11,2,667,2,15,Sports,3,2.99,20.99,Marilyn Ross
2805,2005-06-19 19:29:17,2153,80,2005-06-27 23:14:17,2,465,2,13,New,4,4.99,17.99,Marilyn Ross
6707,2005-07-12 13:07:55,406,80,2005-07-16 16:26:55,2,90,1,13,New,3,0.99,11.99,Marilyn Ross
3623,2005-07-06 06:05:23,430,80,2005-07-07 05:59:23,1,95,2,13,New,5,4.99,18.99,Marilyn Ross
4268,2005-07-07 14:36:05,432,80,2005-07-16 14:36:05,1,95,2,13,New,5,4.99,18.99,Marilyn Ross
10313,2005-08-01 04:29:29,1194,80,2005-08-04 08:12:29,2,266,1,4,Classics,4,0.99,27.99,Marilyn Ross
2596,2005-06-19 05:48:26,2229,80,2005-06-24 10:16:26,1,482,1,4,Classics,3,0.99,12.99,Marilyn Ross
3101,2005-06-20 16:48:58,1738,384,2005-06-27 18:13:58,2,378,1,12,Music,5,2.99,24.99,Ernest Stepp
1013,2005-05-31 02:37:00,4522,384,2005-06-02 06:39:00,2,987,1,12,Music,3,2.99,13.99,Ernest Stepp
5966,2005-07-10 23:59:27,2076,384,2005-07-14 23:38:27,2,450,2,3,Children,5,2.99,29.99,Ernest Stepp
103,2005-05-25 17:30:42,3343,384,2005-06-03 22:36:42,1,735,1,3,Children,7,2.99,26.99,Ernest Stepp
5797,2005-07-10 14:43:52,1880,384,2005-07-13 16:12:52,2,409,2,3,Children,3,4.99,9.99,Ernest Stepp
2935,2005-06-20 05:07:24,2735,384,2005-06-28 09:17:24,2,600,1,11,Horror,5,0.99,16.99,Ernest Stepp
8445,2005-07-29 07:37:48,2792,384,2005-08-04 10:43:48,1,613,1,5,Comedy,5,0.99,19.99,Ernest Stepp
2020,2005-06-17 12:39:50,1914,384,2005-06-19 14:59:50,1,416,2,9,Foreign,6,0.99,10.99,Ernest Stepp
5250,2005-07-09 13:35:32,2162,384,2005-07-13 12:19:32,1,467,2,9,Foreign,6,0.99,10.99,Ernest Stepp
7799,2005-07-28 07:42:09,2163,384,2005-08-02 10:02:09,2,467,2,9,Foreign,6,0.99,10.99,Ernest Stepp
6387,2005-07-11 22:15:56,1726,384,2005-07-14 20:20:56,2,376,2,9,Foreign,4,0.99,20.99,Ernest Stepp
279,2005-05-26 18:02:50,661,384,2005-06-03 18:48:50,2,143,1,7,Drama,6,0.99,17.99,Ernest Stepp
4424,2005-07-07 22:14:43,662,384,2005-07-11 01:17:43,1,143,1,7,Drama,6,0.99,17.99,Ernest Stepp
898,2005-05-30 09:26:19,3497,384,2005-06-01 10:45:19,2,766,1,7,Drama,5,0.99,25.99,Ernest Stepp
3088,2005-06-20 15:56:05,3049,384,2005-06-29 13:02:05,1,670,1,6,Documentary,4,4.99,17.99,Ernest Stepp
1961,2005-06-17 09:02:58,2851,384,2005-06-20 03:07:58,1,625,1,14,Sci-Fi,3,0.99,18.99,Ernest Stepp
2510,2005-06-18 23:44:21,3827,384,2005-06-24 00:31:21,1,838,2,1,Action,5,4.99,25.99,Ernest Stepp
2378,2005-06-18 14:57:49,2796,384,2005-06-26 18:23:49,2,614,1,10,Games,5,4.99,11.99,Ernest Stepp
5608,2005-07-10 05:08:26,3854,384,2005-07-10 23:24:26,1,843,2,4,Classics,4,4.99,15.99,Ernest Stepp
7367,2005-07-27 15:05:45,1738,383,2005-08-02 13:46:45,1,378,1,12,Music,5,2.99,24.99,Martin Bales
8635,2005-07-29 14:22:48,2894,383,2005-08-01 11:59:48,2,636,1,12,Music,5,0.99,12.99,Martin Bales
9678,2005-07-31 06:40:47,3430,383,2005-08-02 00:57:47,2,752,2,12,Music,6,0.99,27.99,Martin Bales
63,2005-05-25 09:19:16,4008,383,2005-05-27 04:24:16,1,873,1,3,Children,3,0.99,13.99,Martin Bales
2318,2005-06-18 09:13:54,2328,383,2005-06-23 07:19:54,1,505,2,3,Children,6,2.99,24.99,Martin Bales
8367,2005-07-29 05:11:19,4551,383,2005-08-02 00:35:19,1,993,2,3,Children,6,2.99,10.99,Martin Bales
10993,2005-08-02 04:45:01,292,383,2005-08-04 03:32:01,1,66,1,3,Children,6,0.99,27.99,Martin Bales
6091,2005-07-11 05:49:18,580,383,2005-07-15 07:26:18,1,127,1,5,Comedy,5,4.99,14.99,Martin Bales
9653,2005-07-31 05:55:38,1451,383,2005-08-03 09:35:38,2,317,2,5,Comedy,4,0.99,25.99,Martin Bales
3091,2005-06-20 16:02:59,854,383,2005-06-22 21:30:59,2,188,1,5,Comedy,7,2.99,24.99,Martin Bales
2252,2005-06-18 05:05:18,1987,383,2005-06-21 08:19:18,1,433,1,2,Animation,4,2.99,23.99,Martin Bales
4747,2005-07-08 13:53:01,3942,383,2005-07-12 17:10:01,2,859,2,2,Animation,3,4.99,20.99,Martin Bales
10515,2005-08-01 11:41:33,874,383,2005-08-08 06:23:33,2,193,1,2,Animation,5,2.99,20.99,Martin Bales
6775,2005-07-12 16:01:44,2909,383,2005-07-19 14:11:44,1,639,2,8,Family,7,4.99,9.99,Martin Bales
1831,2005-06-16 22:22:17,2610,383,2005-06-25 23:23:17,2,572,2,14,Sci-Fi,4,2.99,9.99,Martin Bales
766,2005-05-29 11:47:02,2154,383,2005-06-06 07:14:02,1,465,2,13,New,4,4.99,17.99,Martin Bales
2228,2005-06-18 03:44:50,490,383,2005-06-23 00:28:50,1,109,2,13,New,3,0.99,17.99,Martin Bales
10971,2005-08-02 04:08:17,2789,383,2005-08-09 00:02:17,1,611,2,4,Classics,7,4.99,17.99,Martin Bales
2609,2005-06-19 07:13:12,2254,383,2005-06-28 12:30:12,2,487,2,4,Classics,6,4.99,29.99,Martin Bales
6244,2005-07-11 14:53:38,1558,383,2005-07-12 16:42:38,1,341,2,4,Classics,5,0.99,13.99,Martin Bales
4422,2005-07-07 22:09:45,1741,345,2005-07-10 01:43:45,1,378,2,12,Music,5,2.99,24.99,Carl Artis
7092,2005-07-27 04:46:00,1433,345,2005-08-03 07:22:00,2,313,2,11,Horror,5,4.99,11.99,Carl Artis
2766,2005-06-19 17:45:15,3421,345,2005-06-23 20:11:15,2,749,2,11,Horror,6,4.99,19.99,Carl Artis
9163,2005-07-30 11:23:22,4562,345,2005-07-31 07:34:22,2,995,2,11,Horror,5,4.99,11.99,Carl Artis
1457,2005-06-15 20:05:49,730,345,2005-06-19 15:35:49,1,159,2,5,Comedy,5,4.99,12.99,Carl Artis
363,2005-05-27 07:14:00,4282,345,2005-05-28 12:22:00,2,932,1,5,Comedy,3,0.99,21.99,Carl Artis
4450,2005-07-07 23:20:05,1252,345,2005-07-13 19:50:05,2,276,1,5,Comedy,6,4.99,28.99,Carl Artis
4425,2005-07-07 22:22:44,877,345,2005-07-08 22:23:44,2,193,2,2,Animation,5,2.99,20.99,Carl Artis
8694,2005-07-29 16:44:48,503,345,2005-08-06 16:28:48,1,112,1,9,Foreign,4,4.99,22.99,Carl Artis
6307,2005-07-11 18:04:29,4029,345,2005-07-17 23:40:29,2,878,2,16,Travel,3,4.99,25.99,Carl Artis
10215,2005-08-01 01:04:28,838,345,2005-08-09 21:43:28,2,183,2,8,Family,4,4.99,14.99,Carl Artis
1210,2005-06-15 02:57:51,7,345,2005-06-20 01:41:51,2,1,2,6,Documentary,6,0.99,20.99,Carl Artis
206,2005-05-26 08:01:54,1717,345,2005-05-27 06:26:54,1,374,2,14,Sci-Fi,3,0.99,29.99,Carl Artis
9207,2005-07-30 12:49:57,1346,345,2005-07-31 14:32:57,2,296,1,14,Sci-Fi,5,2.99,23.99,Carl Artis
8129,2005-07-28 19:47:02,2546,345,2005-07-31 21:33:02,2,559,1,14,Sci-Fi,7,2.99,22.99,Carl Artis
10982,2005-08-02 04:19:11,2508,345,2005-08-04 00:20:11,2,551,2,13,New,3,4.99,9.99,Carl Artis
1550,2005-06-16 01:58:35,2003,345,2005-06-18 23:56:35,1,436,2,13,New,4,0.99,14.99,Carl Artis
5508,2005-07-10 00:50:01,2977,345,2005-07-16 19:07:01,1,652,1,4,Classics,3,0.99,14.99,Carl Artis
8833,2005-07-29 22:39:36,1741,101,2005-08-05 21:19:36,1,378,2,12,Music,5,2.99,24.99,Peggy Myers
7112,2005-07-27 05:38:42,4056,101,2005-08-03 05:35:42,1,883,2,3,Children,6,4.99,17.99,Peggy Myers
5100,2005-07-09 06:16:03,3193,101,2005-07-10 10:21:03,1,702,1,11,Horror,4,2.99,12.99,Peggy Myers
8301,2005-07-29 03:00:08,562,101,2005-08-01 04:26:08,2,122,1,11,Horror,7,0.99,11.99,Peggy Myers
10253,2005-08-01 02:39:49,1406,101,2005-08-08 04:28:49,2,308,1,5,Comedy,3,2.99,13.99,Peggy Myers
10218,2005-08-01 01:09:44,3886,101,2005-08-05 20:08:44,1,849,2,2,Animation,6,0.99,28.99,Peggy Myers
468,2005-05-27 21:13:10,2656,101,2005-06-04 15:26:10,2,583,1,2,Animation,3,4.99,26.99,Peggy Myers
4975,2005-07-09 00:02:46,3730,101,2005-07-14 18:05:46,2,816,1,2,Animation,3,0.99,27.99,Peggy Myers
10407,2005-08-01 07:38:07,543,101,2005-08-02 05:38:07,2,118,2,2,Animation,7,0.99,26.99,Peggy Myers
6433,2005-07-12 00:12:02,1357,101,2005-07-21 04:25:02,2,299,1,16,Travel,4,0.99,9.99,Peggy Myers
5757,2005-07-10 12:40:17,1827,101,2005-07-12 14:02:17,1,397,1,14,Sci-Fi,5,2.99,26.99,Peggy Myers
7866,2005-07-28 10:08:01,1602,101,2005-08-04 09:29:01,2,350,2,14,Sci-Fi,3,4.99,21.99,Peggy Myers
5198,2005-07-09 10:49:10,218,101,2005-07-13 04:52:10,1,49,1,14,Sci-Fi,6,2.99,22.99,Peggy Myers
8825,2005-07-29 22:24:16,881,101,2005-08-05 00:27:16,2,194,1,1,Action,6,0.99,22.99,Peggy Myers
9965,2005-07-31 16:19:32,3946,101,2005-08-05 20:18:32,2,861,1,10,Games,3,4.99,12.99,Peggy Myers
5132,2005-07-09 07:40:32,4158,101,2005-07-16 02:16:32,2,902,2,15,Sports,6,4.99,22.99,Peggy Myers
10228,2005-08-01 01:43:18,1742,106,2005-08-06 22:10:18,2,378,2,12,Music,5,2.99,24.99,Connie Wallace
7224,2005-07-27 09:44:26,2701,106,2005-08-05 12:46:26,2,593,2,11,Horror,6,0.99,13.99,Connie Wallace
7483,2005-07-27 19:25:00,3678,106,2005-07-29 21:19:00,2,804,2,11,Horror,7,4.99,13.99,Connie Wallace
9072,2005-07-30 07:45:49,4536,106,2005-08-04 10:00:49,1,990,2,11,Horror,3,0.99,13.99,Connie Wallace
3023,2005-06-20 11:18:11,4304,106,2005-06-21 12:43:11,1,938,1,5,Comedy,3,4.99,14.99,Connie Wallace
8115,2005-07-28 19:14:17,2080,106,2005-08-03 14:58:17,2,451,1,16,Travel,7,4.99,12.99,Connie Wallace
4665,2005-07-08 10:04:24,575,106,2005-07-14 15:13:24,1,125,2,16,Travel,5,2.99,19.99,Connie Wallace
552,2005-05-28 07:53:38,23,106,2005-06-04 12:45:38,2,5,2,8,Family,6,2.99,22.99,Connie Wallace
2295,2005-06-18 07:56:18,3250,106,2005-06-21 07:10:18,1,715,2,8,Family,3,4.99,25.99,Connie Wallace
1156,2005-05-31 22:37:34,460,106,2005-06-01 23:02:34,2,101,1,6,Documentary,3,0.99,26.99,Connie Wallace
10444,2005-08-01 09:01:40,3242,106,2005-08-09 11:31:40,1,711,2,14,Sci-Fi,4,4.99,18.99,Connie Wallace
6992,2005-07-27 01:04:45,3411,106,2005-07-28 02:34:45,2,748,1,1,Action,4,0.99,16.99,Connie Wallace
4229,2005-07-07 12:43:23,953,106,2005-07-13 15:00:23,2,212,2,1,Action,7,4.99,14.99,Connie Wallace
5453,2005-07-09 22:24:11,1780,106,2005-07-19 04:08:11,1,387,1,10,Games,7,0.99,27.99,Connie Wallace
10213,2005-08-01 01:03:18,1462,106,2005-08-09 20:07:18,1,320,2,13,New,4,4.99,28.99,Connie Wallace
4277,2005-07-07 14:52:12,1983,106,2005-07-09 13:10:12,1,432,2,4,Classics,4,2.99,22.99,Connie Wallace
9747,2005-07-31 09:16:57,2455,106,2005-08-08 06:47:57,2,536,1,4,Classics,3,2.99,18.99,Connie Wallace
4993,2005-07-09 00:49:47,1740,517,2005-07-11 21:19:47,1,378,2,12,Music,5,2.99,24.99,Brad Mccurdy
10063,2005-07-31 19:25:13,3003,517,2005-08-09 15:55:13,1,658,2,11,Horror,7,2.99,19.99,Brad Mccurdy
7988,2005-07-28 14:37:18,2906,517,2005-08-05 10:53:18,1,638,2,5,Comedy,7,2.99,23.99,Brad Mccurdy
1809,2005-06-16 21:00:20,1071,517,2005-06-25 20:25:20,1,239,1,2,Animation,5,4.99,16.99,Brad Mccurdy
10433,2005-08-01 08:45:56,1508,517,2005-08-05 09:46:56,2,330,1,2,Animation,7,4.99,22.99,Brad Mccurdy
4934,2005-07-08 22:18:42,1744,517,2005-07-10 20:44:42,2,379,2,7,Drama,7,0.99,14.99,Brad Mccurdy
850,2005-05-30 01:35:12,2390,517,2005-05-31 01:51:12,1,521,2,7,Drama,7,4.99,28.99,Brad Mccurdy
3113,2005-06-20 17:56:40,3620,517,2005-06-23 14:45:40,1,790,2,7,Drama,6,0.99,22.99,Brad Mccurdy
10358,2005-08-01 05:50:07,3039,517,2005-08-03 08:18:07,1,666,2,7,Drama,4,4.99,27.99,Brad Mccurdy
4094,2005-07-07 06:00:21,2412,517,2005-07-10 03:24:21,2,526,2,16,Travel,7,2.99,10.99,Brad Mccurdy
1653,2005-06-16 09:34:45,2294,517,2005-06-18 09:13:45,1,499,1,8,Family,3,4.99,24.99,Brad Mccurdy
2534,2005-06-19 01:38:39,2540,517,2005-06-23 00:16:39,1,557,1,8,Family,5,2.99,27.99,Brad Mccurdy
4369,2005-07-07 20:01:38,3552,517,2005-07-13 01:19:38,2,776,2,6,Documentary,6,4.99,11.99,Brad Mccurdy
6594,2005-07-12 07:25:43,4458,517,2005-07-13 07:59:43,1,973,2,6,Documentary,3,4.99,27.99,Brad Mccurdy
5206,2005-07-09 11:11:01,692,517,2005-07-17 07:23:01,2,151,2,14,Sci-Fi,5,4.99,26.99,Brad Mccurdy
5974,2005-07-11 00:10:37,3984,517,2005-07-18 18:48:37,2,869,1,1,Action,4,2.99,22.99,Brad Mccurdy
4109,2005-07-07 06:39:43,532,517,2005-07-10 06:30:43,1,117,1,10,Games,6,4.99,15.99,Brad Mccurdy
4374,2005-07-07 20:13:58,4377,517,2005-07-11 18:11:58,2,956,1,10,Games,7,4.99,23.99,Brad Mccurdy
6903,2005-07-12 21:58:15,3690,517,2005-07-14 01:38:15,2,807,1,10,Games,4,0.99,25.99,Brad Mccurdy
1850,2005-06-17 00:31:35,761,517,2005-06-25 05:19:35,1,166,1,4,Classics,6,2.99,19.99,Brad Mccurdy
9743,2005-07-31 09:12:42,1740,476,2005-08-06 11:57:42,2,378,2,12,Music,5,2.99,24.99,Derrick Bourque
1682,2005-06-16 11:54:25,2165,476,2005-06-22 11:09:25,2,468,1,3,Children,5,2.99,12.99,Derrick Bourque
5644,2005-07-10 06:57:44,4069,476,2005-07-15 03:52:44,2,887,1,2,Animation,5,4.99,28.99,Derrick Bourque
771,2005-05-29 12:59:14,353,476,2005-06-01 16:05:14,2,78,1,2,Animation,7,2.99,12.99,Derrick Bourque
6151,2005-07-11 09:25:17,352,476,2005-07-12 05:11:17,1,78,1,2,Animation,7,2.99,12.99,Derrick Bourque
8146,2005-07-28 20:37:36,2430,476,2005-07-31 16:03:36,2,531,1,9,Foreign,3,0.99,18.99,Derrick Bourque
9325,2005-07-30 17:29:19,1938,476,2005-08-08 12:55:19,2,421,2,9,Foreign,7,4.99,10.99,Derrick Bourque
10826,2005-08-01 23:07:56,1228,476,2005-08-08 04:10:56,2,272,1,7,Drama,5,4.99,9.99,Derrick Bourque
2080,2005-06-17 16:59:40,1231,476,2005-06-21 11:28:40,2,273,1,8,Family,6,0.99,14.99,Derrick Bourque
7461,2005-07-27 18:45:15,1236,476,2005-07-29 17:19:15,1,273,2,8,Family,6,0.99,14.99,Derrick Bourque
10617,2005-08-01 15:05:52,4344,476,2005-08-09 18:54:52,1,946,2,8,Family,3,4.99,14.99,Derrick Bourque
3448,2005-06-21 20:59:20,592,476,2005-06-24 15:40:20,1,129,2,6,Documentary,3,2.99,16.99,Derrick Bourque
489,2005-05-28 00:09:12,1940,476,2005-05-31 04:44:12,2,422,2,14,Sci-Fi,7,4.99,25.99,Derrick Bourque
10346,2005-08-01 05:19:23,4192,476,2005-08-06 01:00:23,1,912,2,14,Sci-Fi,3,2.99,9.99,Derrick Bourque
4010,2005-07-07 00:47:00,4509,476,2005-07-12 06:23:00,2,985,1,14,Sci-Fi,4,4.99,19.99,Derrick Bourque
2508,2005-06-18 23:43:58,4322,476,2005-06-20 19:26:58,2,941,2,10,Games,4,4.99,10.99,Derrick Bourque
3477,2005-07-05 23:05:17,4289,476,2005-07-15 02:20:17,2,934,2,10,Games,7,4.99,20.99,Derrick Bourque
4171,2005-07-07 09:49:04,4199,476,2005-07-14 03:58:04,2,913,2,13,New,3,0.99,20.99,Derrick Bourque
6034,2005-07-11 03:00:50,1735,324,2005-07-16 06:19:50,1,378,1,12,Music,5,2.99,24.99,Gary Coy
4368,2005-07-07 19:55:19,736,324,2005-07-09 00:11:19,1,161,1,12,Music,6,4.99,27.99,Gary Coy
7240,2005-07-27 10:21:15,4565,324,2005-08-03 05:04:15,1,997,1,12,Music,4,0.99,14.99,Gary Coy
9651,2005-07-31 05:48:49,4059,324,2005-08-04 06:53:49,1,884,2,12,Music,5,4.99,11.99,Gary Coy
5702,2005-07-10 10:00:01,3349,324,2005-07-11 15:29:01,1,735,2,3,Children,7,2.99,26.99,Gary Coy
4197,2005-07-07 11:07:52,2515,324,2005-07-10 10:19:52,1,553,2,3,Children,4,0.99,12.99,Gary Coy
1740,2005-06-16 16:29:00,2282,324,2005-06-20 14:07:00,2,494,1,11,Horror,4,0.99,21.99,Gary Coy
7263,2005-07-27 11:17:22,725,324,2005-08-04 10:59:22,1,159,1,5,Comedy,5,4.99,12.99,Gary Coy
8698,2005-07-29 16:52:17,2973,324,2005-08-04 13:20:17,2,651,2,2,Animation,3,0.99,20.99,Gary Coy
563,2005-05-28 09:10:49,53,324,2005-06-06 11:32:49,1,11,1,9,Foreign,6,0.99,16.99,Gary Coy
6299,2005-07-11 17:45:08,4125,324,2005-07-13 16:36:08,2,897,1,7,Drama,3,4.99,27.99,Gary Coy
3947,2005-07-06 21:42:21,4188,324,2005-07-08 19:37:21,1,911,2,1,Action,7,4.99,14.99,Gary Coy
7960,2005-07-28 13:47:08,2718,324,2005-08-03 15:17:08,1,596,2,10,Games,4,4.99,25.99,Gary Coy
2590,2005-06-19 05:31:40,3572,324,2005-06-20 07:58:40,2,782,1,15,Sports,6,2.99,26.99,Gary Coy
5778,2005-07-10 13:41:37,4435,324,2005-07-14 16:26:37,1,970,1,4,Classics,7,0.99,11.99,Gary Coy
10212,2005-08-01 01:01:35,3728,324,2005-08-02 23:02:35,1,815,1,4,Classics,4,2.99,14.99,Gary Coy
8024,2005-07-28 15:55:40,1735,90,2005-08-02 09:56:40,1,378,1,12,Music,5,2.99,24.99,Ruby Washington
7946,2005-07-28 13:01:22,99,90,2005-08-03 15:27:22,2,20,1,12,Music,4,4.99,23.99,Ruby Washington
7058,2005-07-27 03:50:46,716,90,2005-08-04 07:40:46,2,157,2,3,Children,7,0.99,29.99,Ruby Washington
10835,2005-08-01 23:28:49,351,90,2005-08-10 21:28:49,2,78,1,2,Animation,7,2.99,12.99,Ruby Washington
3729,2005-07-06 11:30:29,3156,90,2005-07-12 07:18:29,1,693,2,2,Animation,5,2.99,16.99,Ruby Washington
2584,2005-06-19 05:02:36,3733,90,2005-06-28 04:52:36,2,816,1,2,Animation,3,0.99,27.99,Ruby Washington
2033,2005-06-17 13:24:43,58,90,2005-06-20 12:34:43,1,11,2,9,Foreign,6,0.99,16.99,Ruby Washington
10206,2005-08-01 00:52:40,4479,90,2005-08-10 02:36:40,2,979,1,7,Drama,6,4.99,10.99,Ruby Washington
8408,2005-07-29 06:40:40,1841,90,2005-07-30 10:02:40,2,401,1,7,Drama,6,0.99,10.99,Ruby Washington
9337,2005-07-30 18:02:25,2363,90,2005-07-31 12:30:25,2,514,2,7,Drama,6,2.99,17.99,Ruby Washington
5272,2005-07-09 14:26:01,1547,90,2005-07-12 20:20:01,1,339,2,16,Travel,5,0.99,17.99,Ruby Washington
8870,2005-07-30 00:08:08,4104,90,2005-08-08 00:15:08,2,893,1,14,Sci-Fi,4,4.99,11.99,Ruby Washington
7428,2005-07-27 17:21:52,243,90,2005-08-05 17:13:52,2,55,1,14,Sci-Fi,6,2.99,27.99,Ruby Washington
5539,2005-07-10 02:42:58,3217,90,2005-07-16 02:27:58,2,707,1,1,Action,5,2.99,29.99,Ruby Washington
10722,2005-08-01 19:07:08,2849,90,2005-08-04 14:09:08,2,624,2,10,Games,3,4.99,25.99,Ruby Washington
4371,2005-07-07 20:06:45,2533,90,2005-07-08 18:50:45,1,556,1,10,Games,6,4.99,26.99,Ruby Washington
7035,2005-07-27 03:06:09,2439,90,2005-08-02 21:59:09,2,532,2,15,Sports,5,4.99,28.99,Ruby Washington
3132,2005-06-20 19:09:46,711,90,2005-06-24 19:42:46,1,155,2,13,New,6,0.99,26.99,Ruby Washington
733,2005-05-29 07:35:21,2951,363,2005-06-05 09:14:21,1,647,2,12,Music,4,0.99,18.99,Roy Whiting
10339,2005-08-01 05:05:50,615,363,2005-08-10 07:15:50,2,133,2,12,Music,7,4.99,14.99,Roy Whiting
5687,2005-07-10 09:07:19,2170,363,2005-07-16 11:17:19,2,468,2,3,Children,5,2.99,12.99,Roy Whiting
1569,2005-06-16 03:19:09,3927,363,2005-06-18 21:55:09,2,856,2,11,Horror,5,4.99,11.99,Roy Whiting
8841,2005-07-29 22:56:07,3935,363,2005-08-01 21:21:07,2,858,2,5,Comedy,5,4.99,21.99,Roy Whiting
2540,2005-06-19 02:04:48,4305,363,2005-06-20 22:42:48,2,938,1,5,Comedy,3,4.99,14.99,Roy Whiting
1847,2005-06-17 00:05:22,1189,363,2005-06-20 21:09:22,1,265,1,5,Comedy,5,4.99,28.99,Roy Whiting
9977,2005-07-31 16:58:42,2300,363,2005-08-09 13:34:42,1,500,2,9,Foreign,5,4.99,11.99,Roy Whiting
5758,2005-07-10 12:42:43,502,363,2005-07-16 10:18:43,2,112,1,9,Foreign,4,4.99,22.99,Roy Whiting
6705,2005-07-12 12:53:11,4268,363,2005-07-13 07:17:11,1,929,1,9,Foreign,5,4.99,21.99,Roy Whiting
9968,2005-07-31 16:32:16,2666,363,2005-08-08 12:23:16,1,585,2,7,Drama,4,0.99,25.99,Roy Whiting
3281,2005-06-21 06:08:47,4006,363,2005-06-24 11:22:47,1,872,2,16,Travel,3,2.99,27.99,Roy Whiting
7708,2005-07-28 04:19:15,398,363,2005-08-04 04:41:15,1,88,2,16,Travel,7,4.99,17.99,Roy Whiting
6140,2005-07-11 08:40:47,2749,363,2005-07-14 07:26:47,1,603,1,8,Family,6,4.99,27.99,Roy Whiting
8804,2005-07-29 21:28:19,4461,363,2005-08-01 20:15:19,2,975,1,8,Family,6,2.99,22.99,Roy Whiting
7256,2005-07-27 10:58:32,4275,363,2005-07-29 08:58:32,2,930,2,14,Sci-Fi,4,2.99,23.99,Roy Whiting
6878,2005-07-12 20:37:13,2428,363,2005-07-19 20:13:13,2,530,1,1,Action,5,2.99,27.99,Roy Whiting
3726,2005-07-06 11:15:49,742,363,2005-07-11 05:54:49,2,162,2,1,Action,4,2.99,13.99,Roy Whiting
1426,2005-06-15 18:16:24,4412,363,2005-06-18 22:15:24,2,964,2,1,Action,4,4.99,17.99,Roy Whiting
8522,2005-07-29 10:16:19,3636,363,2005-08-06 14:58:19,1,794,1,1,Action,5,0.99,28.99,Roy Whiting
6821,2005-07-12 18:22:10,623,363,2005-07-14 13:25:10,2,135,2,15,Sports,3,2.99,22.99,Roy Whiting
8121,2005-07-28 19:25:45,2229,363,2005-08-02 13:30:45,2,482,1,4,Classics,3,0.99,12.99,Roy Whiting
8356,2005-07-29 04:58:56,2951,483,2005-08-06 03:07:56,1,647,2,12,Music,4,0.99,18.99,Vernon Chapa
5823,2005-07-10 16:19:52,1879,483,2005-07-11 12:33:52,2,409,2,3,Children,3,4.99,9.99,Vernon Chapa
3559,2005-07-06 02:49:42,2211,483,2005-07-12 04:44:42,1,478,2,5,Comedy,4,2.99,10.99,Vernon Chapa
2855,2005-06-19 23:11:49,3495,483,2005-06-26 21:52:49,1,765,1,5,Comedy,7,4.99,18.99,Vernon Chapa
6478,2005-07-12 01:41:44,2589,483,2005-07-15 20:48:44,1,568,2,5,Comedy,4,4.99,11.99,Vernon Chapa
7381,2005-07-27 15:40:26,1595,483,2005-08-02 17:26:26,2,349,2,2,Animation,4,2.99,27.99,Vernon Chapa
10953,2005-08-02 03:28:38,1510,483,2005-08-11 03:53:38,1,330,1,2,Animation,7,4.99,22.99,Vernon Chapa
8057,2005-07-28 17:07:13,4177,483,2005-08-03 16:25:13,1,908,2,9,Foreign,3,4.99,11.99,Vernon Chapa
742,2005-05-29 08:36:30,273,483,2005-06-05 11:30:30,1,61,1,7,Drama,5,4.99,28.99,Vernon Chapa
3380,2005-06-21 13:58:46,3212,483,2005-06-30 09:29:46,1,706,1,7,Drama,5,4.99,22.99,Vernon Chapa
7669,2005-07-28 02:44:07,2624,483,2005-07-29 00:54:07,1,575,2,6,Documentary,3,4.99,27.99,Vernon Chapa
7137,2005-07-27 06:40:41,3957,483,2005-07-29 09:05:41,2,863,1,14,Sci-Fi,5,0.99,9.99,Vernon Chapa
2867,2005-06-20 00:08:38,95,483,2005-06-23 19:35:38,1,19,1,1,Action,6,0.99,20.99,Vernon Chapa
6899,2005-07-12 21:44:16,3565,483,2005-07-21 22:21:16,2,779,2,15,Sports,4,4.99,23.99,Vernon Chapa
10677,2005-08-01 17:24:35,4350,483,2005-08-04 20:03:35,1,948,2,13,New,6,0.99,22.99,Vernon Chapa
4897,2005-07-08 20:25:11,2950,258,2005-07-09 17:16:11,1,647,2,12,Music,4,0.99,18.99,Myrtle Fleming
5674,2005-07-10 08:26:26,548,258,2005-07-16 02:43:26,1,119,2,5,Comedy,6,0.99,22.99,Myrtle Fleming
5312,2005-07-09 16:03:09,2123,258,2005-07-13 16:41:09,2,460,1,9,Foreign,3,4.99,26.99,Myrtle Fleming
7814,2005-07-28 08:09:48,2662,258,2005-08-01 13:14:48,2,584,1,9,Foreign,6,2.99,26.99,Myrtle Fleming
9069,2005-07-30 07:39:59,1852,258,2005-08-02 04:10:59,1,403,1,7,Drama,5,4.99,18.99,Myrtle Fleming
4677,2005-07-08 10:30:36,1226,258,2005-07-14 12:40:36,1,272,1,7,Drama,5,4.99,9.99,Myrtle Fleming
5935,2005-07-10 22:11:04,3371,258,2005-07-19 18:12:04,2,739,2,7,Drama,4,4.99,17.99,Myrtle Fleming
1743,2005-06-16 16:38:10,2777,258,2005-06-17 13:13:10,1,609,2,16,Travel,7,2.99,23.99,Myrtle Fleming
10325,2005-08-01 04:52:12,2749,258,2005-08-08 09:31:12,1,603,1,8,Family,6,4.99,27.99,Myrtle Fleming
10332,2005-08-01 04:57:32,642,258,2005-08-10 02:42:32,2,139,2,8,Family,7,4.99,21.99,Myrtle Fleming
10293,2005-08-01 03:44:26,1570,258,2005-08-05 04:16:26,2,345,1,8,Family,3,0.99,17.99,Myrtle Fleming
4408,2005-07-07 21:41:06,2482,258,2005-07-11 00:32:06,1,544,2,6,Documentary,4,2.99,11.99,Myrtle Fleming
10315,2005-08-01 04:34:45,895,258,2005-08-07 05:27:45,1,199,2,6,Documentary,4,2.99,29.99,Myrtle Fleming
6012,2005-07-11 02:00:12,2609,258,2005-07-17 02:49:12,2,572,2,14,Sci-Fi,4,2.99,9.99,Myrtle Fleming
8675,2005-07-29 15:56:18,1026,258,2005-07-30 18:50:18,1,229,2,1,Action,6,4.99,12.99,Myrtle Fleming
10393,2005-08-01 06:52:50,808,258,2005-08-05 08:45:50,1,176,1,15,Sports,6,0.99,21.99,Myrtle Fleming
2931,2005-06-20 04:50:45,3122,258,2005-06-29 09:18:45,1,686,1,13,New,5,4.99,9.99,Myrtle Fleming
2678,2005-06-19 12:12:23,4230,258,2005-06-21 16:28:23,2,920,1,13,New,3,0.99,16.99,Myrtle Fleming
7873,2005-07-28 10:19:46,2947,82,2005-07-31 04:43:46,2,647,1,12,Music,4,0.99,18.99,Kathryn Coleman
145,2005-05-25 23:59:03,3905,82,2005-05-31 02:56:03,1,852,1,3,Children,4,0.99,27.99,Kathryn Coleman
7733,2005-07-28 05:04:47,10,82,2005-08-05 05:12:47,2,2,2,11,Horror,3,4.99,12.99,Kathryn Coleman
2819,2005-06-19 20:13:33,4100,82,2005-06-26 16:44:33,1,892,2,2,Animation,3,4.99,18.99,Kathryn Coleman
6082,2005-07-11 05:12:41,1091,82,2005-07-16 03:40:41,2,243,2,2,Animation,3,4.99,22.99,Kathryn Coleman
9277,2005-07-30 15:13:45,3734,82,2005-08-05 10:25:45,2,816,2,2,Animation,3,0.99,27.99,Kathryn Coleman
3332,2005-06-21 09:55:12,1975,82,2005-06-25 08:32:12,2,430,2,2,Animation,7,0.99,23.99,Kathryn Coleman
288,2005-05-26 19:47:49,3546,82,2005-06-03 20:53:49,2,775,2,7,Drama,4,4.99,18.99,Kathryn Coleman
4598,2005-07-08 06:46:26,258,82,2005-07-16 01:21:26,1,57,2,16,Travel,4,2.99,18.99,Kathryn Coleman
6708,2005-07-12 13:10:55,372,82,2005-07-21 07:36:55,1,82,1,8,Family,3,0.99,13.99,Kathryn Coleman
8487,2005-07-29 08:53:49,1893,82,2005-07-31 09:10:49,2,412,2,6,Documentary,6,4.99,25.99,Kathryn Coleman
1570,2005-06-16 03:21:33,3711,82,2005-06-22 22:03:33,2,812,1,6,Documentary,7,0.99,13.99,Kathryn Coleman
9447,2005-07-30 21:54:22,1053,82,2005-08-09 01:07:22,2,234,2,14,Sci-Fi,6,2.99,27.99,Kathryn Coleman
9305,2005-07-30 16:45:56,1224,82,2005-08-08 21:15:56,2,271,2,1,Action,5,4.99,12.99,Kathryn Coleman
2506,2005-06-18 23:29:53,2308,82,2005-06-25 18:11:53,2,501,2,1,Action,3,4.99,9.99,Kathryn Coleman
3680,2005-07-06 09:16:10,2427,82,2005-07-08 07:52:10,2,530,1,1,Action,5,2.99,27.99,Kathryn Coleman
1438,2005-06-15 18:38:51,1816,82,2005-06-17 23:50:51,1,395,1,1,Action,4,0.99,28.99,Kathryn Coleman
5746,2005-07-10 12:15:12,3071,82,2005-07-16 07:02:12,1,676,1,15,Sports,7,4.99,16.99,Kathryn Coleman
10305,2005-08-01 04:16:16,2946,160,2005-08-07 23:47:16,1,647,1,12,Music,4,0.99,18.99,Erin Dunn
9681,2005-07-31 06:42:09,64,160,2005-08-06 08:21:09,1,12,2,12,Music,6,0.99,22.99,Erin Dunn
8184,2005-07-28 22:22:35,1249,160,2005-07-31 19:30:35,1,276,1,5,Comedy,6,4.99,28.99,Erin Dunn
4842,2005-07-08 18:21:30,1438,160,2005-07-10 22:25:30,2,314,2,2,Animation,3,0.99,13.99,Erin Dunn
6364,2005-07-11 21:14:48,4146,160,2005-07-20 23:20:48,2,901,1,2,Animation,3,0.99,29.99,Erin Dunn
6448,2005-07-12 00:45:59,2663,160,2005-07-17 00:34:59,1,585,2,7,Drama,4,0.99,25.99,Erin Dunn
9758,2005-07-31 09:25:38,1307,160,2005-08-03 14:16:38,1,288,2,16,Travel,7,2.99,20.99,Erin Dunn
10788,2005-08-01 21:37:10,3350,160,2005-08-03 01:33:10,1,736,1,8,Family,4,0.99,21.99,Erin Dunn
4908,2005-07-08 21:05:44,1963,160,2005-07-17 21:33:44,2,428,1,8,Family,6,2.99,21.99,Erin Dunn
10979,2005-08-02 04:16:37,2625,160,2005-08-06 00:01:37,2,575,2,6,Documentary,3,4.99,27.99,Erin Dunn
2314,2005-06-18 09:03:19,2157,160,2005-06-19 12:14:19,1,466,1,6,Documentary,6,4.99,20.99,Erin Dunn
7500,2005-07-27 20:16:03,609,160,2005-07-29 18:50:03,1,132,1,14,Sci-Fi,6,0.99,25.99,Erin Dunn
10089,2005-07-31 20:17:09,248,160,2005-08-01 19:14:09,2,56,1,1,Action,6,2.99,15.99,Erin Dunn
2873,2005-06-20 00:41:25,3321,160,2005-06-25 02:06:25,1,730,2,13,New,3,0.99,28.99,Erin Dunn
2465,2005-06-18 20:07:02,3783,160,2005-06-25 20:55:02,1,828,2,4,Classics,7,2.99,12.99,Erin Dunn
10958,2005-08-02 03:37:13,2174,160,2005-08-04 23:28:13,2,469,2,4,Classics,7,4.99,27.99,Erin Dunn
768,2005-05-29 12:30:46,2895,566,2005-06-07 09:00:46,2,636,1,12,Music,5,0.99,12.99,Casey Mena
9470,2005-07-30 23:01:31,3908,566,2005-08-07 01:35:31,2,852,2,3,Children,4,0.99,27.99,Casey Mena
6365,2005-07-11 21:17:40,4550,566,2005-07-14 20:53:40,1,993,1,3,Children,6,2.99,10.99,Casey Mena
3998,2005-07-06 23:49:20,1245,566,2005-07-12 20:39:20,1,275,1,11,Horror,3,0.99,11.99,Casey Mena
10259,2005-08-01 02:52:05,1881,566,2005-08-03 20:54:05,1,410,1,5,Comedy,7,2.99,19.99,Casey Mena
1982,2005-06-17 10:12:15,1091,566,2005-06-20 13:56:15,1,243,2,2,Animation,3,4.99,22.99,Casey Mena
10289,2005-08-01 03:39:48,3153,566,2005-08-08 02:56:48,1,692,2,2,Animation,3,2.99,10.99,Casey Mena
9915,2005-07-31 14:52:26,2933,566,2005-08-03 11:53:26,1,644,2,2,Animation,7,2.99,29.99,Casey Mena
8797,2005-07-29 21:10:37,2929,566,2005-08-07 21:43:37,1,644,1,2,Animation,7,2.99,29.99,Casey Mena
3379,2005-06-21 13:54:58,2022,566,2005-06-23 13:43:58,2,439,2,7,Drama,4,4.99,28.99,Casey Mena
9688,2005-07-31 06:56:08,1304,566,2005-08-08 03:31:08,2,288,1,16,Travel,7,2.99,20.99,Casey Mena
7677,2005-07-28 02:56:37,4464,566,2005-07-31 02:21:37,1,975,2,8,Family,6,2.99,22.99,Casey Mena
9101,2005-07-30 08:47:13,3165,566,2005-08-02 12:52:13,1,695,1,8,Family,6,4.99,12.99,Casey Mena
8305,2005-07-29 03:08:47,3916,566,2005-08-06 07:49:47,2,855,1,6,Documentary,7,0.99,28.99,Casey Mena
8118,2005-07-28 19:22:22,331,566,2005-08-01 22:13:22,1,73,2,14,Sci-Fi,5,2.99,22.99,Casey Mena
8157,2005-07-28 21:06:45,915,566,2005-08-04 16:06:45,1,203,2,14,Sci-Fi,5,4.99,9.99,Casey Mena
234,2005-05-26 11:47:20,1321,566,2005-06-03 10:39:20,2,292,1,1,Action,3,0.99,20.99,Casey Mena
8257,2005-07-29 01:03:20,3024,566,2005-08-04 21:54:20,1,664,1,1,Action,6,2.99,12.99,Casey Mena
3943,2005-07-06 21:22:17,1816,566,2005-07-07 21:26:17,1,395,1,1,Action,4,0.99,28.99,Casey Mena
7941,2005-07-28 12:47:20,439,566,2005-08-01 08:46:20,1,97,1,1,Action,7,0.99,24.99,Casey Mena
5079,2005-07-09 05:20:40,3948,566,2005-07-17 00:06:40,1,861,2,10,Games,3,4.99,12.99,Casey Mena
1635,2005-06-16 08:26:56,1187,566,2005-06-25 06:17:56,2,264,2,10,Games,6,2.99,13.99,Casey Mena
2367,2005-06-18 14:00:31,4086,566,2005-06-22 14:45:31,2,890,2,15,Sports,5,0.99,14.99,Casey Mena
8660,2005-07-29 15:26:59,3122,566,2005-08-05 21:04:59,2,686,1,13,New,5,4.99,9.99,Casey Mena
3663,2005-07-06 08:15:47,2646,566,2005-07-07 08:57:47,1,580,1,13,New,3,4.99,12.99,Casey Mena
8710,2005-07-29 17:26:03,3391,566,2005-07-30 19:51:03,1,744,2,4,Classics,4,0.99,23.99,Casey Mena
2397,2005-06-18 15:51:25,2895,76,2005-06-24 15:52:25,1,636,1,12,Music,5,0.99,12.99,Irene Price
1791,2005-06-16 20:04:28,301,76,2005-06-23 22:30:28,1,68,1,3,Children,5,4.99,26.99,Irene Price
1487,2005-06-15 21:27:42,3791,76,2005-06-22 03:09:42,2,830,2,11,Horror,7,0.99,23.99,Irene Price
5571,2005-07-10 03:48:20,1084,76,2005-07-11 02:09:20,2,242,1,5,Comedy,4,0.99,13.99,Irene Price
574,2005-05-28 10:44:28,3883,76,2005-06-04 11:42:28,1,849,1,2,Animation,6,0.99,28.99,Irene Price
6789,2005-07-12 16:34:40,1973,76,2005-07-14 17:02:40,2,430,2,2,Animation,7,0.99,23.99,Irene Price
8405,2005-07-29 06:28:19,2164,76,2005-08-07 08:14:19,2,467,2,9,Foreign,6,0.99,10.99,Irene Price
8253,2005-07-29 00:57:06,2388,76,2005-08-07 01:46:06,1,521,1,7,Drama,7,4.99,28.99,Irene Price
4099,2005-07-07 06:20:33,1930,76,2005-07-16 08:39:33,1,418,2,7,Drama,5,0.99,27.99,Irene Price
10082,2005-07-31 20:09:32,1275,76,2005-08-01 15:41:32,2,282,2,7,Drama,5,0.99,20.99,Irene Price
926,2005-05-30 12:15:54,4327,76,2005-06-01 08:53:54,2,942,2,7,Drama,7,0.99,27.99,Irene Price
8935,2005-07-30 02:38:45,285,76,2005-08-02 07:11:45,2,64,2,7,Drama,6,0.99,26.99,Irene Price
10795,2005-08-01 21:56:37,2748,76,2005-08-03 01:36:37,1,603,1,8,Family,6,4.99,27.99,Irene Price
2111,2005-06-17 19:47:21,2108,76,2005-06-19 22:46:21,2,457,2,6,Documentary,5,0.99,21.99,Irene Price
9312,2005-07-30 16:59:17,2483,76,2005-08-03 17:24:17,2,544,2,6,Documentary,4,2.99,11.99,Irene Price
8357,2005-07-29 04:59:44,892,76,2005-08-01 04:26:44,1,199,1,6,Documentary,4,2.99,29.99,Irene Price
2894,2005-06-20 02:22:42,4316,76,2005-06-22 00:38:42,1,940,1,15,Sports,6,0.99,19.99,Irene Price
3416,2005-06-21 17:05:29,1215,76,2005-06-23 17:58:29,2,270,1,13,New,7,0.99,29.99,Irene Price
6749,2005-07-12 14:43:05,2895,334,2005-07-21 15:13:05,2,636,1,12,Music,5,0.99,12.99,Raymond Mcwhorter
6641,2005-07-12 10:33:14,2165,334,2005-07-20 08:24:14,2,468,1,3,Children,5,2.99,12.99,Raymond Mcwhorter
10997,2005-08-02 04:49:02,300,334,2005-08-10 08:13:02,2,68,1,3,Children,5,4.99,26.99,Raymond Mcwhorter
2476,2005-06-18 20:57:12,3998,334,2005-06-20 15:42:12,1,870,2,11,Horror,4,0.99,12.99,Raymond Mcwhorter
5434,2005-07-09 21:25:20,3790,334,2005-07-15 03:12:20,2,830,2,11,Horror,7,0.99,23.99,Raymond Mcwhorter
10879,2005-08-02 00:33:20,4415,334,2005-08-09 04:13:20,2,965,1,11,Horror,6,0.99,28.99,Raymond Mcwhorter
1298,2005-06-15 09:32:53,4163,334,2005-06-16 12:40:53,2,905,1,5,Comedy,7,4.99,10.99,Raymond Mcwhorter
5014,2005-07-09 01:51:49,4095,334,2005-07-10 04:48:49,1,892,1,2,Animation,3,4.99,18.99,Raymond Mcwhorter
8977,2005-07-30 04:14:07,4099,334,2005-08-05 23:45:07,2,892,2,2,Animation,3,4.99,18.99,Raymond Mcwhorter
1187,2005-06-15 00:58:50,1108,334,2005-06-23 02:19:50,1,245,2,2,Animation,4,0.99,28.99,Raymond Mcwhorter
5818,2005-07-10 15:51:12,3940,334,2005-07-14 14:10:12,2,859,1,2,Animation,3,4.99,20.99,Raymond Mcwhorter
431,2005-05-27 16:31:05,4507,334,2005-06-05 11:29:05,1,984,1,9,Foreign,3,2.99,20.99,Raymond Mcwhorter
10408,2005-08-01 07:42:10,4144,334,2005-08-09 02:29:10,2,900,2,9,Foreign,6,2.99,17.99,Raymond Mcwhorter
6987,2005-07-27 00:59:50,3134,334,2005-07-28 01:47:50,1,689,1,9,Foreign,5,2.99,14.99,Raymond Mcwhorter
10207,2005-08-01 00:53:01,2925,334,2005-08-05 05:51:01,2,643,2,7,Drama,3,2.99,22.99,Raymond Mcwhorter
13,2005-05-25 00:22:55,2294,334,2005-05-30 04:28:55,1,499,1,8,Family,3,4.99,24.99,Raymond Mcwhorter
4603,2005-07-08 06:57:07,755,334,2005-07-17 04:32:07,1,165,1,14,Sci-Fi,7,4.99,27.99,Raymond Mcwhorter
9633,2005-07-31 05:04:08,1141,334,2005-08-06 00:52:08,2,252,2,1,Action,6,2.99,18.99,Raymond Mcwhorter
3662,2005-07-06 08:11:48,3827,334,2005-07-09 12:25:48,2,838,2,1,Action,5,4.99,25.99,Raymond Mcwhorter
5845,2005-07-10 17:23:14,2882,334,2005-07-12 16:29:14,2,632,1,13,New,5,4.99,10.99,Raymond Mcwhorter
10492,2005-08-01 10:42:28,1669,334,2005-08-02 07:05:28,1,364,1,13,New,3,2.99,14.99,Raymond Mcwhorter
1986,2005-06-17 10:34:59,2894,541,2005-06-24 04:57:59,2,636,1,12,Music,5,0.99,12.99,Darren Windham
8322,2005-07-29 03:52:49,301,541,2005-08-02 22:53:49,1,68,1,3,Children,5,4.99,26.99,Darren Windham
6468,2005-07-12 01:27:09,4560,541,2005-07-20 00:37:09,2,995,1,11,Horror,5,4.99,11.99,Darren Windham
6718,2005-07-12 13:38:06,2283,541,2005-07-18 09:05:06,1,494,1,11,Horror,4,0.99,21.99,Darren Windham
9603,2005-07-31 03:43:43,2266,541,2005-08-02 00:11:43,2,489,2,2,Animation,4,0.99,14.99,Darren Windham
2708,2005-06-19 13:59:05,2659,541,2005-06-24 10:02:05,2,583,2,2,Animation,3,4.99,26.99,Darren Windham
8113,2005-07-28 19:14:00,4269,541,2005-08-06 00:05:00,2,929,1,9,Foreign,5,4.99,21.99,Darren Windham
5197,2005-07-09 10:43:54,1571,541,2005-07-16 10:19:54,1,345,1,8,Family,3,0.99,17.99,Darren Windham
1066,2005-05-31 09:07:33,2383,541,2005-06-09 05:34:33,2,520,1,14,Sci-Fi,7,2.99,28.99,Darren Windham
1021,2005-05-31 03:16:15,2724,541,2005-06-08 06:43:15,2,597,2,10,Games,5,4.99,12.99,Darren Windham
10306,2005-08-01 04:19:18,2819,541,2005-08-09 02:16:18,1,619,2,15,Sports,3,0.99,20.99,Darren Windham
5018,2005-07-09 02:01:05,2317,541,2005-07-10 04:09:05,1,503,1,15,Sports,3,2.99,24.99,Darren Windham
6628,2005-07-12 09:18:08,2894,211,2005-07-21 04:27:08,2,636,1,12,Music,5,0.99,12.99,Stacey Montgomery
4060,2005-07-07 04:10:13,2697,211,2005-07-13 07:44:13,1,592,1,12,Music,6,2.99,28.99,Stacey Montgomery
7975,2005-07-28 14:12:47,2565,211,2005-08-05 09:18:47,1,562,1,12,Music,6,0.99,12.99,Stacey Montgomery
9111,2005-07-30 09:05:44,166,211,2005-08-04 14:27:44,2,35,2,11,Horror,4,2.99,24.99,Stacey Montgomery
8961,2005-07-30 03:43:35,3679,211,2005-08-06 07:42:35,1,805,1,2,Animation,5,4.99,12.99,Stacey Montgomery
4441,2005-07-07 23:04:23,3680,211,2005-07-13 19:07:23,1,805,1,2,Animation,5,4.99,12.99,Stacey Montgomery
4479,2005-07-08 00:52:35,3516,211,2005-07-09 20:19:35,2,770,2,9,Foreign,5,2.99,13.99,Stacey Montgomery
238,2005-05-26 12:30:22,503,211,2005-05-27 06:49:22,1,112,1,9,Foreign,4,4.99,22.99,Stacey Montgomery
2812,2005-06-19 19:58:16,3016,211,2005-06-26 15:26:16,1,662,2,7,Drama,3,4.99,9.99,Stacey Montgomery
10445,2005-08-01 09:02:15,3582,211,2005-08-08 10:26:15,2,784,1,16,Travel,7,2.99,20.99,Stacey Montgomery
3437,2005-06-21 19:20:17,1798,211,2005-07-01 01:09:17,2,391,1,8,Family,6,2.99,25.99,Stacey Montgomery
5699,2005-07-10 09:48:04,958,211,2005-07-17 09:07:04,1,213,1,8,Family,4,0.99,19.99,Stacey Montgomery
11076,2005-08-02 07:24:47,837,211,2005-08-10 09:16:47,1,183,2,8,Family,4,4.99,14.99,Stacey Montgomery
6722,2005-07-12 13:44:03,3124,211,2005-07-19 12:43:03,2,687,1,6,Documentary,6,0.99,15.99,Stacey Montgomery
7484,2005-07-27 19:28:17,2746,211,2005-07-31 20:05:17,2,602,2,14,Sci-Fi,5,0.99,14.99,Stacey Montgomery
4857,2005-07-08 18:52:07,2069,211,2005-07-11 22:06:07,1,449,2,14,Sci-Fi,4,2.99,12.99,Stacey Montgomery
5668,2005-07-10 08:11:05,309,211,2005-07-16 13:15:05,1,69,2,14,Sci-Fi,3,2.99,21.99,Stacey Montgomery
5785,2005-07-10 14:06:03,142,211,2005-07-17 17:59:03,2,29,1,1,Action,5,2.99,11.99,Stacey Montgomery
3937,2005-07-06 21:15:38,2091,211,2005-07-15 00:01:38,2,453,1,15,Sports,3,2.99,17.99,Stacey Montgomery
10928,2005-08-02 02:34:12,2885,211,2005-08-07 21:13:12,1,633,2,4,Classics,6,4.99,10.99,Stacey Montgomery
9953,2005-07-31 15:56:35,1646,211,2005-08-02 12:01:35,2,358,2,4,Classics,5,0.99,29.99,Stacey Montgomery
6438,2005-07-12 00:23:01,412,211,2005-07-17 22:45:01,1,91,1,4,Classics,5,0.99,17.99,Stacey Montgomery
7984,2005-07-28 14:27:51,2893,208,2005-08-04 17:34:51,1,636,1,12,Music,5,0.99,12.99,Lucy Wheeler
5693,2005-07-10 09:35:43,2167,208,2005-07-12 08:05:43,2,468,1,3,Children,5,2.99,12.99,Lucy Wheeler
3811,2005-07-06 15:20:37,695,208,2005-07-08 16:26:37,2,152,1,3,Children,5,2.99,13.99,Lucy Wheeler
2907,2005-06-20 03:15:09,2516,208,2005-06-20 21:56:09,2,553,2,3,Children,4,0.99,12.99,Lucy Wheeler
5117,2005-07-09 07:11:22,2284,208,2005-07-15 08:44:22,1,494,1,11,Horror,4,0.99,21.99,Lucy Wheeler
10784,2005-08-01 21:24:28,3494,208,2005-08-09 19:23:28,1,765,1,5,Comedy,7,4.99,18.99,Lucy Wheeler
10762,2005-08-01 20:28:39,1363,208,2005-08-05 17:36:39,1,300,2,2,Animation,5,4.99,21.99,Lucy Wheeler
4985,2005-07-09 00:36:02,2146,208,2005-07-14 04:06:02,2,464,1,2,Animation,3,2.99,13.99,Lucy Wheeler
7315,2005-07-27 13:14:56,974,208,2005-08-03 08:44:56,2,218,1,7,Drama,7,0.99,22.99,Lucy Wheeler
8742,2005-07-29 18:56:12,918,208,2005-08-03 16:42:12,1,204,1,7,Drama,4,0.99,25.99,Lucy Wheeler
2695,2005-06-19 13:25:53,190,208,2005-06-24 17:12:53,2,43,1,8,Family,6,2.99,15.99,Lucy Wheeler
2592,2005-06-19 05:36:54,282,208,2005-06-21 08:44:54,1,63,2,8,Family,6,0.99,21.99,Lucy Wheeler
100,2005-05-25 16:50:28,2599,208,2005-06-02 22:11:28,1,571,1,6,Documentary,6,2.99,26.99,Lucy Wheeler
9298,2005-07-30 16:27:53,2106,208,2005-08-07 12:32:53,2,457,1,6,Documentary,5,0.99,21.99,Lucy Wheeler
1805,2005-06-16 20:36:00,3962,208,2005-06-17 16:27:00,1,863,2,14,Sci-Fi,5,0.99,9.99,Lucy Wheeler
4354,2005-07-07 19:21:02,4423,208,2005-07-15 17:03:02,2,967,1,14,Sci-Fi,5,2.99,26.99,Lucy Wheeler
6767,2005-07-12 15:46:55,1819,208,2005-07-17 17:36:55,2,395,2,1,Action,4,0.99,28.99,Lucy Wheeler
7861,2005-07-28 10:02:01,1781,208,2005-08-06 13:17:01,1,387,2,10,Games,7,0.99,27.99,Lucy Wheeler
1949,2005-06-17 08:19:22,1478,208,2005-06-25 08:43:22,1,323,2,15,Sports,7,4.99,22.99,Lucy Wheeler
6306,2005-07-11 18:04:26,486,208,2005-07-20 14:22:26,2,109,1,13,New,3,0.99,17.99,Lucy Wheeler
9838,2005-07-31 12:18:49,3866,208,2005-08-03 16:49:49,2,846,1,13,New,3,4.99,9.99,Lucy Wheeler
796,2005-05-29 16:59:44,2697,26,2005-06-03 16:22:44,2,592,1,12,Music,6,2.99,28.99,Jessica Hall
8241,2005-07-29 00:33:36,4297,26,2005-08-03 01:31:36,1,936,2,12,Music,3,2.99,21.99,Jessica Hall
1105,2005-05-31 14:33:56,1708,26,2005-06-07 11:30:56,1,373,1,3,Children,7,2.99,14.99,Jessica Hall
10386,2005-08-01 06:42:20,1568,26,2005-08-07 06:12:20,2,344,2,3,Children,3,0.99,28.99,Jessica Hall
2745,2005-06-19 16:21:19,1253,26,2005-06-21 22:07:19,2,277,1,11,Horror,4,4.99,24.99,Jessica Hall
1440,2005-06-15 18:53:14,2921,26,2005-06-24 15:28:14,1,641,2,9,Foreign,4,0.99,21.99,Jessica Hall
4641,2005-07-08 09:09:46,2436,26,2005-07-17 03:54:46,2,531,2,9,Foreign,3,0.99,18.99,Jessica Hall
4431,2005-07-07 22:39:02,936,26,2005-07-16 19:24:02,1,207,1,9,Foreign,7,4.99,26.99,Jessica Hall
7328,2005-07-27 13:55:18,663,26,2005-08-01 19:52:18,1,143,2,7,Drama,6,0.99,17.99,Jessica Hall
2421,2005-06-18 17:25:05,3524,26,2005-06-23 21:09:05,2,771,2,7,Drama,3,4.99,23.99,Jessica Hall
4274,2005-07-07 14:42:04,787,26,2005-07-13 20:23:04,1,172,2,7,Drama,7,4.99,12.99,Jessica Hall
6243,2005-07-11 14:53:25,3456,26,2005-07-15 09:26:25,2,758,2,7,Drama,5,2.99,11.99,Jessica Hall
1706,2005-06-16 14:01:02,2935,26,2005-06-25 19:29:02,1,645,1,16,Travel,7,2.99,18.99,Jessica Hall
4382,2005-07-07 20:41:03,657,26,2005-07-14 15:15:03,1,142,2,6,Documentary,3,0.99,24.99,Jessica Hall
4065,2005-07-07 04:32:28,1339,26,2005-07-12 08:30:28,1,295,2,6,Documentary,3,0.99,14.99,Jessica Hall
6149,2005-07-11 09:19:31,4337,26,2005-07-17 14:45:31,2,945,2,6,Documentary,5,0.99,22.99,Jessica Hall
2093,2005-06-17 18:14:08,814,26,2005-06-26 18:10:08,1,177,2,14,Sci-Fi,4,4.99,20.99,Jessica Hall
4536,2005-07-08 03:43:22,220,26,2005-07-15 08:44:22,1,49,2,14,Sci-Fi,6,2.99,22.99,Jessica Hall
2532,2005-06-19 01:27:46,1870,26,2005-06-20 02:15:46,1,408,1,10,Games,4,4.99,28.99,Jessica Hall
10996,2005-08-02 04:48:11,2235,26,2005-08-06 08:00:11,1,483,2,10,Games,3,2.99,29.99,Jessica Hall
5437,2005-07-09 21:32:29,3532,26,2005-07-15 00:27:29,2,773,1,15,Sports,6,2.99,28.99,Jessica Hall
2416,2005-06-18 17:07:34,2868,26,2005-06-24 19:16:34,1,628,2,15,Sports,5,2.99,24.99,Jessica Hall
9484,2005-07-30 23:31:40,3389,26,2005-08-02 18:25:40,1,744,1,4,Classics,4,0.99,23.99,Jessica Hall
4402,2005-07-07 21:28:46,1198,26,2005-07-08 17:04:46,1,266,2,4,Classics,4,0.99,27.99,Jessica Hall
1719,2005-06-16 14:55:53,2699,582,2005-06-18 14:12:53,1,592,2,12,Music,6,2.99,28.99,Andy Vanhorn
2337,2005-06-18 11:15:27,4522,582,2005-06-26 06:59:27,2,987,1,12,Music,3,2.99,13.99,Andy Vanhorn
8554,2005-07-29 11:16:29,1563,582,2005-07-31 06:38:29,2,343,1,3,Children,6,2.99,14.99,Andy Vanhorn
9768,2005-07-31 09:48:41,2656,582,2005-08-08 11:40:41,2,583,1,2,Animation,3,4.99,26.99,Andy Vanhorn
7575,2005-07-27 22:53:52,702,582,2005-07-29 02:02:52,1,154,1,2,Animation,6,2.99,12.99,Andy Vanhorn
281,2005-05-26 18:49:35,1208,582,2005-05-27 18:11:35,2,269,1,8,Family,3,0.99,22.99,Andy Vanhorn
7311,2005-07-27 13:02:54,2807,582,2005-08-04 09:52:54,1,616,2,6,Documentary,4,2.99,19.99,Andy Vanhorn
6629,2005-07-12 09:18:35,2855,582,2005-07-20 11:34:35,2,625,2,14,Sci-Fi,3,0.99,18.99,Andy Vanhorn
7126,2005-07-27 06:13:13,3240,582,2005-07-28 08:22:13,2,711,2,14,Sci-Fi,4,4.99,18.99,Andy Vanhorn
8778,2005-07-29 20:14:25,3654,582,2005-08-04 00:50:25,1,798,1,14,Sci-Fi,4,4.99,11.99,Andy Vanhorn
7412,2005-07-27 16:44:34,950,582,2005-08-04 15:06:34,2,212,1,1,Action,7,4.99,14.99,Andy Vanhorn
3767,2005-07-06 13:07:27,923,582,2005-07-08 18:48:27,1,205,1,1,Action,3,0.99,22.99,Andy Vanhorn
8308,2005-07-29 03:22:15,601,582,2005-08-04 21:38:15,2,131,1,4,Classics,5,4.99,12.99,Andy Vanhorn
3071,2005-06-20 14:20:42,1198,582,2005-06-24 19:01:42,1,266,2,4,Classics,4,0.99,27.99,Andy Vanhorn
6211,2005-07-11 12:39:01,2699,6,2005-07-20 15:59:01,2,592,2,12,Music,6,2.99,28.99,Jennifer Davis
3983,2005-07-06 23:14:21,1261,6,2005-07-12 17:55:21,2,280,1,3,Children,7,0.99,26.99,Jennifer Davis
6686,2005-07-12 12:18:38,3804,6,2005-07-13 17:56:38,2,833,2,3,Children,5,0.99,20.99,Jennifer Davis
57,2005-05-25 08:43:32,3938,6,2005-05-29 06:42:32,2,858,2,5,Comedy,5,4.99,21.99,Jennifer Davis
8101,2005-07-28 18:47:23,731,6,2005-07-31 16:23:23,1,160,1,2,Animation,4,0.99,12.99,Jennifer Davis
1966,2005-06-17 09:19:45,2085,6,2005-06-20 11:19:45,1,452,2,9,Foreign,4,0.99,15.99,Jennifer Davis
7099,2005-07-27 05:03:44,3136,6,2005-07-29 00:12:44,2,689,1,9,Foreign,5,2.99,14.99,Jennifer Davis
1841,2005-06-16 23:44:13,2363,6,2005-06-22 04:09:13,1,514,2,7,Drama,6,2.99,17.99,Jennifer Davis
7136,2005-07-27 06:38:25,1929,6,2005-08-03 05:13:25,1,418,2,7,Drama,5,0.99,27.99,Jennifer Davis
11023,2005-08-02 05:36:38,3617,6,2005-08-10 05:39:38,1,790,1,7,Drama,6,0.99,22.99,Jennifer Davis
577,2005-05-28 11:09:14,375,6,2005-06-01 13:27:14,2,83,1,8,Family,5,2.99,18.99,Jennifer Davis
5553,2005-07-10 03:03:35,1686,6,2005-07-14 07:49:35,2,367,2,14,Sci-Fi,6,0.99,20.99,Jennifer Davis
916,2005-05-30 11:25:01,1290,6,2005-05-31 09:06:01,1,285,1,14,Sci-Fi,3,0.99,18.99,Jennifer Davis
2345,2005-06-18 12:03:23,1818,6,2005-06-22 14:25:23,2,395,1,1,Action,4,0.99,28.99,Jennifer Davis
4278,2005-07-07 14:53:24,3693,6,2005-07-13 14:21:24,2,807,2,10,Games,4,0.99,25.99,Jennifer Davis
10271,2005-08-01 03:13:39,3692,6,2005-08-07 23:40:39,1,807,2,10,Games,4,0.99,25.99,Jennifer Davis
1575,2005-06-16 03:41:38,3317,6,2005-06-22 03:01:38,2,730,1,13,New,3,0.99,28.99,Jennifer Davis
6248,2005-07-11 15:01:54,2686,6,2005-07-19 16:58:54,1,590,1,13,New,3,2.99,17.99,Jennifer Davis
9094,2005-07-30 08:35:10,2699,140,2005-08-07 08:18:10,2,592,2,12,Music,6,2.99,28.99,Eva Ramos
6286,2005-07-11 16:55:35,1070,140,2005-07-13 22:51:35,1,239,1,2,Animation,5,4.99,16.99,Eva Ramos
3171,2005-06-20 22:15:47,2838,140,2005-06-24 18:14:47,1,623,1,9,Foreign,4,0.99,9.99,Eva Ramos
6407,2005-07-11 23:02:19,775,140,2005-07-21 00:30:19,1,169,2,16,Travel,3,2.99,19.99,Eva Ramos
1586,2005-06-16 04:51:18,769,140,2005-06-21 06:54:18,2,167,2,16,Travel,6,4.99,10.99,Eva Ramos
6571,2005-07-12 05:51:47,3700,140,2005-07-15 11:31:47,1,810,1,8,Family,5,0.99,21.99,Eva Ramos
9404,2005-07-30 20:21:35,3832,140,2005-08-02 15:52:35,1,839,2,14,Sci-Fi,5,0.99,23.99,Eva Ramos
10342,2005-08-01 05:11:11,332,140,2005-08-10 00:27:11,1,73,2,14,Sci-Fi,5,2.99,22.99,Eva Ramos
7170,2005-07-27 07:58:26,370,140,2005-07-28 02:30:26,1,81,1,14,Sci-Fi,6,4.99,29.99,Eva Ramos
6918,2005-07-12 22:30:29,4085,140,2005-07-19 22:51:29,1,890,2,15,Sports,5,0.99,14.99,Eva Ramos
2332,2005-06-18 10:53:51,2152,140,2005-06-24 12:06:51,2,465,1,13,New,4,4.99,17.99,Eva Ramos
1687,2005-06-16 12:09:20,3686,140,2005-06-18 06:18:20,2,806,1,13,New,4,2.99,25.99,Eva Ramos
6518,2005-07-12 03:59:42,2698,288,2005-07-19 22:21:42,2,592,2,12,Music,6,2.99,28.99,Bobbie Craig
9732,2005-07-31 08:56:08,3262,288,2005-08-07 11:05:08,2,718,2,12,Music,7,0.99,24.99,Bobbie Craig
4692,2005-07-08 11:07:06,1490,288,2005-07-09 14:08:06,1,326,2,2,Animation,6,2.99,18.99,Bobbie Craig
427,2005-05-27 16:10:04,1677,288,2005-06-05 13:22:04,2,366,1,7,Drama,3,0.99,29.99,Bobbie Craig
10927,2005-08-02 02:31:15,4125,288,2005-08-10 20:41:15,1,897,1,7,Drama,3,4.99,27.99,Bobbie Craig
6399,2005-07-11 22:39:05,2031,288,2005-07-16 01:12:05,1,442,1,8,Family,6,2.99,24.99,Bobbie Craig
1466,2005-06-15 20:46:04,1057,288,2005-06-24 22:46:04,1,235,2,14,Sci-Fi,6,2.99,13.99,Bobbie Craig
503,2005-05-28 01:35:25,3005,288,2005-05-28 22:12:25,2,659,2,1,Action,3,4.99,14.99,Bobbie Craig
565,2005-05-28 09:26:31,1494,288,2005-06-01 07:28:31,1,327,1,1,Action,3,4.99,24.99,Bobbie Craig
7855,2005-07-28 09:43:02,2474,288,2005-07-30 12:57:02,2,542,1,1,Action,3,2.99,28.99,Bobbie Craig
7744,2005-07-28 05:38:20,1863,288,2005-07-31 11:00:20,1,406,2,10,Games,5,0.99,22.99,Bobbie Craig
4758,2005-07-08 14:38:02,3698,288,2005-07-13 12:09:02,2,809,2,15,Sports,5,0.99,14.99,Bobbie Craig
9429,2005-07-30 21:19:26,1769,288,2005-08-07 18:39:26,1,383,2,15,Sports,6,0.99,13.99,Bobbie Craig
93,2005-05-25 15:54:16,4360,288,2005-06-03 20:18:16,1,951,1,4,Classics,6,0.99,28.99,Bobbie Craig
3958,2005-07-06 22:07:33,4117,288,2005-07-10 19:31:33,2,895,1,4,Classics,3,2.99,21.99,Bobbie Craig
827,2005-05-29 21:58:43,62,573,2005-06-06 00:54:43,1,12,1,12,Music,6,0.99,22.99,Byron Box
11043,2005-08-02 06:04:44,65,573,2005-08-06 11:37:44,1,12,2,12,Music,6,0.99,22.99,Byron Box
5903,2005-07-10 20:39:04,1388,573,2005-07-11 17:41:04,1,304,2,3,Children,3,2.99,28.99,Byron Box
3768,2005-07-06 13:07:30,3995,573,2005-07-09 16:26:30,2,870,2,11,Horror,4,0.99,12.99,Byron Box
9846,2005-07-31 12:30:12,4240,573,2005-08-05 08:24:12,2,922,1,11,Horror,7,4.99,22.99,Byron Box
3930,2005-07-06 20:54:07,165,573,2005-07-10 18:31:07,1,35,2,11,Horror,4,2.99,24.99,Byron Box
9963,2005-07-31 16:16:46,1609,573,2005-08-02 22:00:46,1,351,2,11,Horror,4,2.99,10.99,Byron Box
10887,2005-08-02 00:52:35,3450,573,2005-08-03 05:37:35,1,756,2,5,Comedy,7,2.99,10.99,Byron Box
8400,2005-07-29 06:23:56,3680,573,2005-07-31 02:41:56,2,805,1,2,Animation,5,4.99,12.99,Byron Box
5036,2005-07-09 02:58:41,75,573,2005-07-17 04:09:41,1,15,2,9,Foreign,5,2.99,10.99,Byron Box
4023,2005-07-07 01:55:25,274,573,2005-07-08 02:43:25,2,61,1,7,Drama,5,4.99,28.99,Byron Box
1613,2005-06-16 06:55:10,4462,573,2005-06-24 12:08:10,1,975,1,8,Family,6,2.99,22.99,Byron Box
5522,2005-07-10 01:46:29,2622,573,2005-07-18 00:41:29,2,575,1,6,Documentary,3,4.99,27.99,Byron Box
4609,2005-07-08 07:22:29,3711,573,2005-07-10 08:06:29,1,812,1,6,Documentary,7,0.99,13.99,Byron Box
2995,2005-06-20 09:18:22,4544,573,2005-06-26 14:31:22,1,992,2,6,Documentary,5,0.99,17.99,Byron Box
10296,2005-08-01 04:04:37,1958,573,2005-08-01 23:59:37,1,427,1,6,Documentary,5,0.99,19.99,Byron Box
4085,2005-07-07 05:25:39,1683,573,2005-07-12 04:30:39,1,367,1,14,Sci-Fi,6,0.99,20.99,Byron Box
9971,2005-07-31 16:42:16,2674,573,2005-08-09 18:08:16,2,586,2,1,Action,4,0.99,27.99,Byron Box
3295,2005-06-21 07:04:17,1703,573,2005-06-29 01:52:17,1,371,1,1,Action,5,4.99,17.99,Byron Box
6693,2005-07-12 12:37:00,2014,573,2005-07-20 09:36:00,1,438,2,10,Games,3,2.99,22.99,Byron Box
9837,2005-07-31 12:14:19,3488,573,2005-08-09 17:08:19,1,764,2,15,Sports,3,4.99,28.99,Byron Box
2622,2005-06-19 08:10:41,1393,573,2005-06-28 10:44:41,2,305,1,13,New,6,2.99,24.99,Byron Box
4770,2005-07-08 15:29:46,2406,573,2005-07-14 13:31:46,1,525,2,4,Classics,4,0.99,29.99,Byron Box
4061,2005-07-07 04:13:35,62,70,2005-07-10 23:58:35,2,12,1,12,Music,6,0.99,22.99,Christina Ramirez
7714,2005-07-28 04:32:30,940,70,2005-08-02 07:10:30,2,208,1,2,Animation,7,2.99,16.99,Christina Ramirez
8747,2005-07-29 19:07:57,2584,70,2005-07-30 16:01:57,1,567,1,9,Foreign,3,2.99,26.99,Christina Ramirez
5927,2005-07-10 21:57:14,807,70,2005-07-16 19:32:14,1,175,2,8,Family,3,2.99,27.99,Christina Ramirez
7421,2005-07-27 17:10:05,3548,70,2005-08-05 17:55:05,1,776,1,6,Documentary,6,4.99,11.99,Christina Ramirez
8550,2005-07-29 11:12:37,1340,70,2005-07-30 15:05:37,2,295,2,6,Documentary,3,0.99,14.99,Christina Ramirez
7036,2005-07-27 03:06:12,2569,70,2005-07-28 23:26:12,2,563,1,10,Games,6,4.99,16.99,Christina Ramirez
1044,2005-05-31 06:24:44,2574,70,2005-06-03 04:51:44,1,563,2,10,Games,6,4.99,16.99,Christina Ramirez
2472,2005-06-18 20:32:40,4556,70,2005-06-20 00:40:40,2,994,1,13,New,6,4.99,29.99,Christina Ramirez
9179,2005-07-30 12:02:41,62,50,2005-08-05 15:23:41,2,12,1,12,Music,6,0.99,22.99,Diane Collins
8619,2005-07-29 13:50:08,2169,50,2005-08-06 13:15:08,1,468,2,3,Children,5,2.99,12.99,Diane Collins
6667,2005-07-12 11:36:22,215,50,2005-07-19 12:53:22,1,48,2,3,Children,3,4.99,24.99,Diane Collins
1136,2005-05-31 19:19:36,3963,50,2005-06-09 16:04:36,2,864,1,3,Children,5,0.99,21.99,Diane Collins
4149,2005-07-07 08:40:17,3028,50,2005-07-10 02:58:17,2,665,1,11,Horror,4,2.99,22.99,Diane Collins
3000,2005-06-20 09:32:33,549,50,2005-06-22 07:45:33,1,119,2,5,Comedy,6,0.99,22.99,Diane Collins
10261,2005-08-01 02:58:27,2346,50,2005-08-01 21:55:27,2,510,1,2,Animation,6,4.99,29.99,Diane Collins
905,2005-05-30 10:25:00,4372,50,2005-06-06 06:23:00,1,953,1,2,Animation,3,0.99,9.99,Diane Collins
8261,2005-07-29 01:11:05,1915,50,2005-08-04 03:13:05,2,416,2,9,Foreign,6,0.99,10.99,Diane Collins
10485,2005-08-01 10:20:34,29,50,2005-08-09 09:20:34,1,6,2,9,Foreign,3,2.99,17.99,Diane Collins
3169,2005-06-20 21:55:54,2437,50,2005-06-25 19:45:54,1,531,2,9,Foreign,3,0.99,18.99,Diane Collins
5681,2005-07-10 08:48:39,4176,50,2005-07-18 07:17:39,1,908,1,9,Foreign,3,4.99,11.99,Diane Collins
7383,2005-07-27 15:46:53,3860,50,2005-08-03 11:10:53,1,845,1,9,Foreign,7,4.99,9.99,Diane Collins
9615,2005-07-31 03:59:56,3370,50,2005-08-02 00:46:56,2,739,2,7,Drama,4,4.99,17.99,Diane Collins
763,2005-05-29 11:32:15,2022,50,2005-05-31 17:31:15,1,439,2,7,Drama,4,4.99,28.99,Diane Collins
5290,2005-07-09 15:14:47,277,50,2005-07-11 20:30:47,2,61,2,7,Drama,5,4.99,28.99,Diane Collins
5928,2005-07-10 21:58:30,4132,50,2005-07-15 19:41:30,1,897,2,7,Drama,3,4.99,27.99,Diane Collins
794,2005-05-29 16:44:11,1995,50,2005-06-05 16:11:11,1,434,2,16,Travel,3,0.99,25.99,Diane Collins
1223,2005-06-15 03:38:53,1299,50,2005-06-20 01:00:53,2,286,2,16,Travel,7,2.99,16.99,Diane Collins
1029,2005-05-31 03:52:02,2082,50,2005-06-06 08:10:02,1,451,2,16,Travel,7,4.99,12.99,Diane Collins
8089,2005-07-28 18:26:47,1414,50,2005-08-03 21:28:47,1,309,2,8,Family,6,0.99,29.99,Diane Collins
5641,2005-07-10 06:43:43,3568,50,2005-07-15 06:33:43,1,780,2,8,Family,7,4.99,15.99,Diane Collins
11053,2005-08-02 06:27:13,2599,50,2005-08-09 11:24:13,2,571,1,6,Documentary,6,2.99,26.99,Diane Collins
9691,2005-07-31 07:09:55,2626,50,2005-08-09 02:29:55,1,575,2,6,Documentary,3,4.99,27.99,Diane Collins
10180,2005-07-31 23:57:43,757,50,2005-08-09 04:04:43,2,165,2,14,Sci-Fi,7,4.99,27.99,Diane Collins
1785,2005-06-16 19:27:12,3413,50,2005-06-24 19:25:12,1,748,1,1,Action,4,0.99,16.99,Diane Collins
6634,2005-07-12 09:37:18,2943,50,2005-07-13 09:28:18,1,646,1,10,Games,6,0.99,12.99,Diane Collins
10165,2005-07-31 23:21:23,3476,50,2005-08-06 18:06:23,1,762,2,10,Games,6,0.99,29.99,Diane Collins
10046,2005-07-31 19:07:11,4302,50,2005-08-03 13:25:11,1,937,2,13,New,7,2.99,14.99,Diane Collins
2725,2005-06-19 15:01:23,63,246,2005-06-22 09:08:23,1,12,2,12,Music,6,0.99,22.99,Marian Mendoza
124,2005-05-25 20:46:11,212,246,2005-05-30 00:47:11,2,48,1,3,Children,3,4.99,24.99,Marian Mendoza
2704,2005-06-19 13:50:10,2026,246,2005-06-26 18:25:10,2,440,2,9,Foreign,6,0.99,21.99,Marian Mendoza
434,2005-05-27 16:54:27,3360,246,2005-06-04 22:26:27,1,738,1,9,Foreign,3,0.99,27.99,Marian Mendoza
6688,2005-07-12 12:22:12,2377,246,2005-07-14 14:05:12,1,518,2,16,Travel,5,4.99,15.99,Marian Mendoza
1448,2005-06-15 19:17:16,2781,246,2005-06-23 21:56:16,2,610,2,8,Family,7,0.99,17.99,Marian Mendoza
4905,2005-07-08 20:56:00,4101,246,2005-07-12 00:19:00,2,893,1,14,Sci-Fi,4,4.99,11.99,Marian Mendoza
699,2005-05-29 02:11:44,130,246,2005-06-04 20:23:44,2,26,1,14,Sci-Fi,3,0.99,15.99,Marian Mendoza
5347,2005-07-09 17:31:32,1293,246,2005-07-10 21:06:32,2,285,2,14,Sci-Fi,3,0.99,18.99,Marian Mendoza
10683,2005-08-01 17:33:03,244,246,2005-08-04 23:12:03,1,55,1,14,Sci-Fi,6,2.99,27.99,Marian Mendoza
4994,2005-07-09 00:54:13,2546,246,2005-07-09 21:02:13,1,559,1,14,Sci-Fi,7,2.99,22.99,Marian Mendoza
9525,2005-07-31 01:02:18,2990,246,2005-08-06 21:31:18,1,655,2,14,Sci-Fi,5,4.99,22.99,Marian Mendoza
1968,2005-06-17 09:20:36,1139,246,2005-06-18 11:06:36,2,252,2,1,Action,6,2.99,18.99,Marian Mendoza
4092,2005-07-07 05:54:18,1721,246,2005-07-16 09:14:18,1,375,1,1,Action,4,2.99,17.99,Marian Mendoza
1051,2005-05-31 07:02:09,1025,246,2005-06-03 01:32:09,1,229,2,1,Action,6,4.99,12.99,Marian Mendoza
421,2005-05-27 15:30:13,2985,246,2005-06-04 13:19:13,2,654,2,10,Games,4,4.99,19.99,Marian Mendoza
3152,2005-06-20 20:42:41,1022,246,2005-06-28 21:12:41,1,228,2,4,Classics,4,0.99,16.99,Marian Mendoza
10208,2005-08-01 00:54:51,3324,246,2005-08-04 22:39:51,2,731,2,4,Classics,7,4.99,29.99,Marian Mendoza
5498,2005-07-10 00:27:21,63,302,2005-07-13 20:11:21,2,12,2,12,Music,6,0.99,22.99,Michael Silverman
5682,2005-07-10 08:51:39,17,302,2005-07-12 14:44:39,2,4,1,11,Horror,5,2.99,26.99,Michael Silverman
1231,2005-06-15 04:04:41,3003,302,2005-06-20 23:52:41,2,658,2,11,Horror,7,2.99,19.99,Michael Silverman
8363,2005-07-29 05:10:08,1607,302,2005-08-06 00:11:08,1,351,2,11,Horror,4,2.99,10.99,Michael Silverman
8795,2005-07-29 21:04:14,1896,302,2005-07-31 02:58:14,2,413,1,5,Comedy,7,2.99,16.99,Michael Silverman
4676,2005-07-08 10:26:02,2590,302,2005-07-10 13:38:02,2,568,2,5,Comedy,4,4.99,11.99,Michael Silverman
9581,2005-07-31 03:03:07,2588,302,2005-08-05 23:01:07,1,568,1,5,Comedy,4,4.99,11.99,Michael Silverman
8646,2005-07-29 14:48:48,89,302,2005-08-03 18:11:48,2,18,1,2,Animation,6,0.99,27.99,Michael Silverman
5709,2005-07-10 10:31:52,732,302,2005-07-12 10:47:52,1,160,1,2,Animation,4,0.99,12.99,Michael Silverman
7183,2005-07-27 08:18:38,3384,302,2005-08-01 03:24:38,1,743,2,2,Animation,7,0.99,27.99,Michael Silverman
9146,2005-07-30 10:32:08,483,302,2005-08-08 14:30:08,1,107,2,7,Drama,4,2.99,13.99,Michael Silverman
92,2005-05-25 15:38:46,775,302,2005-05-31 13:40:46,2,169,2,16,Travel,3,2.99,19.99,Michael Silverman
10329,2005-08-01 04:56:13,2289,302,2005-08-03 03:54:13,1,496,2,16,Travel,3,0.99,10.99,Michael Silverman
5821,2005-07-10 16:07:16,147,302,2005-07-14 19:48:16,1,31,1,8,Family,5,4.99,16.99,Michael Silverman
38,2005-05-25 04:47:44,2540,302,2005-06-01 00:58:44,1,557,1,8,Family,5,2.99,27.99,Michael Silverman
7411,2005-07-27 16:42:30,515,302,2005-08-05 17:38:30,1,114,1,14,Sci-Fi,3,0.99,26.99,Michael Silverman
9374,2005-07-30 19:10:03,103,302,2005-08-06 21:54:03,2,21,1,1,Action,3,4.99,17.99,Michael Silverman
6623,2005-07-12 09:05:34,4412,302,2005-07-19 13:54:34,2,964,2,1,Action,4,4.99,17.99,Michael Silverman
9358,2005-07-30 18:37:24,712,302,2005-08-07 23:34:24,2,155,2,13,New,6,0.99,26.99,Michael Silverman
7918,2005-07-28 11:58:53,63,473,2005-08-04 12:08:53,2,12,2,12,Music,6,0.99,22.99,Jorge Olivares
9025,2005-07-30 05:50:08,2244,473,2005-07-31 09:58:08,1,485,2,3,Children,6,4.99,16.99,Jorge Olivares
3971,2005-07-06 22:50:40,4415,473,2005-07-08 01:02:40,1,965,1,11,Horror,6,0.99,28.99,Jorge Olivares
9120,2005-07-30 09:26:08,139,473,2005-08-08 09:52:08,1,28,1,5,Comedy,5,4.99,16.99,Jorge Olivares
5447,2005-07-09 22:09:28,2530,473,2005-07-18 20:03:28,2,555,2,5,Comedy,4,0.99,25.99,Jorge Olivares
7111,2005-07-27 05:38:16,1252,473,2005-07-29 04:28:16,2,276,1,5,Comedy,6,4.99,28.99,Jorge Olivares
10867,2005-08-02 00:24:15,2577,473,2005-08-05 21:09:15,1,564,2,2,Animation,4,2.99,11.99,Jorge Olivares
7215,2005-07-27 09:24:00,2713,473,2005-08-05 07:37:00,2,595,2,9,Foreign,7,0.99,20.99,Jorge Olivares
973,2005-05-30 20:27:45,1914,473,2005-06-08 22:47:45,2,416,2,9,Foreign,6,0.99,10.99,Jorge Olivares
1748,2005-06-16 16:54:03,2434,473,2005-06-18 20:11:03,1,531,2,9,Foreign,3,0.99,18.99,Jorge Olivares
348,2005-05-27 04:50:56,1825,473,2005-06-01 04:43:56,1,396,2,7,Drama,5,4.99,18.99,Jorge Olivares
942,2005-05-30 15:05:47,4279,473,2005-06-08 15:59:47,2,931,2,16,Travel,7,0.99,9.99,Jorge Olivares
11006,2005-08-02 05:05:52,2776,473,2005-08-05 03:33:52,1,609,2,16,Travel,7,2.99,23.99,Jorge Olivares
4006,2005-07-07 00:25:29,397,473,2005-07-08 05:30:29,2,88,2,16,Travel,7,4.99,17.99,Jorge Olivares
4625,2005-07-08 08:14:26,318,473,2005-07-09 03:45:26,1,71,2,8,Family,3,4.99,25.99,Jorge Olivares
7928,2005-07-28 12:15:51,912,473,2005-08-05 06:34:51,1,203,2,14,Sci-Fi,5,4.99,9.99,Jorge Olivares
4873,2005-07-08 19:23:32,4500,473,2005-07-11 15:24:32,1,982,2,1,Action,4,0.99,23.99,Jorge Olivares
6446,2005-07-12 00:44:08,3634,473,2005-07-14 20:39:08,2,793,1,1,Action,6,2.99,14.99,Jorge Olivares
2553,2005-06-19 03:04:59,923,473,2005-06-26 02:36:59,2,205,1,1,Action,3,0.99,22.99,Jorge Olivares
6890,2005-07-12 21:03:03,2538,473,2005-07-14 00:47:03,1,556,2,10,Games,6,4.99,26.99,Jorge Olivares
2748,2005-06-19 16:22:26,511,473,2005-06-21 21:55:26,1,113,2,15,Sports,4,4.99,19.99,Jorge Olivares
2125,2005-06-17 20:53:42,4303,473,2005-06-19 01:53:42,2,937,2,13,New,7,2.99,14.99,Jorge Olivares
1724,2005-06-16 15:15:43,61,146,2005-06-23 10:14:43,2,12,1,12,Music,6,0.99,22.99,Jamie Rice
2342,2005-06-18 11:42:40,2169,146,2005-06-20 14:40:40,1,468,2,3,Children,5,2.99,12.99,Jamie Rice
2099,2005-06-17 18:47:26,3660,146,2005-06-24 22:31:26,2,800,1,11,Horror,7,2.99,19.99,Jamie Rice
3131,2005-06-20 19:08:00,3678,146,2005-06-24 20:59:00,2,804,2,11,Horror,7,4.99,13.99,Jamie Rice
6327,2005-07-11 19:07:29,909,146,2005-07-15 16:09:29,1,202,1,5,Comedy,5,4.99,26.99,Jamie Rice
6102,2005-07-11 06:53:09,4305,146,2005-07-17 07:05:09,1,938,1,5,Comedy,3,4.99,14.99,Jamie Rice
762,2005-05-29 11:15:51,3683,146,2005-06-06 07:48:51,1,805,2,2,Animation,5,4.99,12.99,Jamie Rice
6990,2005-07-27 01:02:46,4065,146,2005-07-31 00:22:46,1,886,1,2,Animation,5,0.99,9.99,Jamie Rice
8246,2005-07-29 00:38:41,1724,146,2005-08-05 06:28:41,2,376,1,9,Foreign,4,0.99,20.99,Jamie Rice
2242,2005-06-18 04:32:28,1995,146,2005-06-24 03:26:28,2,434,2,16,Travel,3,0.99,25.99,Jamie Rice
5000,2005-07-09 01:16:13,668,146,2005-07-14 21:55:13,1,145,2,8,Family,5,4.99,25.99,Jamie Rice
2800,2005-06-19 19:15:56,183,146,2005-06-23 00:15:56,1,40,2,6,Documentary,4,0.99,22.99,Jamie Rice
1209,2005-06-15 02:31:12,1494,146,2005-06-21 07:39:12,1,327,1,1,Action,3,4.99,24.99,Jamie Rice
1073,2005-05-31 09:55:04,522,146,2005-06-07 03:55:04,1,115,2,1,Action,5,2.99,27.99,Jamie Rice
4849,2005-07-08 18:34:34,4323,146,2005-07-14 20:27:34,2,941,2,10,Games,4,4.99,10.99,Jamie Rice
6184,2005-07-11 11:19:21,1131,146,2005-07-19 07:35:21,1,251,1,13,New,6,4.99,19.99,Jamie Rice
5594,2005-07-10 04:33:36,61,440,2005-07-12 08:13:36,2,12,1,12,Music,6,0.99,22.99,Bernard Colby
4301,2005-07-07 16:37:23,1630,440,2005-07-11 18:05:23,2,356,1,3,Children,5,2.99,10.99,Bernard Colby
9547,2005-07-31 01:52:34,2414,440,2005-08-03 23:12:34,2,527,1,11,Horror,4,4.99,24.99,Bernard Colby
5731,2005-07-10 11:31:52,2960,440,2005-07-14 11:44:52,1,649,2,2,Animation,4,2.99,14.99,Bernard Colby
9001,2005-07-30 04:59:41,3682,440,2005-07-31 08:56:41,2,805,2,2,Animation,5,4.99,12.99,Bernard Colby
9195,2005-07-30 12:29:43,944,440,2005-08-04 12:35:43,1,209,1,7,Drama,6,2.99,24.99,Bernard Colby
4946,2005-07-08 22:46:23,272,440,2005-07-16 17:19:23,1,61,1,7,Drama,5,4.99,28.99,Bernard Colby
7585,2005-07-27 23:18:22,467,440,2005-07-30 23:08:22,1,103,1,16,Travel,7,4.99,27.99,Bernard Colby
5782,2005-07-10 13:52:56,2514,440,2005-07-15 09:32:56,2,552,2,6,Documentary,5,0.99,15.99,Bernard Colby
957,2005-05-30 17:53:29,4428,440,2005-06-03 15:31:29,2,968,1,1,Action,6,4.99,19.99,Bernard Colby
7806,2005-07-28 07:58:17,4317,440,2005-08-06 10:15:17,1,941,1,10,Games,4,4.99,10.99,Bernard Colby
7614,2005-07-28 00:14:38,3475,440,2005-07-29 18:18:38,1,762,2,10,Games,6,0.99,29.99,Bernard Colby
5423,2005-07-09 20:56:48,1952,440,2005-07-17 14:58:48,2,425,2,4,Classics,6,0.99,20.99,Bernard Colby
8563,2005-07-29 11:32:58,61,67,2005-08-05 07:21:58,2,12,1,12,Music,6,0.99,22.99,Kelly Torres
9640,2005-07-31 05:33:25,1067,67,2005-08-09 09:41:25,1,238,1,3,Children,4,2.99,29.99,Kelly Torres
4090,2005-07-07 05:47:33,3096,67,2005-07-08 04:25:33,2,680,2,5,Comedy,4,4.99,21.99,Kelly Torres
2542,2005-06-19 02:08:39,1446,67,2005-06-26 20:25:39,1,317,1,5,Comedy,4,0.99,25.99,Kelly Torres
5510,2005-07-10 00:58:37,1298,67,2005-07-17 22:02:37,2,286,2,16,Travel,7,2.99,16.99,Kelly Torres
6137,2005-07-11 08:34:20,2029,67,2005-07-13 03:31:20,2,442,1,8,Family,6,2.99,24.99,Kelly Torres
5399,2005-07-09 19:52:44,261,67,2005-07-10 18:31:44,2,58,2,6,Documentary,6,2.99,16.99,Kelly Torres
767,2005-05-29 12:20:19,687,67,2005-06-02 14:15:19,2,150,2,6,Documentary,7,2.99,9.99,Kelly Torres
7277,2005-07-27 11:48:37,1544,67,2005-08-03 07:20:37,1,338,2,14,Sci-Fi,6,4.99,23.99,Kelly Torres
3359,2005-06-21 12:08:18,3825,67,2005-06-25 16:35:18,2,838,1,1,Action,5,4.99,25.99,Kelly Torres
331,2005-05-27 02:22:26,1872,67,2005-06-05 00:25:26,1,408,2,10,Games,4,4.99,28.99,Kelly Torres
7895,2005-07-28 10:57:15,900,67,2005-08-02 15:10:15,2,200,1,10,Games,7,0.99,27.99,Kelly Torres
2810,2005-06-19 19:44:12,2558,67,2005-06-20 19:41:12,2,560,2,10,Games,6,0.99,21.99,Kelly Torres
2064,2005-06-17 15:57:56,1970,67,2005-06-23 21:04:56,2,429,2,15,Sports,3,0.99,29.99,Kelly Torres
2659,2005-06-19 10:47:42,66,139,2005-06-23 14:03:42,1,12,2,12,Music,6,0.99,22.99,Amber Dixon
5092,2005-07-09 05:57:39,3256,139,2005-07-12 00:45:39,2,716,2,11,Horror,6,2.99,26.99,Amber Dixon
4663,2005-07-08 09:59:18,2959,139,2005-07-10 11:25:18,1,649,1,2,Animation,4,2.99,14.99,Amber Dixon
2718,2005-06-19 14:49:42,4443,139,2005-06-26 19:37:42,1,971,1,9,Foreign,4,4.99,11.99,Amber Dixon
6740,2005-07-12 14:22:08,2431,139,2005-07-14 14:35:08,1,531,1,9,Foreign,3,0.99,18.99,Amber Dixon
10900,2005-08-02 01:34:26,1749,139,2005-08-07 00:52:26,2,380,2,9,Foreign,7,2.99,11.99,Amber Dixon
5265,2005-07-09 14:15:01,4482,139,2005-07-18 14:43:01,2,979,2,7,Drama,6,4.99,10.99,Amber Dixon
9920,2005-07-31 14:57:13,3108,139,2005-08-03 18:58:13,2,683,1,7,Drama,5,4.99,19.99,Amber Dixon
4660,2005-07-08 09:54:47,1208,139,2005-07-11 15:19:47,2,269,1,8,Family,3,0.99,22.99,Amber Dixon
6496,2005-07-12 02:57:39,3550,139,2005-07-20 01:43:39,1,776,2,6,Documentary,6,4.99,11.99,Amber Dixon
5390,2005-07-09 19:26:22,715,139,2005-07-14 22:46:22,1,156,2,6,Documentary,3,4.99,15.99,Amber Dixon
7767,2005-07-28 06:42:02,329,139,2005-08-05 11:19:02,2,73,1,14,Sci-Fi,5,2.99,22.99,Amber Dixon
7369,2005-07-27 15:07:58,3889,139,2005-07-30 09:16:58,2,850,1,1,Action,7,0.99,27.99,Amber Dixon
1736,2005-06-16 15:52:32,3771,139,2005-06-21 14:39:32,2,825,1,1,Action,6,2.99,22.99,Amber Dixon
1169,2005-06-14 23:42:56,1062,139,2005-06-16 04:02:56,2,236,2,10,Games,4,2.99,19.99,Amber Dixon
9415,2005-07-30 20:48:31,3336,139,2005-08-05 19:45:31,2,733,2,15,Sports,4,0.99,29.99,Amber Dixon
5494,2005-07-10 00:15:00,3087,139,2005-07-17 01:12:00,2,678,1,15,Sports,3,2.99,23.99,Amber Dixon
5170,2005-07-09 09:24:19,66,209,2005-07-18 04:02:19,1,12,2,12,Music,6,0.99,22.99,Tonya Chapman
10811,2005-08-01 22:41:15,4012,209,2005-08-10 00:10:15,1,873,2,3,Children,3,0.99,13.99,Tonya Chapman
1201,2005-06-15 02:06:28,2679,209,2005-06-16 21:38:28,2,588,2,3,Children,4,4.99,11.99,Tonya Chapman
3504,2005-07-06 00:18:29,268,209,2005-07-10 00:24:29,2,59,2,3,Children,4,2.99,20.99,Tonya Chapman
9054,2005-07-30 07:11:44,2860,209,2005-08-08 01:55:44,2,626,2,3,Children,5,2.99,12.99,Tonya Chapman
4810,2005-07-08 17:04:06,4056,209,2005-07-09 13:41:06,1,883,2,3,Children,6,4.99,17.99,Tonya Chapman
8067,2005-07-28 17:20:17,3923,209,2005-07-29 21:55:17,1,856,1,11,Horror,5,4.99,11.99,Tonya Chapman
5219,2005-07-09 11:57:55,3933,209,2005-07-15 09:43:55,2,857,2,5,Comedy,3,2.99,24.99,Tonya Chapman
4907,2005-07-08 21:01:41,1206,209,2005-07-13 02:23:41,2,268,2,2,Animation,6,4.99,27.99,Tonya Chapman
4309,2005-07-07 17:29:41,3549,209,2005-07-14 22:22:41,2,776,1,6,Documentary,6,4.99,11.99,Tonya Chapman
7505,2005-07-27 20:28:03,1342,209,2005-08-03 17:04:03,1,295,2,6,Documentary,3,0.99,14.99,Tonya Chapman
471,2005-05-27 21:32:42,2872,209,2005-05-31 00:39:42,2,629,2,6,Documentary,7,0.99,9.99,Tonya Chapman
6210,2005-07-11 12:36:43,931,209,2005-07-17 17:45:43,2,206,2,6,Documentary,6,0.99,25.99,Tonya Chapman
2650,2005-06-19 10:21:45,4211,209,2005-06-21 08:01:45,1,915,2,1,Action,7,4.99,9.99,Tonya Chapman
1657,2005-06-16 10:06:49,953,209,2005-06-22 10:34:49,2,212,2,1,Action,7,4.99,14.99,Tonya Chapman
8816,2005-07-29 21:53:00,3984,209,2005-08-01 21:20:00,1,869,1,1,Action,4,2.99,22.99,Tonya Chapman
340,2005-05-27 03:55:25,946,209,2005-06-04 07:57:25,2,210,2,1,Action,3,4.99,13.99,Tonya Chapman
10554,2005-08-01 12:56:19,3220,209,2005-08-03 09:44:19,2,707,2,1,Action,5,2.99,29.99,Tonya Chapman
2796,2005-06-19 19:00:37,2337,209,2005-06-25 17:18:37,2,508,2,10,Games,6,4.99,18.99,Tonya Chapman
7116,2005-07-27 05:46:43,1755,209,2005-08-05 05:54:43,1,381,2,10,Games,7,4.99,25.99,Tonya Chapman
10646,2005-08-01 15:57:55,1752,209,2005-08-02 19:08:55,1,381,1,10,Games,7,4.99,25.99,Tonya Chapman
1143,2005-05-31 19:53:03,2632,209,2005-06-06 20:56:03,2,577,1,15,Sports,4,0.99,10.99,Tonya Chapman
7269,2005-07-27 11:23:47,2089,209,2005-07-31 13:10:47,1,453,1,15,Sports,3,2.99,17.99,Tonya Chapman
4071,2005-07-07 04:37:26,2883,209,2005-07-13 06:45:26,2,632,1,13,New,5,4.99,10.99,Tonya Chapman
7752,2005-07-28 06:01:00,2218,209,2005-08-03 06:09:00,1,480,1,4,Classics,3,2.99,29.99,Tonya Chapman
8759,2005-07-29 19:22:37,844,209,2005-08-07 15:36:37,2,184,2,4,Classics,3,2.99,24.99,Tonya Chapman
9923,2005-07-31 15:00:15,1635,209,2005-08-05 11:09:15,2,357,2,4,Classics,7,0.99,13.99,Tonya Chapman
2808,2005-06-19 19:34:45,65,325,2005-06-27 14:49:45,1,12,2,12,Music,6,0.99,22.99,Timothy Bunn
5470,2005-07-09 23:10:49,3254,325,2005-07-18 04:30:49,1,716,1,11,Horror,6,2.99,26.99,Timothy Bunn
6135,2005-07-11 08:32:23,833,325,2005-07-17 08:43:23,1,182,1,5,Comedy,7,4.99,9.99,Timothy Bunn
5740,2005-07-10 11:51:58,2147,325,2005-07-12 07:53:58,2,464,1,2,Animation,3,2.99,13.99,Timothy Bunn
2502,2005-06-18 23:12:13,2622,325,2005-06-20 04:19:13,2,575,1,6,Documentary,3,4.99,27.99,Timothy Bunn
7223,2005-07-27 09:42:27,2623,325,2005-08-04 04:02:27,1,575,2,6,Documentary,3,4.99,27.99,Timothy Bunn
7687,2005-07-28 03:20:26,689,325,2005-08-02 05:48:26,2,150,2,6,Documentary,7,2.99,9.99,Timothy Bunn
131,2005-05-25 21:42:46,815,325,2005-05-30 23:25:46,2,177,2,14,Sci-Fi,4,4.99,20.99,Timothy Bunn
8539,2005-07-29 10:48:24,599,325,2005-07-30 06:29:24,2,130,2,1,Action,7,0.99,24.99,Timothy Bunn
10326,2005-08-01 04:55:34,3856,325,2005-08-02 05:18:34,1,844,1,15,Sports,6,4.99,16.99,Timothy Bunn
2507,2005-06-18 23:39:22,3121,325,2005-06-21 19:23:22,1,686,1,13,New,5,4.99,9.99,Timothy Bunn
6622,2005-07-12 09:04:11,4350,325,2005-07-13 04:27:11,1,948,2,13,New,6,0.99,22.99,Timothy Bunn
10030,2005-07-31 18:39:36,1392,325,2005-08-03 15:29:36,2,305,1,13,New,6,2.99,24.99,Timothy Bunn
10070,2005-07-31 19:46:29,1010,325,2005-08-03 22:21:29,1,226,2,13,New,4,4.99,20.99,Timothy Bunn
10412,2005-08-01 07:57:16,1555,325,2005-08-04 11:44:16,2,341,2,4,Classics,5,0.99,13.99,Timothy Bunn
5775,2005-07-10 13:34:26,2175,325,2005-07-15 10:01:26,1,469,2,4,Classics,7,4.99,27.99,Timothy Bunn
3705,2005-07-06 10:17:59,65,223,2005-07-10 15:31:59,1,12,2,12,Music,6,0.99,22.99,Melinda Fernandez
3513,2005-07-06 00:45:57,4225,223,2005-07-11 19:04:57,2,918,2,3,Children,4,4.99,23.99,Melinda Fernandez
11040,2005-08-02 06:03:22,2297,223,2005-08-03 07:58:22,1,500,1,9,Foreign,5,4.99,11.99,Melinda Fernandez
4874,2005-07-08 19:23:38,2386,223,2005-07-13 14:39:38,2,521,1,7,Drama,7,4.99,28.99,Melinda Fernandez
8362,2005-07-29 05:09:11,2287,223,2005-08-04 00:08:11,2,496,1,16,Travel,3,0.99,10.99,Melinda Fernandez
1839,2005-06-16 23:22:22,2750,223,2005-06-23 00:33:22,1,603,1,8,Family,6,4.99,27.99,Melinda Fernandez
524,2005-05-28 03:57:28,1962,223,2005-05-31 05:20:28,1,428,1,8,Family,6,2.99,21.99,Melinda Fernandez
7085,2005-07-27 04:35:44,2603,223,2005-08-05 07:10:44,2,571,2,6,Documentary,6,2.99,26.99,Melinda Fernandez
10053,2005-07-31 19:15:39,4102,223,2005-08-07 22:32:39,1,893,1,14,Sci-Fi,4,4.99,11.99,Melinda Fernandez
5996,2005-07-11 01:18:33,4263,223,2005-07-17 04:18:33,1,927,1,1,Action,6,2.99,16.99,Melinda Fernandez
2334,2005-06-18 10:56:24,3076,223,2005-06-22 10:38:24,2,676,2,15,Sports,7,4.99,16.99,Melinda Fernandez
839,2005-05-30 00:28:12,1886,337,2005-06-08 02:43:12,1,411,1,12,Music,5,4.99,13.99,Jerry Jordon
10765,2005-08-01 20:34:51,566,337,2005-08-04 00:02:51,1,122,2,11,Horror,7,0.99,11.99,Jerry Jordon
4091,2005-07-07 05:53:38,3928,337,2005-07-14 03:12:38,2,857,1,5,Comedy,3,2.99,24.99,Jerry Jordon
10664,2005-08-01 16:51:15,3167,337,2005-08-04 19:14:15,2,696,1,2,Animation,6,0.99,20.99,Jerry Jordon
9051,2005-07-30 07:05:54,1847,337,2005-08-07 09:12:54,2,402,2,2,Animation,3,0.99,15.99,Jerry Jordon
572,2005-05-28 10:30:13,1899,337,2005-06-02 05:04:13,2,414,1,9,Foreign,3,2.99,23.99,Jerry Jordon
6620,2005-07-12 08:51:03,2362,337,2005-07-16 03:59:03,2,514,2,7,Drama,6,2.99,17.99,Jerry Jordon
8919,2005-07-30 01:57:03,4006,337,2005-08-08 05:14:03,1,872,2,16,Travel,3,2.99,27.99,Jerry Jordon
7410,2005-07-27 16:41:59,1559,337,2005-07-29 22:11:59,1,342,1,16,Travel,7,4.99,28.99,Jerry Jordon
2014,2005-06-17 12:03:28,2969,337,2005-06-25 16:00:28,2,650,2,6,Documentary,3,0.99,27.99,Jerry Jordon
8516,2005-07-29 10:00:03,981,337,2005-08-02 09:34:03,1,219,1,6,Documentary,6,4.99,20.99,Jerry Jordon
4093,2005-07-07 05:54:50,1534,337,2005-07-12 00:34:50,1,336,1,6,Documentary,5,4.99,22.99,Jerry Jordon
374,2005-05-27 08:26:30,4420,337,2005-06-05 07:13:30,1,966,2,6,Documentary,3,0.99,14.99,Jerry Jordon
6212,2005-07-11 12:40:48,3962,337,2005-07-15 17:49:48,2,863,2,14,Sci-Fi,5,0.99,9.99,Jerry Jordon
1969,2005-06-17 09:22:22,4450,337,2005-06-21 05:31:22,2,972,2,14,Sci-Fi,4,4.99,24.99,Jerry Jordon
3626,2005-07-06 06:15:35,1599,337,2005-07-10 10:18:35,2,350,1,14,Sci-Fi,3,4.99,21.99,Jerry Jordon
6305,2005-07-11 18:02:25,1544,337,2005-07-20 13:29:25,1,338,2,14,Sci-Fi,6,4.99,23.99,Jerry Jordon
4855,2005-07-08 18:45:50,1146,337,2005-07-11 18:23:50,2,253,2,1,Action,5,4.99,18.99,Jerry Jordon
5050,2005-07-09 03:54:38,3876,337,2005-07-10 02:23:38,2,847,2,13,New,7,2.99,10.99,Jerry Jordon
2192,2005-06-18 01:35:47,1886,456,2005-06-23 23:38:47,2,411,1,12,Music,5,4.99,13.99,Ronnie Ricketts
4141,2005-07-07 08:19:20,1904,456,2005-07-11 06:54:20,1,414,2,9,Foreign,3,2.99,23.99,Ronnie Ricketts
1288,2005-06-15 08:41:52,830,456,2005-06-19 05:30:52,2,181,2,16,Travel,7,2.99,10.99,Ronnie Ricketts
10813,2005-08-01 22:43:00,3580,456,2005-08-03 21:43:00,1,783,1,16,Travel,5,2.99,22.99,Ronnie Ricketts
5964,2005-07-10 23:47:18,3981,456,2005-07-12 03:55:18,2,868,1,16,Travel,5,0.99,27.99,Ronnie Ricketts
2581,2005-06-19 04:54:13,376,456,2005-06-23 23:28:13,2,83,1,8,Family,5,2.99,18.99,Ronnie Ricketts
7248,2005-07-27 10:37:45,4256,456,2005-08-01 13:13:45,1,925,1,6,Documentary,3,0.99,27.99,Ronnie Ricketts
19,2005-05-25 01:17:24,1941,456,2005-05-31 06:00:24,1,422,2,14,Sci-Fi,7,4.99,25.99,Ronnie Ricketts
2146,2005-06-17 22:26:23,326,456,2005-06-26 17:10:23,1,73,1,14,Sci-Fi,5,2.99,22.99,Ronnie Ricketts
1700,2005-06-16 13:18:23,4251,456,2005-06-21 16:46:23,2,924,2,14,Sci-Fi,7,0.99,15.99,Ronnie Ricketts
6023,2005-07-11 02:15:57,3794,456,2005-07-15 21:30:57,2,831,1,14,Sci-Fi,5,0.99,20.99,Ronnie Ricketts
3881,2005-07-06 18:35:37,143,456,2005-07-10 00:06:37,2,29,1,1,Action,5,2.99,11.99,Ronnie Ricketts
3743,2005-07-06 12:03:54,1012,456,2005-07-13 10:56:54,2,227,1,10,Games,4,4.99,17.99,Ronnie Ricketts
10519,2005-08-01 11:44:13,1967,456,2005-08-09 16:57:13,1,429,1,15,Sports,3,0.99,29.99,Ronnie Ricketts
2103,2005-06-17 19:13:10,1469,456,2005-06-21 21:32:10,2,321,1,13,New,3,4.99,21.99,Ronnie Ricketts
8749,2005-07-29 19:13:15,2252,456,2005-08-01 15:02:15,1,487,2,4,Classics,6,4.99,29.99,Ronnie Ricketts
2404,2005-06-18 16:33:48,4138,456,2005-06-23 20:39:48,2,899,1,4,Classics,7,0.99,14.99,Ronnie Ricketts
1319,2005-06-15 10:39:05,4296,190,2005-06-18 05:25:05,1,936,2,12,Music,3,2.99,21.99,Yolanda Weaver
4005,2005-07-07 00:22:26,3677,190,2005-07-15 04:34:26,2,804,2,11,Horror,7,4.99,13.99,Yolanda Weaver
2568,2005-06-19 04:09:03,3032,190,2005-06-24 23:24:03,1,665,2,11,Horror,4,2.99,22.99,Yolanda Weaver
6867,2005-07-12 20:06:47,3354,190,2005-07-19 16:59:47,1,737,1,11,Horror,4,0.99,28.99,Yolanda Weaver
4140,2005-07-07 08:19:10,1897,190,2005-07-14 07:27:10,2,413,1,5,Comedy,7,2.99,16.99,Yolanda Weaver
2057,2005-06-17 15:31:58,2803,190,2005-06-25 09:39:58,1,615,2,2,Animation,6,2.99,21.99,Yolanda Weaver
11082,2005-08-02 07:30:19,3037,190,2005-08-07 05:20:19,2,666,1,7,Drama,4,4.99,27.99,Yolanda Weaver
7175,2005-07-27 08:03:22,568,190,2005-08-01 02:47:22,2,123,1,16,Travel,6,4.99,22.99,Yolanda Weaver
7404,2005-07-27 16:24:43,2359,190,2005-07-29 11:40:43,2,513,2,16,Travel,6,2.99,21.99,Yolanda Weaver
1347,2005-06-15 12:43:43,374,190,2005-06-16 09:55:43,1,83,1,8,Family,5,2.99,18.99,Yolanda Weaver
7386,2005-07-27 15:52:10,3569,190,2005-08-04 15:13:10,1,780,2,8,Family,7,4.99,15.99,Yolanda Weaver
693,2005-05-29 01:42:31,635,190,2005-06-03 02:29:31,2,138,2,14,Sci-Fi,5,2.99,29.99,Yolanda Weaver
3386,2005-06-21 14:21:06,1224,190,2005-06-24 08:32:06,2,271,2,1,Action,5,4.99,12.99,Yolanda Weaver
430,2005-05-27 16:22:10,1920,190,2005-06-05 13:10:10,1,417,1,1,Action,5,0.99,29.99,Yolanda Weaver
8498,2005-07-29 09:07:38,4468,190,2005-08-04 07:01:38,1,976,2,10,Games,6,0.99,12.99,Yolanda Weaver
6108,2005-07-11 07:19:24,4296,572,2005-07-13 12:38:24,2,936,2,12,Music,3,2.99,21.99,Sidney Burleson
5595,2005-07-10 04:33:45,264,572,2005-07-16 04:04:45,1,59,1,3,Children,4,2.99,20.99,Sidney Burleson
1889,2005-06-17 04:05:12,3909,572,2005-06-26 04:13:12,1,853,1,3,Children,3,4.99,12.99,Sidney Burleson
7345,2005-07-27 14:29:53,2434,572,2005-08-03 18:38:53,2,531,2,9,Foreign,3,0.99,18.99,Sidney Burleson
559,2005-05-28 08:39:02,1227,572,2005-06-05 08:38:02,2,272,1,7,Drama,5,4.99,9.99,Sidney Burleson
7713,2005-07-28 04:32:14,2018,572,2005-08-03 04:30:14,2,439,1,7,Drama,4,4.99,28.99,Sidney Burleson
10204,2005-08-01 00:47:39,764,572,2005-08-05 01:11:39,1,167,1,16,Travel,6,4.99,10.99,Sidney Burleson
8342,2005-07-29 04:45:05,3301,572,2005-08-01 07:20:05,1,727,1,8,Family,6,0.99,12.99,Sidney Burleson
5713,2005-07-10 10:46:15,1213,572,2005-07-19 14:34:15,1,269,2,8,Family,3,0.99,22.99,Sidney Burleson
7161,2005-07-27 07:26:32,378,572,2005-08-03 01:26:32,2,83,2,8,Family,5,2.99,18.99,Sidney Burleson
4601,2005-07-08 06:49:10,3184,572,2005-07-09 07:43:10,1,698,2,6,Documentary,3,2.99,29.99,Sidney Burleson
2458,2005-06-18 19:39:05,599,572,2005-06-21 13:54:05,2,130,2,1,Action,7,0.99,24.99,Sidney Burleson
8432,2005-07-29 07:13:33,3896,572,2005-07-30 03:14:33,1,851,1,15,Sports,3,0.99,19.99,Sidney Burleson
9950,2005-07-31 15:50:22,1657,572,2005-08-08 19:10:22,2,361,2,15,Sports,5,2.99,25.99,Sidney Burleson
9081,2005-07-30 08:09:58,3040,572,2005-08-03 13:27:58,1,667,1,15,Sports,3,2.99,20.99,Sidney Burleson
2007,2005-06-17 11:47:17,1123,572,2005-06-21 07:19:17,1,249,2,4,Classics,7,0.99,26.99,Sidney Burleson
1528,2005-06-16 00:32:52,4297,110,2005-06-25 01:07:52,2,936,2,12,Music,3,2.99,21.99,Tiffany Jordan
538,2005-05-28 06:21:05,2262,110,2005-06-02 01:22:05,2,489,1,2,Animation,4,0.99,14.99,Tiffany Jordan
7474,2005-07-27 19:07:17,2971,110,2005-07-30 00:37:17,1,651,1,2,Animation,3,0.99,20.99,Tiffany Jordan
7542,2005-07-27 21:43:04,1912,110,2005-07-30 00:02:04,1,416,1,9,Foreign,6,0.99,10.99,Tiffany Jordan
515,2005-05-28 03:10:10,3369,110,2005-06-04 02:18:10,2,739,1,7,Drama,4,4.99,17.99,Tiffany Jordan
7570,2005-07-27 22:40:06,3189,110,2005-07-28 23:14:06,1,700,2,8,Family,4,2.99,13.99,Tiffany Jordan
4827,2005-07-08 17:46:30,4455,110,2005-07-11 14:12:30,2,973,2,6,Documentary,3,4.99,27.99,Tiffany Jordan
3587,2005-07-06 04:27:52,462,110,2005-07-13 08:19:52,1,101,2,6,Documentary,3,0.99,26.99,Tiffany Jordan
4317,2005-07-07 17:44:49,2234,110,2005-07-08 21:48:49,2,483,2,10,Games,3,2.99,29.99,Tiffany Jordan
6160,2005-07-11 10:08:13,2716,110,2005-07-14 08:18:13,1,596,1,10,Games,4,4.99,25.99,Tiffany Jordan
6371,2005-07-11 21:31:51,4297,265,2005-07-16 23:10:51,1,936,2,12,Music,3,2.99,21.99,Jennie Terry
2598,2005-06-19 05:59:57,2079,265,2005-06-24 11:44:57,2,450,2,3,Children,5,2.99,29.99,Jennie Terry
4797,2005-07-08 16:39:05,1389,265,2005-07-09 11:41:05,1,304,2,3,Children,3,2.99,28.99,Jennie Terry
11000,2005-08-02 04:56:14,264,265,2005-08-07 01:39:14,2,59,1,3,Children,4,2.99,20.99,Jennie Terry
7704,2005-07-28 04:02:13,2342,265,2005-08-04 00:51:13,1,509,2,3,Children,5,0.99,26.99,Jennie Terry
6068,2005-07-11 04:41:09,2331,265,2005-07-14 04:45:09,1,506,1,11,Horror,4,4.99,14.99,Jennie Terry
7414,2005-07-27 16:46:07,3276,265,2005-08-02 20:04:07,1,722,1,11,Horror,5,0.99,26.99,Jennie Terry
5029,2005-07-09 02:35:32,3938,265,2005-07-17 22:46:32,1,858,2,5,Comedy,5,4.99,21.99,Jennie Terry
8665,2005-07-29 15:39:29,1113,265,2005-08-01 10:33:29,2,247,1,5,Comedy,3,0.99,19.99,Jennie Terry
2027,2005-06-17 13:06:56,4309,265,2005-06-23 13:46:56,1,938,2,5,Comedy,3,4.99,14.99,Jennie Terry
74,2005-05-25 11:09:48,1744,265,2005-05-26 12:23:48,2,379,2,7,Drama,7,0.99,14.99,Jennie Terry
10592,2005-08-01 14:13:00,829,265,2005-08-09 13:03:00,2,181,2,16,Travel,7,2.99,10.99,Jennie Terry
8278,2005-07-29 01:42:55,768,265,2005-08-05 01:55:55,2,167,2,16,Travel,6,4.99,10.99,Jennie Terry
8489,2005-07-29 08:58:03,375,265,2005-08-02 07:50:03,2,83,1,8,Family,5,2.99,18.99,Jennie Terry
5417,2005-07-09 20:34:09,3569,265,2005-07-14 00:36:09,2,780,2,8,Family,7,4.99,15.99,Jennie Terry
6553,2005-07-12 05:06:39,1137,265,2005-07-21 10:37:39,1,252,1,1,Action,6,2.99,18.99,Jennie Terry
5710,2005-07-10 10:32:52,2843,265,2005-07-18 06:28:52,1,624,1,10,Games,3,4.99,25.99,Jennie Terry
9416,2005-07-30 20:52:45,1470,265,2005-08-02 17:38:45,2,322,1,15,Sports,5,2.99,29.99,Jennie Terry
2562,2005-06-19 03:15:05,51,265,2005-06-21 08:26:05,2,10,2,15,Sports,6,4.99,24.99,Jennie Terry
6921,2005-07-12 22:39:03,3322,265,2005-07-21 18:54:03,2,730,2,13,New,3,0.99,28.99,Jennie Terry
3823,2005-07-06 15:41:27,124,265,2005-07-09 09:48:27,1,25,1,13,New,3,2.99,15.99,Jennie Terry
4610,2005-07-08 07:28:05,1279,265,2005-07-14 02:10:05,1,283,1,13,New,6,0.99,10.99,Jennie Terry
10088,2005-07-31 20:16:21,4293,46,2005-08-01 22:47:21,2,936,1,12,Music,3,2.99,21.99,Catherine Campbell
9045,2005-07-30 06:36:57,4521,46,2005-08-08 01:51:57,1,987,1,12,Music,3,2.99,13.99,Catherine Campbell
3916,2005-07-06 20:18:50,3198,46,2005-07-12 21:56:50,1,702,2,11,Horror,4,2.99,12.99,Catherine Campbell
3439,2005-06-21 19:36:15,1529,46,2005-06-23 14:54:15,2,334,2,11,Horror,6,4.99,21.99,Catherine Campbell
10428,2005-08-01 08:30:11,4245,46,2005-08-02 09:30:11,2,922,2,11,Horror,7,4.99,22.99,Catherine Campbell
10827,2005-08-01 23:13:00,1590,46,2005-08-08 02:51:00,1,349,1,2,Animation,4,2.99,27.99,Catherine Campbell
3855,2005-07-06 17:03:48,2931,46,2005-07-12 14:32:48,1,644,2,2,Animation,7,2.99,29.99,Catherine Campbell
2965,2005-06-20 07:33:38,27,46,2005-06-29 11:45:38,1,6,1,9,Foreign,3,2.99,17.99,Catherine Campbell
1214,2005-06-15 03:18:40,4482,46,2005-06-20 07:32:40,1,979,2,7,Drama,6,4.99,10.99,Catherine Campbell
2975,2005-06-20 08:06:18,4534,46,2005-06-21 08:01:18,1,989,2,16,Travel,4,4.99,22.99,Catherine Campbell
2144,2005-06-17 22:05:40,3303,46,2005-06-21 02:53:40,1,727,2,8,Family,6,0.99,12.99,Catherine Campbell
5698,2005-07-10 09:47:00,639,46,2005-07-16 06:26:00,1,139,1,8,Family,7,4.99,21.99,Catherine Campbell
432,2005-05-27 16:40:29,1119,46,2005-05-29 16:20:29,1,248,2,6,Documentary,6,4.99,20.99,Catherine Campbell
9806,2005-07-31 11:13:49,245,46,2005-08-04 06:18:49,1,55,1,14,Sci-Fi,6,2.99,27.99,Catherine Campbell
7336,2005-07-27 14:11:45,2706,46,2005-07-28 11:00:45,2,594,1,1,Action,6,0.99,22.99,Catherine Campbell
938,2005-05-30 14:47:31,1521,46,2005-06-04 10:10:31,2,331,2,10,Games,6,2.99,25.99,Catherine Campbell
8152,2005-07-28 20:53:05,2557,46,2005-08-06 20:03:05,2,560,2,10,Games,6,0.99,21.99,Catherine Campbell
10803,2005-08-01 22:22:07,3318,46,2005-08-08 02:37:07,2,730,1,13,New,3,0.99,28.99,Catherine Campbell
1166,2005-06-14 23:17:03,2508,46,2005-06-15 20:43:03,1,551,2,13,New,3,4.99,9.99,Catherine Campbell
401,2005-05-27 12:57:55,2179,46,2005-05-29 17:55:55,2,471,1,4,Classics,7,2.99,23.99,Catherine Campbell
2203,2005-06-18 02:10:42,1347,46,2005-06-22 06:25:42,2,297,2,4,Classics,6,2.99,29.99,Catherine Campbell
3522,2005-07-06 01:00:21,4522,469,2005-07-11 01:18:21,1,987,1,12,Music,3,2.99,13.99,Wesley Bull
9187,2005-07-30 12:14:03,4008,469,2005-08-04 13:10:03,2,873,1,3,Children,3,0.99,13.99,Wesley Bull
10316,2005-08-01 04:34:57,1907,469,2005-08-06 02:34:57,2,415,1,11,Horror,3,2.99,23.99,Wesley Bull
10075,2005-07-31 19:58:42,2037,469,2005-08-08 19:49:42,1,443,2,5,Comedy,6,2.99,11.99,Wesley Bull
1399,2005-06-15 16:29:51,1435,469,2005-06-18 14:06:51,1,314,1,2,Animation,3,0.99,13.99,Wesley Bull
6955,2005-07-26 23:55:48,1104,469,2005-08-02 03:25:48,2,245,1,2,Animation,4,0.99,28.99,Wesley Bull
1680,2005-06-16 11:17:22,4441,469,2005-06-25 15:55:22,2,971,1,9,Foreign,4,4.99,11.99,Wesley Bull
10741,2005-08-01 19:52:52,3300,469,2005-08-04 19:58:52,1,726,2,9,Foreign,7,2.99,29.99,Wesley Bull
168,2005-05-26 03:07:43,2714,469,2005-06-02 02:09:43,2,595,2,9,Foreign,7,0.99,20.99,Wesley Bull
4123,2005-07-07 07:16:19,2707,469,2005-07-10 05:23:19,1,595,1,9,Foreign,7,0.99,20.99,Wesley Bull
6022,2005-07-11 02:15:53,2435,469,2005-07-13 03:40:53,2,531,2,9,Foreign,3,0.99,18.99,Wesley Bull
6099,2005-07-11 06:24:44,3865,469,2005-07-15 08:03:44,2,845,2,9,Foreign,7,4.99,9.99,Wesley Bull
8791,2005-07-29 20:53:23,1677,469,2005-07-31 18:14:23,1,366,1,7,Drama,3,0.99,29.99,Wesley Bull
5664,2005-07-10 08:04:41,2375,469,2005-07-17 10:29:41,1,518,2,16,Travel,5,4.99,15.99,Wesley Bull
506,2005-05-28 02:09:19,667,469,2005-06-05 20:34:19,1,145,2,8,Family,5,4.99,25.99,Wesley Bull
7062,2005-07-27 03:52:01,226,469,2005-08-03 08:26:01,1,50,2,8,Family,3,2.99,20.99,Wesley Bull
529,2005-05-28 04:34:17,2624,469,2005-05-30 00:35:17,1,575,2,6,Documentary,3,4.99,27.99,Wesley Bull
6797,2005-07-12 16:47:06,1536,469,2005-07-14 14:38:06,2,336,1,6,Documentary,5,4.99,22.99,Wesley Bull
5299,2005-07-09 15:38:09,4416,469,2005-07-15 16:39:09,2,966,1,6,Documentary,3,0.99,14.99,Wesley Bull
4067,2005-07-07 04:34:23,2945,469,2005-07-16 04:04:23,1,646,2,10,Games,6,0.99,12.99,Wesley Bull
10658,2005-08-01 16:39:18,2943,469,2005-08-09 18:17:18,2,646,1,10,Games,6,0.99,12.99,Wesley Bull
10258,2005-08-01 02:51:09,2062,469,2005-08-08 23:57:09,2,447,2,10,Games,5,2.99,28.99,Wesley Bull
7756,2005-07-28 06:22:52,1611,469,2005-08-05 11:55:52,2,352,2,10,Games,4,0.99,22.99,Wesley Bull
936,2005-05-30 13:52:49,901,469,2005-06-07 16:56:49,1,200,2,10,Games,7,0.99,27.99,Wesley Bull
7914,2005-07-28 11:48:08,2796,469,2005-07-30 14:14:08,1,614,1,10,Games,5,4.99,11.99,Wesley Bull
5133,2005-07-09 07:43:22,3403,469,2005-07-12 04:52:22,1,746,2,10,Games,3,0.99,10.99,Wesley Bull
7271,2005-07-27 11:29:11,858,469,2005-08-05 15:33:11,1,189,1,10,Games,3,0.99,23.99,Wesley Bull
3526,2005-07-06 01:03:29,3871,469,2005-07-15 01:22:29,2,846,2,13,New,3,4.99,9.99,Wesley Bull
1119,2005-05-31 16:34:27,4401,469,2005-06-02 10:54:27,1,962,1,4,Classics,7,2.99,18.99,Wesley Bull
10922,2005-08-02 02:14:40,4522,539,2005-08-06 06:04:40,1,987,1,12,Music,3,2.99,13.99,Mathew Bolin
5493,2005-07-10 00:11:44,2037,539,2005-07-15 19:24:44,2,443,2,5,Comedy,6,2.99,11.99,Mathew Bolin
1327,2005-06-15 11:11:39,403,539,2005-06-22 10:45:39,1,89,2,2,Animation,7,0.99,22.99,Mathew Bolin
7781,2005-07-28 07:13:20,541,539,2005-08-06 05:43:20,2,118,1,2,Animation,7,0.99,26.99,Mathew Bolin
4035,2005-07-07 02:45:02,3611,539,2005-07-14 01:41:02,1,789,1,9,Foreign,7,2.99,15.99,Mathew Bolin
6874,2005-07-12 20:20:53,4478,539,2005-07-19 19:41:53,1,979,1,7,Drama,6,4.99,10.99,Mathew Bolin
9777,2005-07-31 10:01:06,225,539,2005-08-08 04:44:06,2,50,2,8,Family,3,2.99,20.99,Mathew Bolin
9250,2005-07-30 14:18:16,4544,539,2005-08-04 12:31:16,1,992,2,6,Documentary,5,0.99,17.99,Mathew Bolin
8247,2005-07-29 00:41:38,2607,539,2005-08-06 20:29:38,2,572,1,14,Sci-Fi,4,2.99,9.99,Mathew Bolin
250,2005-05-26 14:30:24,368,539,2005-05-27 08:50:24,1,81,1,14,Sci-Fi,6,4.99,29.99,Mathew Bolin
1444,2005-06-15 19:08:16,1303,539,2005-06-24 15:20:16,2,287,2,1,Action,5,0.99,19.99,Mathew Bolin
9796,2005-07-31 10:52:43,1038,539,2005-08-09 06:08:43,1,232,1,10,Games,7,2.99,29.99,Mathew Bolin
342,2005-05-27 04:11:04,4019,539,2005-05-29 01:28:04,2,875,2,15,Sports,6,0.99,9.99,Mathew Bolin
4247,2005-07-07 13:51:54,808,539,2005-07-10 09:43:54,2,176,1,15,Sports,6,0.99,21.99,Mathew Bolin
5086,2005-07-09 05:40:04,3072,539,2005-07-16 07:51:04,1,676,1,15,Sports,7,4.99,16.99,Mathew Bolin
1282,2005-06-15 08:25:33,186,539,2005-06-21 04:02:33,1,42,2,15,Sports,5,2.99,10.99,Mathew Bolin
5139,2005-07-09 08:01:51,51,539,2005-07-18 09:16:51,2,10,2,15,Sports,6,4.99,24.99,Mathew Bolin
8761,2005-07-29 19:26:47,1317,539,2005-08-08 00:09:47,1,291,1,15,Sports,5,0.99,10.99,Mathew Bolin
1081,2005-05-31 10:56:32,4524,404,2005-06-06 11:31:32,1,987,2,12,Music,3,2.99,13.99,Stanley Scroggins
4963,2005-07-08 23:38:40,737,404,2005-07-12 05:33:40,2,161,1,12,Music,6,4.99,27.99,Stanley Scroggins
2951,2005-06-20 06:23:01,2903,404,2005-06-24 00:26:01,2,638,1,5,Comedy,7,2.99,23.99,Stanley Scroggins
8455,2005-07-29 07:53:06,4043,404,2005-08-05 05:29:06,1,880,1,2,Animation,6,2.99,9.99,Stanley Scroggins
8058,2005-07-28 17:07:49,2148,404,2005-08-03 22:57:49,1,464,2,2,Animation,3,2.99,13.99,Stanley Scroggins
4495,2005-07-08 01:43:46,3515,404,2005-07-10 07:38:46,1,770,2,9,Foreign,5,2.99,13.99,Stanley Scroggins
9472,2005-07-30 23:03:32,4178,404,2005-08-01 18:02:32,1,908,2,9,Foreign,3,4.99,11.99,Stanley Scroggins
10651,2005-08-01 16:20:22,1541,404,2005-08-03 15:53:22,1,337,2,9,Foreign,6,2.99,11.99,Stanley Scroggins
9206,2005-07-30 12:46:59,2021,404,2005-08-03 14:58:59,1,439,2,7,Drama,4,4.99,28.99,Stanley Scroggins
1840,2005-06-16 23:39:34,340,404,2005-06-21 23:36:34,1,75,2,16,Travel,6,4.99,14.99,Stanley Scroggins
2715,2005-06-19 14:29:35,2082,404,2005-06-26 08:44:35,2,451,2,16,Travel,7,4.99,12.99,Stanley Scroggins
6964,2005-07-27 00:15:04,1537,404,2005-07-31 00:04:04,2,336,2,6,Documentary,5,4.99,22.99,Stanley Scroggins
4653,2005-07-08 09:48:01,2511,404,2005-07-17 05:18:01,1,552,2,6,Documentary,5,0.99,15.99,Stanley Scroggins
9824,2005-07-31 11:49:55,4368,404,2005-08-07 16:54:55,2,952,1,6,Documentary,7,2.99,17.99,Stanley Scroggins
6114,2005-07-11 07:33:48,479,404,2005-07-18 06:13:48,2,105,2,1,Action,6,0.99,21.99,Stanley Scroggins
6779,2005-07-12 16:10:50,4468,404,2005-07-17 14:51:50,2,976,2,10,Games,6,0.99,12.99,Stanley Scroggins
3927,2005-07-06 20:48:14,2194,404,2005-07-10 15:37:14,1,474,2,15,Sports,6,2.99,21.99,Stanley Scroggins
5632,2005-07-10 06:17:06,2632,404,2005-07-17 02:32:06,2,577,1,15,Sports,4,0.99,10.99,Stanley Scroggins
1506,2005-06-15 22:19:37,4085,404,2005-06-22 18:28:37,1,890,2,15,Sports,5,0.99,14.99,Stanley Scroggins
4615,2005-07-08 07:46:53,1200,404,2005-07-16 12:43:53,2,267,1,13,New,4,4.99,14.99,Stanley Scroggins
1362,2005-06-15 13:53:32,4524,98,2005-06-19 16:05:32,1,987,2,12,Music,3,2.99,13.99,Lillian Griffin
10694,2005-08-01 18:15:07,3429,98,2005-08-10 15:38:07,1,752,2,12,Music,6,0.99,27.99,Lillian Griffin
6951,2005-07-26 23:47:31,3348,98,2005-07-31 22:17:31,1,735,2,3,Children,7,2.99,26.99,Lillian Griffin
9753,2005-07-31 09:22:38,3529,98,2005-08-01 08:45:38,1,772,2,7,Drama,4,2.99,24.99,Lillian Griffin
11007,2005-08-02 05:05:53,4172,98,2005-08-05 01:56:53,2,907,1,7,Drama,4,0.99,10.99,Lillian Griffin
2445,2005-06-18 19:02:11,2887,98,2005-06-23 22:25:11,1,634,2,8,Family,6,0.99,14.99,Lillian Griffin
8818,2005-07-29 22:14:04,3090,98,2005-08-07 17:26:04,1,679,2,8,Family,6,2.99,17.99,Lillian Griffin
7530,2005-07-27 21:18:58,3810,98,2005-07-31 01:51:58,2,834,2,6,Documentary,4,0.99,26.99,Lillian Griffin
8622,2005-07-29 13:53:28,4076,98,2005-07-31 16:12:28,2,888,1,6,Documentary,5,4.99,9.99,Lillian Griffin
214,2005-05-26 08:48:49,1453,98,2005-05-31 04:06:49,2,319,1,14,Sci-Fi,4,2.99,22.99,Lillian Griffin
2601,2005-06-19 06:09:44,2898,98,2005-06-20 08:03:44,1,637,2,14,Sci-Fi,7,4.99,16.99,Lillian Griffin
4549,2005-07-08 04:25:03,2797,98,2005-07-10 09:01:03,2,614,2,10,Games,5,4.99,11.99,Lillian Griffin
2213,2005-06-18 02:36:47,949,98,2005-06-23 05:02:47,1,211,1,10,Games,7,4.99,20.99,Lillian Griffin
3682,2005-07-06 09:22:48,2597,98,2005-07-14 11:17:48,2,570,2,15,Sports,5,4.99,20.99,Lillian Griffin
3399,2005-06-21 15:47:48,619,98,2005-06-26 13:46:48,1,135,1,15,Sports,3,2.99,22.99,Lillian Griffin
10925,2005-08-02 02:24:38,1475,98,2005-08-03 05:06:38,1,322,2,15,Sports,5,2.99,29.99,Lillian Griffin
1590,2005-06-16 05:11:41,3685,98,2005-06-23 10:11:41,1,806,1,13,New,4,2.99,25.99,Lillian Griffin
8324,2005-07-29 03:56:05,1467,98,2005-08-02 01:41:05,1,321,1,13,New,3,4.99,21.99,Lillian Griffin
7120,2005-07-27 05:56:39,416,98,2005-08-04 10:57:39,1,91,2,4,Classics,5,0.99,17.99,Lillian Griffin
4341,2005-07-07 18:44:23,4523,124,2005-07-15 18:13:23,1,987,2,12,Music,3,2.99,13.99,Sheila Wells
7519,2005-07-27 21:01:41,4009,124,2005-08-05 19:15:41,1,873,1,3,Children,3,0.99,13.99,Sheila Wells
4709,2005-07-08 12:04:34,3964,124,2005-07-15 06:48:34,1,864,1,3,Children,5,0.99,21.99,Sheila Wells
2336,2005-06-18 11:00:05,3888,124,2005-06-25 06:02:05,2,849,2,2,Animation,6,0.99,28.99,Sheila Wells
7700,2005-07-28 03:54:14,3546,124,2005-08-05 06:20:14,2,775,2,7,Drama,4,4.99,18.99,Sheila Wells
1039,2005-05-31 05:32:29,2479,124,2005-06-01 06:04:29,2,543,1,16,Travel,5,4.99,20.99,Sheila Wells
8524,2005-07-29 10:20:07,2110,124,2005-08-03 04:30:07,1,457,2,6,Documentary,5,0.99,21.99,Sheila Wells
1130,2005-05-31 18:13:57,3186,124,2005-06-06 22:50:57,2,698,2,6,Documentary,3,2.99,29.99,Sheila Wells
9986,2005-07-31 17:16:50,1242,124,2005-08-05 18:34:50,2,274,2,6,Documentary,4,2.99,20.99,Sheila Wells
5566,2005-07-10 03:30:17,1343,124,2005-07-13 06:32:17,1,296,1,14,Sci-Fi,5,2.99,23.99,Sheila Wells
1057,2005-05-31 07:58:06,497,124,2005-06-06 03:21:06,1,111,2,1,Action,3,0.99,17.99,Sheila Wells
6411,2005-07-11 23:10:50,4347,124,2005-07-19 17:15:50,1,948,1,13,New,6,0.99,22.99,Sheila Wells
775,2005-05-29 13:23:26,1197,124,2005-05-30 07:53:26,2,266,2,4,Classics,4,0.99,27.99,Sheila Wells
6500,2005-07-12 03:11:23,4521,577,2005-07-13 00:51:23,2,987,1,12,Music,3,2.99,13.99,Clifton Malcolm
3599,2005-07-06 05:16:36,3262,577,2005-07-13 07:14:36,2,718,2,12,Music,7,0.99,24.99,Clifton Malcolm
7371,2005-07-27 15:18:42,1807,577,2005-08-01 09:58:42,1,392,1,3,Children,5,4.99,13.99,Clifton Malcolm
8671,2005-07-29 15:49:37,1431,577,2005-08-05 18:20:37,1,313,1,11,Horror,5,4.99,11.99,Clifton Malcolm
11054,2005-08-02 06:33:07,728,577,2005-08-10 02:52:07,2,159,2,5,Comedy,5,4.99,12.99,Clifton Malcolm
10323,2005-08-01 04:44:58,3539,577,2005-08-06 07:56:58,1,774,1,5,Comedy,3,2.99,22.99,Clifton Malcolm
10782,2005-08-01 21:23:25,1507,577,2005-08-03 20:15:25,2,330,1,2,Animation,7,4.99,22.99,Clifton Malcolm
4922,2005-07-08 21:44:00,2928,577,2005-07-10 02:58:00,2,644,1,2,Animation,7,2.99,29.99,Clifton Malcolm
6534,2005-07-12 04:39:43,2359,577,2005-07-16 06:33:43,1,513,2,16,Travel,6,2.99,21.99,Clifton Malcolm
7876,2005-07-28 10:24:22,3563,577,2005-08-04 07:15:22,1,778,2,8,Family,3,4.99,24.99,Clifton Malcolm
7197,2005-07-27 08:49:32,2109,577,2005-07-31 13:50:32,1,457,2,6,Documentary,5,0.99,21.99,Clifton Malcolm
3785,2005-07-06 14:00:13,3279,577,2005-07-14 10:13:13,2,723,1,14,Sci-Fi,3,2.99,29.99,Clifton Malcolm
8060,2005-07-28 17:10:02,3765,577,2005-08-05 17:11:02,1,823,2,1,Action,4,2.99,21.99,Clifton Malcolm
3286,2005-06-21 06:31:29,742,577,2005-06-25 00:46:29,2,162,2,1,Action,4,2.99,13.99,Clifton Malcolm
8043,2005-07-28 16:45:44,208,577,2005-08-01 12:26:44,1,46,2,10,Games,3,4.99,13.99,Clifton Malcolm
2399,2005-06-18 16:06:14,2492,577,2005-06-26 16:56:14,2,546,2,10,Games,7,2.99,27.99,Clifton Malcolm
291,2005-05-26 20:20:47,485,577,2005-06-03 02:06:47,2,109,1,13,New,3,0.99,17.99,Clifton Malcolm
3401,2005-06-21 15:52:43,3423,577,2005-06-30 21:09:43,2,750,1,13,New,3,0.99,25.99,Clifton Malcolm
10487,2005-08-01 10:26:34,1121,577,2005-08-07 16:11:34,1,249,1,4,Classics,7,0.99,26.99,Clifton Malcolm
1174,2005-06-15 00:12:51,2653,95,2005-06-21 02:10:51,2,581,1,12,Music,4,0.99,16.99,Paula Bryant
10130,2005-07-31 21:44:30,3964,95,2005-08-04 17:06:30,1,864,1,3,Children,5,0.99,21.99,Paula Bryant
9695,2005-07-31 07:13:30,726,95,2005-08-07 05:38:30,2,159,1,5,Comedy,5,4.99,12.99,Paula Bryant
7471,2005-07-27 19:02:19,1776,95,2005-07-30 15:12:19,1,385,2,5,Comedy,6,4.99,26.99,Paula Bryant
4000,2005-07-06 23:58:37,2122,95,2005-07-08 21:43:37,1,460,1,9,Foreign,3,4.99,26.99,Paula Bryant
490,2005-05-28 00:09:56,3524,95,2005-05-30 22:32:56,2,771,2,7,Drama,3,4.99,23.99,Paula Bryant
1261,2005-06-15 06:52:57,2447,95,2005-06-21 01:47:57,2,534,2,8,Family,5,0.99,18.99,Paula Bryant
3056,2005-06-20 13:20:58,2010,95,2005-06-26 08:35:58,2,437,2,8,Family,7,2.99,13.99,Paula Bryant
7245,2005-07-27 10:29:06,260,95,2005-08-05 12:09:06,2,58,2,6,Documentary,6,2.99,16.99,Paula Bryant
10446,2005-08-01 09:02:17,2671,95,2005-08-04 10:00:17,2,586,2,1,Action,4,0.99,27.99,Paula Bryant
9951,2005-07-31 15:51:16,4412,95,2005-08-03 14:54:16,1,964,2,1,Action,4,4.99,17.99,Paula Bryant
4835,2005-07-08 18:08:13,2499,95,2005-07-17 16:51:13,2,549,1,1,Action,4,0.99,28.99,Paula Bryant
9222,2005-07-30 13:21:08,3648,95,2005-08-08 10:42:08,2,796,2,15,Sports,3,0.99,12.99,Paula Bryant
3426,2005-06-21 18:12:10,3019,95,2005-06-23 18:22:10,1,663,1,4,Classics,7,0.99,29.99,Paula Bryant
3633,2005-07-06 06:43:26,2978,95,2005-07-10 04:54:26,1,652,1,4,Classics,3,0.99,14.99,Paula Bryant
8835,2005-07-29 22:44:35,2653,237,2005-08-05 23:28:35,1,581,1,12,Music,4,0.99,16.99,Tanya Gilbert
1500,2005-06-15 22:00:45,2652,237,2005-06-18 16:19:45,2,581,1,12,Music,4,0.99,16.99,Tanya Gilbert
8102,2005-07-28 18:49:43,4505,237,2005-08-03 23:04:43,2,983,1,12,Music,7,2.99,18.99,Tanya Gilbert
2492,2005-06-18 22:04:15,2858,237,2005-06-23 21:58:15,1,626,2,3,Children,5,2.99,12.99,Tanya Gilbert
4844,2005-07-08 18:28:13,4057,237,2005-07-09 21:17:13,2,883,2,3,Children,6,4.99,17.99,Tanya Gilbert
9276,2005-07-30 15:09:28,1528,237,2005-08-06 19:39:28,1,334,2,11,Horror,6,4.99,21.99,Tanya Gilbert
1518,2005-06-15 23:36:37,4537,237,2005-06-16 18:24:37,2,990,2,11,Horror,3,0.99,13.99,Tanya Gilbert
133,2005-05-25 21:48:30,399,237,2005-05-30 00:26:30,2,89,1,2,Animation,7,0.99,22.99,Tanya Gilbert
182,2005-05-26 04:49:17,4396,237,2005-06-01 05:43:17,2,961,1,9,Foreign,7,4.99,22.99,Tanya Gilbert
7193,2005-07-27 08:37:00,1801,237,2005-07-30 12:51:00,2,391,2,8,Family,6,2.99,25.99,Tanya Gilbert
7951,2005-07-28 13:21:16,3979,237,2005-08-06 08:21:16,1,867,1,8,Family,5,4.99,10.99,Tanya Gilbert
7330,2005-07-27 13:56:46,3705,237,2005-08-04 07:56:46,1,810,2,8,Family,5,0.99,21.99,Tanya Gilbert
10056,2005-07-31 19:19:13,281,237,2005-08-01 16:09:13,2,63,1,8,Family,6,0.99,21.99,Tanya Gilbert
6053,2005-07-11 03:51:59,2836,237,2005-07-19 09:13:59,2,622,2,6,Documentary,4,0.99,25.99,Tanya Gilbert
8799,2005-07-29 21:16:47,326,237,2005-08-07 22:09:47,2,73,1,14,Sci-Fi,5,2.99,22.99,Tanya Gilbert
9661,2005-07-31 06:06:37,2693,237,2005-08-04 07:37:37,1,591,2,10,Games,6,4.99,20.99,Tanya Gilbert
2156,2005-06-17 23:08:12,623,237,2005-06-22 19:44:12,2,135,2,15,Sports,3,2.99,22.99,Tanya Gilbert
9715,2005-07-31 08:16:58,3319,237,2005-08-04 11:13:58,1,730,2,13,New,3,0.99,28.99,Tanya Gilbert
7812,2005-07-28 08:06:52,4556,237,2005-07-31 09:57:52,2,994,1,13,New,6,4.99,29.99,Tanya Gilbert
8748,2005-07-29 19:08:37,2184,237,2005-08-01 16:24:37,1,471,2,4,Classics,7,2.99,23.99,Tanya Gilbert
3069,2005-06-20 14:13:00,1952,237,2005-06-28 10:57:00,1,425,2,4,Classics,6,0.99,20.99,Tanya Gilbert
10058,2005-07-31 19:20:21,758,237,2005-08-04 00:41:21,2,166,1,4,Classics,6,2.99,19.99,Tanya Gilbert
4521,2005-07-08 02:57:56,2652,327,2005-07-11 22:49:56,2,581,1,12,Music,4,0.99,16.99,Larry Thrasher
6618,2005-07-12 08:41:42,4266,327,2005-07-14 05:34:42,1,928,1,3,Children,5,2.99,16.99,Larry Thrasher
1929,2005-06-17 06:49:30,573,327,2005-06-22 12:07:30,2,124,2,3,Children,3,4.99,16.99,Larry Thrasher
2637,2005-06-19 09:20:56,2736,327,2005-06-27 10:09:56,2,600,2,11,Horror,5,0.99,16.99,Larry Thrasher
2304,2005-06-18 08:30:15,3543,327,2005-06-23 06:17:15,1,775,1,7,Drama,4,4.99,18.99,Larry Thrasher
7808,2005-07-28 07:58:56,4052,327,2005-08-02 10:49:56,1,882,1,7,Drama,4,0.99,24.99,Larry Thrasher
1294,2005-06-15 09:09:27,339,327,2005-06-19 04:43:27,1,75,2,16,Travel,6,4.99,14.99,Larry Thrasher
1577,2005-06-16 04:03:28,367,327,2005-06-24 22:40:28,2,80,1,8,Family,7,2.99,21.99,Larry Thrasher
7458,2005-07-27 18:36:17,2964,327,2005-07-31 22:43:17,1,650,1,6,Documentary,3,0.99,27.99,Larry Thrasher
2273,2005-06-18 06:30:02,4456,327,2005-06-20 07:07:02,1,973,2,6,Documentary,3,4.99,27.99,Larry Thrasher
4445,2005-07-07 23:08:22,3328,327,2005-07-16 03:49:22,1,732,1,1,Action,5,0.99,17.99,Larry Thrasher
10371,2005-08-01 06:20:29,923,327,2005-08-04 00:31:29,2,205,1,1,Action,3,0.99,22.99,Larry Thrasher
653,2005-05-28 20:12:20,126,327,2005-06-04 14:44:20,2,25,1,13,New,3,2.99,15.99,Larry Thrasher
2136,2005-06-17 21:16:41,2651,20,2005-06-24 22:42:41,2,581,1,12,Music,4,0.99,16.99,Sharon Robinson
4407,2005-07-07 21:39:45,267,20,2005-07-11 23:40:45,1,59,2,3,Children,4,2.99,20.99,Sharon Robinson
8127,2005-07-28 19:45:19,4265,20,2005-07-31 22:07:19,2,928,1,3,Children,5,2.99,16.99,Sharon Robinson
6254,2005-07-11 15:10:18,2038,20,2005-07-17 14:20:18,2,443,2,5,Comedy,6,2.99,11.99,Sharon Robinson
10616,2005-08-01 14:59:50,1094,20,2005-08-07 11:38:50,2,243,2,2,Animation,3,4.99,22.99,Sharon Robinson
202,2005-05-26 07:27:36,674,20,2005-06-02 03:52:36,1,147,1,8,Family,5,0.99,16.99,Sharon Robinson
7864,2005-07-28 10:06:10,1238,20,2005-08-04 08:38:10,1,274,1,6,Documentary,4,2.99,20.99,Sharon Robinson
9468,2005-07-30 22:53:52,4366,20,2005-08-07 00:22:52,2,952,1,6,Documentary,7,2.99,17.99,Sharon Robinson
3350,2005-06-21 11:21:38,3221,20,2005-06-28 15:37:38,2,707,2,1,Action,5,2.99,29.99,Sharon Robinson
10954,2005-08-02 03:30:24,3406,20,2005-08-08 05:52:24,2,747,1,10,Games,5,0.99,9.99,Sharon Robinson
10284,2005-08-01 03:33:19,2879,20,2005-08-09 07:58:19,1,631,2,15,Sports,4,0.99,11.99,Sharon Robinson
5718,2005-07-10 11:03:20,3719,20,2005-07-19 15:38:20,2,813,2,15,Sports,7,0.99,18.99,Sharon Robinson
9075,2005-07-30 07:55:14,1931,20,2005-08-02 13:49:14,1,420,1,15,Sports,7,4.99,27.99,Sharon Robinson
6267,2005-07-11 15:53:00,2152,20,2005-07-17 18:09:00,2,465,1,13,New,4,4.99,17.99,Sharon Robinson
1558,2005-06-16 02:33:53,4350,20,2005-06-19 20:50:53,2,948,2,13,New,6,0.99,22.99,Sharon Robinson
546,2005-05-28 07:16:25,487,20,2005-06-01 08:36:25,1,109,1,13,New,3,0.99,17.99,Sharon Robinson
2343,2005-06-18 11:46:26,4554,20,2005-06-22 11:37:26,2,994,1,13,New,6,4.99,29.99,Sharon Robinson
7217,2005-07-27 09:31:44,2646,20,2005-07-29 10:48:44,1,580,1,13,New,3,4.99,12.99,Sharon Robinson
4011,2005-07-07 00:48:25,2052,20,2005-07-13 06:30:25,2,445,2,4,Classics,5,2.99,11.99,Sharon Robinson
497,2005-05-28 00:54:39,2636,20,2005-06-03 20:47:39,2,578,2,4,Classics,4,4.99,16.99,Sharon Robinson
3792,2005-07-06 14:26:38,2651,312,2005-07-11 16:34:38,1,581,1,12,Music,4,0.99,16.99,Mark Rinehart
3766,2005-07-06 13:04:35,4504,312,2005-07-07 15:46:35,1,983,1,12,Music,7,2.99,18.99,Mark Rinehart
1079,2005-05-31 10:48:17,268,312,2005-06-08 12:30:17,1,59,2,3,Children,4,2.99,20.99,Mark Rinehart
5031,2005-07-09 02:36:37,4224,312,2005-07-14 03:09:37,2,918,2,3,Children,4,4.99,23.99,Mark Rinehart
8721,2005-07-29 17:56:21,2416,312,2005-08-02 21:30:21,2,527,2,11,Horror,4,4.99,24.99,Mark Rinehart
1049,2005-05-31 06:57:04,3913,312,2005-06-02 11:32:04,2,854,2,11,Horror,4,4.99,22.99,Mark Rinehart
9016,2005-07-30 05:26:13,4309,312,2005-08-04 00:25:13,2,938,2,5,Comedy,3,4.99,14.99,Mark Rinehart
6751,2005-07-12 14:50:34,1749,312,2005-07-15 19:39:34,2,380,2,9,Foreign,7,2.99,11.99,Mark Rinehart
9154,2005-07-30 10:59:54,576,312,2005-08-05 16:47:54,1,125,2,16,Travel,5,2.99,19.99,Mark Rinehart
4647,2005-07-08 09:27:36,674,312,2005-07-16 14:56:36,2,147,1,8,Family,5,0.99,16.99,Mark Rinehart
1419,2005-06-15 17:54:50,1208,312,2005-06-17 19:44:50,2,269,1,8,Family,3,0.99,22.99,Mark Rinehart
6866,2005-07-12 20:03:44,2481,312,2005-07-15 01:55:44,1,544,1,6,Documentary,4,2.99,11.99,Mark Rinehart
8412,2005-07-29 06:44:50,743,312,2005-08-06 05:04:50,1,162,2,1,Action,4,2.99,13.99,Mark Rinehart
3457,2005-06-21 21:42:33,883,312,2005-06-30 19:54:33,2,194,2,1,Action,6,0.99,22.99,Mark Rinehart
8137,2005-07-28 20:07:18,3188,312,2005-08-03 17:41:18,1,699,1,10,Games,7,4.99,26.99,Mark Rinehart
10858,2005-08-02 00:08:39,852,312,2005-08-05 00:58:39,2,187,2,15,Sports,5,2.99,12.99,Mark Rinehart
530,2005-05-28 05:13:01,3332,312,2005-06-01 10:21:01,2,733,1,15,Sports,4,0.99,29.99,Mark Rinehart
229,2005-05-26 11:19:20,1131,312,2005-05-31 11:56:20,2,251,1,13,New,6,4.99,19.99,Mark Rinehart
10460,2005-08-01 09:31:00,4504,197,2005-08-09 09:28:00,1,983,1,12,Music,7,2.99,18.99,Sue Peters
9476,2005-07-30 23:06:40,3599,197,2005-08-04 22:52:40,2,786,2,3,Children,7,0.99,14.99,Sue Peters
215,2005-05-26 09:02:47,679,197,2005-05-28 09:45:47,2,149,1,3,Children,7,0.99,21.99,Sue Peters
730,2005-05-29 07:00:59,3473,197,2005-06-06 01:17:59,1,761,2,3,Children,7,2.99,23.99,Sue Peters
1363,2005-06-15 14:05:11,771,197,2005-06-17 19:53:11,2,168,1,3,Children,5,0.99,23.99,Sue Peters
10666,2005-08-01 16:56:36,1945,197,2005-08-07 22:23:36,2,423,2,3,Children,7,0.99,29.99,Sue Peters
2090,2005-06-17 18:06:14,17,197,2005-06-22 23:52:14,1,4,1,11,Horror,5,2.99,26.99,Sue Peters
5344,2005-07-09 17:27:05,159,197,2005-07-10 15:51:05,2,34,2,11,Horror,6,0.99,29.99,Sue Peters
1175,2005-06-15 00:15:15,3255,197,2005-06-20 19:23:15,2,716,2,11,Horror,6,2.99,26.99,Sue Peters
5182,2005-07-09 10:08:10,725,197,2005-07-16 14:36:10,2,159,1,5,Comedy,5,4.99,12.99,Sue Peters
9378,2005-07-30 19:12:54,2209,197,2005-08-05 18:16:54,1,478,1,5,Comedy,4,2.99,10.99,Sue Peters
4739,2005-07-08 13:25:57,140,197,2005-07-11 17:36:57,1,28,1,5,Comedy,5,4.99,16.99,Sue Peters
683,2005-05-29 00:09:48,2038,197,2005-06-02 04:27:48,1,443,2,5,Comedy,6,2.99,11.99,Sue Peters
903,2005-05-30 10:11:29,2423,197,2005-06-03 09:33:29,1,529,1,5,Comedy,3,2.99,12.99,Sue Peters
918,2005-05-30 11:32:24,818,197,2005-05-31 07:55:24,2,178,1,5,Comedy,6,0.99,25.99,Sue Peters
94,2005-05-25 16:03:42,1675,197,2005-05-30 14:23:42,1,366,1,7,Drama,3,0.99,29.99,Sue Peters
2750,2005-06-19 16:37:24,3775,197,2005-06-20 13:55:24,2,827,1,7,Drama,5,4.99,22.99,Sue Peters
10743,2005-08-01 19:55:09,4206,197,2005-08-03 19:29:09,1,914,2,16,Travel,6,2.99,13.99,Sue Peters
2781,2005-06-19 18:24:42,1230,197,2005-06-27 17:02:42,2,273,1,8,Family,6,0.99,14.99,Sue Peters
9585,2005-07-31 03:05:55,3249,197,2005-08-02 23:54:55,2,715,1,8,Family,3,4.99,25.99,Sue Peters
4486,2005-07-08 01:09:09,837,197,2005-07-16 23:40:09,1,183,2,8,Family,4,4.99,14.99,Sue Peters
1605,2005-06-16 06:17:55,593,197,2005-06-25 01:25:55,1,129,2,6,Documentary,3,2.99,16.99,Sue Peters
11018,2005-08-02 05:27:53,2988,197,2005-08-07 10:48:53,1,655,1,14,Sci-Fi,5,4.99,22.99,Sue Peters
649,2005-05-28 19:35:45,1781,197,2005-06-05 16:00:45,1,387,2,10,Games,7,0.99,27.99,Sue Peters
391,2005-05-27 11:03:55,2193,197,2005-06-01 11:59:55,2,474,2,15,Sports,6,2.99,21.99,Sue Peters
1919,2005-06-17 05:40:52,3855,197,2005-06-23 05:58:52,1,844,1,15,Sports,6,4.99,16.99,Sue Peters
8165,2005-07-28 21:23:06,3460,197,2005-08-01 21:32:06,1,759,1,13,New,4,2.99,29.99,Sue Peters
10739,2005-08-01 19:46:11,3160,197,2005-08-06 21:08:11,2,694,1,4,Classics,6,4.99,15.99,Sue Peters
1503,2005-06-15 22:07:09,763,197,2005-06-20 23:15:09,1,166,2,4,Classics,6,2.99,19.99,Sue Peters
1437,2005-06-15 18:37:04,3263,96,2005-06-20 12:56:04,1,718,2,12,Music,7,0.99,24.99,Diana Alexander
2372,2005-06-18 14:37:37,1567,96,2005-06-21 08:40:37,2,344,1,3,Children,3,0.99,28.99,Diana Alexander
9093,2005-07-30 08:33:24,2208,96,2005-08-04 11:07:24,1,478,1,5,Comedy,4,2.99,10.99,Diana Alexander
3720,2005-07-06 11:06:57,2958,96,2005-07-09 14:16:57,1,649,1,2,Animation,4,2.99,14.99,Diana Alexander
9662,2005-07-31 06:09:53,2757,96,2005-08-08 00:50:53,2,605,2,9,Foreign,7,2.99,13.99,Diana Alexander
8437,2005-07-29 07:23:43,2118,96,2005-08-04 10:52:43,1,459,2,9,Foreign,4,4.99,23.99,Diana Alexander
3742,2005-07-06 12:01:38,2873,96,2005-07-15 10:46:38,1,630,2,7,Drama,7,0.99,19.99,Diana Alexander
4961,2005-07-08 23:35:53,3668,96,2005-07-14 22:46:53,2,803,1,7,Drama,7,4.99,29.99,Diana Alexander
8125,2005-07-28 19:31:48,4330,96,2005-07-30 01:09:48,1,944,2,7,Drama,6,4.99,29.99,Diana Alexander
9315,2005-07-30 17:05:29,444,96,2005-08-01 12:47:29,1,98,1,7,Drama,4,4.99,12.99,Diana Alexander
3463,2005-06-21 22:00:00,3436,96,2005-06-22 19:22:00,2,753,2,8,Family,3,0.99,20.99,Diana Alexander
1413,2005-06-15 17:25:07,3625,96,2005-06-21 17:17:07,2,791,2,6,Documentary,3,4.99,24.99,Diana Alexander
2973,2005-06-20 07:59:27,2626,96,2005-06-24 12:31:27,1,575,2,6,Documentary,3,4.99,27.99,Diana Alexander
3308,2005-06-21 07:58:36,3129,96,2005-06-23 05:23:36,2,687,2,6,Documentary,6,0.99,15.99,Diana Alexander
5678,2005-07-10 08:42:42,4366,96,2005-07-19 03:48:42,1,952,1,6,Documentary,7,2.99,17.99,Diana Alexander
10031,2005-07-31 18:40:15,3048,96,2005-08-03 14:38:15,1,668,2,15,Sports,7,4.99,25.99,Diana Alexander
5696,2005-07-10 09:44:32,128,96,2005-07-12 13:38:32,2,25,2,13,New,3,2.99,15.99,Diana Alexander
5558,2005-07-10 03:12:08,1123,96,2005-07-14 03:09:08,2,249,2,4,Classics,7,0.99,26.99,Diana Alexander
1266,2005-06-15 07:11:39,2230,96,2005-06-21 02:59:39,2,482,1,4,Classics,3,0.99,12.99,Diana Alexander
4044,2005-07-07 03:22:23,3263,94,2005-07-13 03:23:23,1,718,2,12,Music,7,0.99,24.99,Norma Gonzales
629,2005-05-28 17:19:15,1527,94,2005-06-02 20:01:15,2,334,1,11,Horror,6,4.99,21.99,Norma Gonzales
1734,2005-06-16 15:49:30,1113,94,2005-06-22 13:52:30,2,247,1,5,Comedy,3,0.99,19.99,Norma Gonzales
7809,2005-07-28 07:59:46,4150,94,2005-08-02 02:56:46,1,901,2,2,Animation,3,0.99,29.99,Norma Gonzales
5719,2005-07-10 11:07:40,2100,94,2005-07-15 14:14:40,2,456,1,2,Animation,6,4.99,18.99,Norma Gonzales
127,2005-05-25 21:10:40,2026,94,2005-06-02 21:38:40,1,440,2,9,Foreign,6,0.99,21.99,Norma Gonzales
7979,2005-07-28 14:16:30,3303,94,2005-08-03 09:39:30,2,727,2,8,Family,6,0.99,12.99,Norma Gonzales
1213,2005-06-15 03:14:05,3191,94,2005-06-15 21:41:05,2,700,2,8,Family,4,2.99,13.99,Norma Gonzales
2620,2005-06-19 08:06:29,3183,94,2005-06-24 11:42:29,1,698,1,6,Documentary,3,2.99,29.99,Norma Gonzales
1367,2005-06-15 14:25:17,1505,94,2005-06-21 19:15:17,1,329,2,1,Action,4,2.99,15.99,Norma Gonzales
5970,2005-07-11 00:04:50,1514,94,2005-07-19 03:36:50,1,331,1,10,Games,6,2.99,25.99,Norma Gonzales
4287,2005-07-07 15:37:31,3558,94,2005-07-16 19:59:31,2,777,2,15,Sports,5,4.99,10.99,Norma Gonzales
9605,2005-07-31 03:50:07,1477,94,2005-08-07 09:15:07,2,323,2,15,Sports,7,4.99,22.99,Norma Gonzales
2816,2005-06-19 20:04:23,2180,94,2005-06-20 21:09:23,2,471,1,4,Classics,7,2.99,23.99,Norma Gonzales
7723,2005-07-28 04:45:37,3263,147,2005-07-30 09:03:37,2,718,2,12,Music,7,0.99,24.99,Joanne Robertson
10752,2005-08-01 20:08:49,3203,147,2005-08-10 15:41:49,2,704,1,5,Comedy,3,2.99,25.99,Joanne Robertson
6753,2005-07-12 14:55:42,2591,147,2005-07-18 19:16:42,1,569,1,2,Animation,7,2.99,18.99,Joanne Robertson
5044,2005-07-09 03:30:25,1625,147,2005-07-11 02:32:25,2,355,2,2,Animation,7,0.99,18.99,Joanne Robertson
7044,2005-07-27 03:27:29,88,147,2005-08-01 07:00:29,2,18,1,2,Animation,6,0.99,27.99,Joanne Robertson
4792,2005-07-08 16:29:38,2132,147,2005-07-10 16:31:38,2,461,2,2,Animation,3,0.99,14.99,Joanne Robertson
5567,2005-07-10 03:36:46,1616,147,2005-07-15 23:22:46,2,353,2,9,Foreign,6,2.99,22.99,Joanne Robertson
362,2005-05-27 07:10:25,2324,147,2005-06-01 08:34:25,1,504,2,7,Drama,5,0.99,25.99,Joanne Robertson
3956,2005-07-06 22:01:51,15,147,2005-07-12 21:35:51,2,3,2,6,Documentary,7,2.99,18.99,Joanne Robertson
5844,2005-07-10 17:14:43,609,147,2005-07-12 19:27:43,1,132,1,14,Sci-Fi,6,0.99,25.99,Joanne Robertson
6343,2005-07-11 19:51:35,513,147,2005-07-12 19:13:35,1,114,1,14,Sci-Fi,3,0.99,26.99,Joanne Robertson
8893,2005-07-30 00:48:19,1048,147,2005-08-01 03:25:19,1,234,1,14,Sci-Fi,6,2.99,27.99,Joanne Robertson
509,2005-05-28 02:51:12,3416,147,2005-05-31 06:27:12,1,748,2,1,Action,4,0.99,16.99,Joanne Robertson
6469,2005-07-12 01:29:27,3830,147,2005-07-16 20:22:27,2,838,2,1,Action,5,4.99,25.99,Joanne Robertson
9772,2005-07-31 09:56:07,3639,147,2005-08-01 13:50:07,2,794,2,1,Action,5,0.99,28.99,Joanne Robertson
3011,2005-06-20 10:39:10,4376,147,2005-06-28 07:02:10,2,956,1,10,Games,7,4.99,23.99,Joanne Robertson
3919,2005-07-06 20:26:21,2695,147,2005-07-15 00:13:21,1,591,2,10,Games,6,4.99,20.99,Joanne Robertson
2456,2005-06-18 19:36:50,553,147,2005-06-23 22:48:50,1,120,1,15,Sports,3,4.99,16.99,Joanne Robertson
2171,2005-06-18 00:06:04,1768,147,2005-06-24 18:09:04,2,383,2,15,Sports,6,0.99,13.99,Joanne Robertson
10706,2005-08-01 18:41:28,1183,147,2005-08-10 14:30:28,1,263,2,15,Sports,6,4.99,14.99,Joanne Robertson
2859,2005-06-19 23:18:42,126,147,2005-06-20 22:38:42,1,25,1,13,New,3,2.99,15.99,Joanne Robertson
1553,2005-06-16 02:02:44,4026,416,2005-06-19 07:50:44,1,877,1,12,Music,4,0.99,23.99,Jeffery Pinson
1158,2005-06-14 22:53:33,1632,416,2005-06-18 21:37:33,2,356,2,3,Children,5,2.99,10.99,Jeffery Pinson
8588,2005-07-29 12:22:20,2858,416,2005-07-31 10:49:20,1,626,2,3,Children,5,2.99,12.99,Jeffery Pinson
8648,2005-07-29 14:56:21,160,416,2005-07-31 16:56:21,2,35,1,11,Horror,4,2.99,24.99,Jeffery Pinson
3868,2005-07-06 17:54:13,1606,416,2005-07-10 14:51:13,1,351,1,11,Horror,4,2.99,10.99,Jeffery Pinson
10742,2005-08-01 19:53:13,3658,416,2005-08-10 15:05:13,1,799,1,11,Horror,3,0.99,26.99,Jeffery Pinson
1343,2005-06-15 12:27:19,2393,416,2005-06-21 16:57:19,1,522,2,5,Comedy,4,2.99,9.99,Jeffery Pinson
11047,2005-08-02 06:09:20,2267,416,2005-08-11 08:36:20,1,489,2,2,Animation,4,0.99,14.99,Jeffery Pinson
6879,2005-07-12 20:37:37,1901,416,2005-07-20 15:40:37,2,414,1,9,Foreign,3,2.99,23.99,Jeffery Pinson
10354,2005-08-01 05:47:10,1680,416,2005-08-06 09:04:10,1,366,2,7,Drama,3,0.99,29.99,Jeffery Pinson
1031,2005-05-31 04:23:01,917,416,2005-06-06 08:35:01,1,204,1,7,Drama,4,0.99,25.99,Jeffery Pinson
3833,2005-07-06 16:18:28,3232,416,2005-07-14 20:09:28,2,709,2,7,Drama,7,2.99,19.99,Jeffery Pinson
253,2005-05-26 14:43:14,2969,416,2005-05-27 12:21:14,1,650,2,6,Documentary,3,0.99,27.99,Jeffery Pinson
7889,2005-07-28 10:43:21,3123,416,2005-07-30 09:11:21,1,687,1,6,Documentary,6,0.99,15.99,Jeffery Pinson
9383,2005-07-30 19:24:50,2806,416,2005-08-01 21:41:50,2,616,2,6,Documentary,4,2.99,19.99,Jeffery Pinson
7917,2005-07-28 11:56:57,2071,416,2005-07-29 14:06:57,1,449,2,14,Sci-Fi,4,2.99,12.99,Jeffery Pinson
1596,2005-06-16 05:30:58,2552,416,2005-06-21 04:18:58,2,559,2,14,Sci-Fi,7,2.99,22.99,Jeffery Pinson
10937,2005-08-02 03:00:18,1320,416,2005-08-11 03:44:18,2,292,1,1,Action,3,0.99,20.99,Jeffery Pinson
724,2005-05-29 05:53:23,3770,416,2005-06-05 04:01:23,2,825,1,1,Action,6,2.99,22.99,Jeffery Pinson
6097,2005-07-11 06:21:43,297,416,2005-07-16 10:04:43,1,67,2,1,Action,5,2.99,24.99,Jeffery Pinson
8349,2005-07-29 04:50:22,534,416,2005-08-05 08:50:22,1,117,1,10,Games,6,4.99,15.99,Jeffery Pinson
1771,2005-06-16 18:12:17,1769,416,2005-06-18 16:11:17,1,383,2,15,Sports,6,0.99,13.99,Jeffery Pinson
10254,2005-08-01 02:42:03,2238,416,2005-08-05 23:31:03,1,484,1,4,Classics,3,2.99,13.99,Jeffery Pinson
10436,2005-08-01 08:50:59,4026,455,2005-08-04 05:23:59,1,877,1,12,Music,4,0.99,23.99,Jon Wiles
2356,2005-06-18 12:59:23,2207,455,2005-06-21 10:12:23,2,477,2,12,Music,5,0.99,15.99,Jon Wiles
1382,2005-06-15 15:18:08,3133,455,2005-06-22 09:22:08,2,688,2,3,Children,6,0.99,12.99,Jon Wiles
6729,2005-07-12 13:58:23,2495,455,2005-07-19 09:34:23,2,547,2,3,Children,3,0.99,19.99,Jon Wiles
7388,2005-07-27 15:54:19,4559,455,2005-08-01 17:02:19,2,995,1,11,Horror,5,4.99,11.99,Jon Wiles
4195,2005-07-07 11:00:02,450,455,2005-07-14 16:54:02,1,99,2,5,Comedy,7,2.99,14.99,Jon Wiles
1802,2005-06-16 20:23:30,4174,455,2005-06-21 20:02:30,1,907,1,7,Drama,4,0.99,10.99,Jon Wiles
343,2005-05-27 04:13:41,3301,455,2005-05-28 08:34:41,1,727,1,8,Family,6,0.99,12.99,Jon Wiles
4964,2005-07-08 23:46:38,1033,455,2005-07-09 22:19:38,2,231,2,8,Family,7,2.99,27.99,Jon Wiles
5504,2005-07-10 00:36:38,3053,455,2005-07-16 19:36:38,1,670,2,6,Documentary,4,4.99,17.99,Jon Wiles
115,2005-05-25 19:13:25,749,455,2005-05-29 20:17:25,1,164,1,6,Documentary,4,0.99,20.99,Jon Wiles
1906,2005-06-17 04:53:35,1049,455,2005-06-21 01:16:35,2,234,1,14,Sci-Fi,6,2.99,27.99,Jon Wiles
7498,2005-07-27 20:09:31,1144,455,2005-07-29 23:38:31,1,253,1,1,Action,5,4.99,18.99,Jon Wiles
4861,2005-07-08 18:57:30,2984,455,2005-07-16 15:12:30,2,654,2,10,Games,4,4.99,19.99,Jon Wiles
8291,2005-07-29 02:28:25,2817,455,2005-08-03 20:57:25,2,619,1,15,Sports,3,0.99,20.99,Jon Wiles
7905,2005-07-28 11:26:57,4287,455,2005-08-02 06:14:57,1,933,1,13,New,4,4.99,11.99,Jon Wiles
5324,2005-07-09 16:34:18,4024,113,2005-07-15 12:35:18,2,877,1,12,Music,4,0.99,23.99,Cindy Fisher
4333,2005-07-07 18:31:50,76,113,2005-07-08 21:26:50,1,15,2,9,Foreign,5,2.99,10.99,Cindy Fisher
2077,2005-06-17 16:46:11,4478,113,2005-06-19 15:10:11,1,979,1,7,Drama,6,4.99,10.99,Cindy Fisher
6025,2005-07-11 02:18:13,3306,113,2005-07-11 23:30:13,1,728,1,7,Drama,3,0.99,26.99,Cindy Fisher
2282,2005-06-18 06:48:23,4388,113,2005-06-24 11:04:23,2,958,2,7,Drama,6,2.99,19.99,Cindy Fisher
10181,2005-08-01 00:00:44,3111,113,2005-08-04 19:33:44,1,683,2,7,Drama,5,4.99,19.99,Cindy Fisher
2783,2005-06-19 18:29:10,2778,113,2005-06-21 22:09:10,1,609,2,16,Travel,7,2.99,23.99,Cindy Fisher
10378,2005-08-01 06:30:04,4110,113,2005-08-06 09:10:04,1,894,1,16,Travel,6,0.99,23.99,Cindy Fisher
5189,2005-07-09 10:23:21,2539,113,2005-07-14 08:06:21,1,557,1,8,Family,5,2.99,27.99,Cindy Fisher
10578,2005-08-01 13:48:02,3704,113,2005-08-07 13:40:02,1,810,2,8,Family,5,0.99,21.99,Cindy Fisher
7468,2005-07-27 18:52:27,3166,113,2005-08-03 19:29:27,2,695,1,8,Family,6,4.99,12.99,Cindy Fisher
7587,2005-07-27 23:23:03,655,113,2005-08-01 17:34:03,1,142,1,6,Documentary,3,0.99,24.99,Cindy Fisher
3124,2005-06-20 18:28:19,3342,113,2005-06-28 21:08:19,1,734,2,6,Documentary,4,4.99,12.99,Cindy Fisher
510,2005-05-28 02:52:14,4338,113,2005-05-30 21:20:14,2,945,2,6,Documentary,5,0.99,22.99,Cindy Fisher
776,2005-05-29 13:35:35,4339,113,2005-06-03 17:33:35,1,945,2,6,Documentary,5,0.99,22.99,Cindy Fisher
3004,2005-06-20 10:04:36,2836,113,2005-06-23 07:38:36,2,622,2,6,Documentary,4,0.99,25.99,Cindy Fisher
5774,2005-07-10 13:31:56,326,113,2005-07-18 07:32:56,1,73,1,14,Sci-Fi,5,2.99,22.99,Cindy Fisher
6836,2005-07-12 18:58:05,2744,113,2005-07-15 17:45:05,1,602,1,14,Sci-Fi,5,0.99,14.99,Cindy Fisher
3162,2005-06-20 21:21:15,3220,113,2005-06-29 18:42:15,1,707,2,1,Action,5,2.99,29.99,Cindy Fisher
3657,2005-07-06 07:55:30,4134,113,2005-07-11 07:18:30,1,898,1,15,Sports,4,4.99,18.99,Cindy Fisher
5655,2005-07-10 07:31:06,3470,113,2005-07-17 08:22:06,1,760,2,13,New,5,2.99,21.99,Cindy Fisher
9221,2005-07-30 13:20:06,2496,113,2005-08-06 13:58:06,2,548,1,4,Classics,3,2.99,27.99,Cindy Fisher
10603,2005-08-01 14:30:35,4024,394,2005-08-05 11:13:35,2,877,1,12,Music,4,0.99,23.99,Chris Brothers
5535,2005-07-10 02:27:42,1623,394,2005-07-12 21:13:42,1,354,2,3,Children,6,4.99,18.99,Chris Brothers
3543,2005-07-06 02:01:08,3997,394,2005-07-07 03:14:08,1,870,2,11,Horror,4,0.99,12.99,Chris Brothers
9147,2005-07-30 10:38:59,4167,394,2005-08-02 11:45:59,2,906,1,5,Comedy,4,0.99,27.99,Chris Brothers
6059,2005-07-11 04:03:54,1437,394,2005-07-18 01:35:54,1,314,2,2,Animation,3,0.99,13.99,Chris Brothers
3873,2005-07-06 18:03:16,4148,394,2005-07-15 23:58:16,2,901,1,2,Animation,3,0.99,29.99,Chris Brothers
9864,2005-07-31 13:06:54,3619,394,2005-08-02 11:47:54,2,790,1,7,Drama,6,0.99,22.99,Chris Brothers
1324,2005-06-15 11:02:45,764,394,2005-06-17 07:14:45,1,167,1,16,Travel,6,4.99,10.99,Chris Brothers
977,2005-05-30 21:22:26,2029,394,2005-06-04 22:32:26,2,442,1,8,Family,6,2.99,24.99,Chris Brothers
4009,2005-07-07 00:28:55,3607,394,2005-07-10 00:37:55,1,788,2,6,Documentary,5,2.99,15.99,Chris Brothers
4307,2005-07-07 17:20:39,2827,394,2005-07-16 14:42:39,1,620,2,14,Sci-Fi,5,2.99,23.99,Chris Brothers
213,2005-05-26 08:44:08,1505,394,2005-05-31 12:33:08,2,329,2,1,Action,4,2.99,15.99,Chris Brothers
5183,2005-07-09 10:13:45,2866,394,2005-07-16 15:55:45,2,628,1,15,Sports,5,2.99,24.99,Chris Brothers
10718,2005-08-01 18:55:38,2763,394,2005-08-04 14:45:38,1,606,2,15,Sports,3,0.99,15.99,Chris Brothers
10319,2005-08-01 04:37:19,3120,394,2005-08-05 03:18:19,2,686,1,13,New,5,4.99,9.99,Chris Brothers
7445,2005-07-27 17:57:15,4115,394,2005-07-31 20:24:15,1,895,1,4,Classics,3,2.99,21.99,Chris Brothers
3027,2005-06-20 11:50:30,4028,397,2005-06-25 15:58:30,2,877,2,12,Music,4,0.99,23.99,Jimmy Schrader
10598,2005-08-01 14:23:36,2341,397,2005-08-10 14:07:36,2,509,2,3,Children,5,0.99,26.99,Jimmy Schrader
10785,2005-08-01 21:24:55,2282,397,2005-08-06 17:47:55,1,494,1,11,Horror,4,0.99,21.99,Jimmy Schrader
9495,2005-07-30 23:54:26,2128,397,2005-08-01 22:02:26,2,461,1,2,Animation,3,0.99,14.99,Jimmy Schrader
6014,2005-07-11 02:02:55,3748,397,2005-07-12 23:49:55,1,820,1,2,Animation,3,2.99,11.99,Jimmy Schrader
1769,2005-06-16 18:07:48,1229,397,2005-06-22 12:39:48,1,272,1,7,Drama,5,4.99,9.99,Jimmy Schrader
5103,2005-07-09 06:34:40,2390,397,2005-07-10 03:44:40,2,521,2,7,Drama,7,4.99,28.99,Jimmy Schrader
9608,2005-07-31 03:51:52,363,397,2005-08-06 05:38:52,2,79,2,7,Drama,5,0.99,10.99,Jimmy Schrader
6266,2005-07-11 15:45:39,941,397,2005-07-15 18:29:39,1,209,1,7,Drama,6,2.99,24.99,Jimmy Schrader
3489,2005-07-05 23:33:40,2936,397,2005-07-15 02:15:40,2,645,1,16,Travel,7,2.99,18.99,Jimmy Schrader
8103,2005-07-28 18:50:14,4472,397,2005-08-04 16:53:14,1,977,2,16,Travel,3,2.99,25.99,Jimmy Schrader
5763,2005-07-10 12:58:12,753,397,2005-07-14 08:52:12,1,165,1,14,Sci-Fi,7,4.99,27.99,Jimmy Schrader
7356,2005-07-27 14:47:35,309,397,2005-07-28 18:10:35,2,69,2,14,Sci-Fi,3,2.99,21.99,Jimmy Schrader
5598,2005-07-10 04:48:29,3412,397,2005-07-18 10:33:29,2,748,1,1,Action,4,0.99,16.99,Jimmy Schrader
4036,2005-07-07 02:48:00,500,397,2005-07-07 22:46:00,1,111,2,1,Action,3,0.99,17.99,Jimmy Schrader
10534,2005-08-01 12:15:11,4354,397,2005-08-04 17:06:11,1,949,1,10,Games,6,0.99,27.99,Jimmy Schrader
7892,2005-07-28 10:46:58,2717,397,2005-07-30 16:03:58,1,596,2,10,Games,4,4.99,25.99,Jimmy Schrader
1002,2005-05-31 00:47:56,709,397,2005-06-06 19:51:56,1,155,1,13,New,6,0.99,26.99,Jimmy Schrader
6471,2005-07-12 01:31:06,2253,397,2005-07-13 05:26:06,1,487,2,4,Classics,6,4.99,29.99,Jimmy Schrader
6454,2005-07-12 01:00:12,4028,446,2005-07-16 22:12:12,1,877,2,12,Music,4,0.99,23.99,Theodore Culp
3060,2005-06-20 13:47:20,2075,446,2005-06-25 16:00:20,2,450,1,3,Children,5,2.99,29.99,Theodore Culp
236,2005-05-26 11:53:49,1265,446,2005-05-28 13:55:49,1,280,2,3,Children,7,0.99,26.99,Theodore Culp
2335,2005-06-18 10:59:36,3968,446,2005-06-26 06:42:36,2,864,2,3,Children,5,0.99,21.99,Theodore Culp
14,2005-05-25 00:31:15,2701,446,2005-05-26 02:56:15,1,593,2,11,Horror,6,0.99,13.99,Theodore Culp
7576,2005-07-27 22:54:35,3374,446,2005-08-03 03:53:35,2,740,2,11,Horror,5,2.99,13.99,Theodore Culp
355,2005-05-27 06:15:33,141,446,2005-06-01 02:50:33,2,28,1,5,Comedy,5,4.99,16.99,Theodore Culp
8923,2005-07-30 02:08:49,2425,446,2005-08-03 23:45:49,2,529,1,5,Comedy,3,2.99,12.99,Theodore Culp
8284,2005-07-29 01:56:40,4371,446,2005-08-07 07:15:40,2,953,1,2,Animation,3,0.99,9.99,Theodore Culp
9116,2005-07-30 09:19:41,2917,446,2005-08-03 08:01:41,2,641,1,9,Foreign,4,0.99,21.99,Theodore Culp
2248,2005-06-18 04:59:48,1999,446,2005-06-19 08:51:48,2,435,1,9,Foreign,6,4.99,28.99,Theodore Culp
6734,2005-07-12 14:04:24,2248,446,2005-07-21 19:47:24,1,486,1,9,Foreign,7,4.99,14.99,Theodore Culp
8309,2005-07-29 03:22:20,2250,446,2005-08-01 06:30:20,1,486,2,9,Foreign,7,4.99,14.99,Theodore Culp
6510,2005-07-12 03:35:39,905,446,2005-07-21 01:41:39,1,201,1,9,Foreign,7,2.99,18.99,Theodore Culp
4358,2005-07-07 19:27:04,3136,446,2005-07-14 23:46:04,1,689,1,9,Foreign,5,2.99,14.99,Theodore Culp
8691,2005-07-29 16:41:23,672,446,2005-08-02 12:32:23,2,147,1,8,Family,5,0.99,16.99,Theodore Culp
2710,2005-06-19 14:03:56,2965,446,2005-06-21 16:15:56,1,650,1,6,Documentary,3,0.99,27.99,Theodore Culp
11051,2005-08-02 06:23:39,4189,446,2005-08-06 06:46:39,2,912,1,14,Sci-Fi,3,2.99,9.99,Theodore Culp
8922,2005-07-30 02:08:25,1696,446,2005-08-08 07:19:25,2,369,2,14,Sci-Fi,4,4.99,22.99,Theodore Culp
2520,2005-06-19 00:29:00,4181,446,2005-06-28 04:36:00,1,911,1,1,Action,7,4.99,14.99,Theodore Culp
6535,2005-07-12 04:43:43,1921,446,2005-07-17 04:52:43,1,417,2,1,Action,5,0.99,29.99,Theodore Culp
7089,2005-07-27 04:43:42,1380,446,2005-07-30 10:04:42,1,303,1,1,Action,6,0.99,27.99,Theodore Culp
5393,2005-07-09 19:35:12,1417,446,2005-07-11 14:00:12,1,310,1,10,Games,5,4.99,20.99,Theodore Culp
5409,2005-07-09 20:17:19,3538,446,2005-07-13 23:30:19,1,773,2,15,Sports,6,2.99,28.99,Theodore Culp
7005,2005-07-27 01:38:36,2438,446,2005-08-02 05:56:36,2,532,2,15,Sports,5,4.99,28.99,Theodore Culp
3168,2005-06-20 21:46:01,2407,446,2005-06-22 20:40:01,1,525,2,4,Classics,4,0.99,29.99,Theodore Culp
8670,2005-07-29 15:49:03,2354,446,2005-08-01 20:19:03,2,512,2,4,Classics,5,4.99,25.99,Theodore Culp
8770,2005-07-29 19:53:50,4025,499,2005-08-05 14:22:50,1,877,1,12,Music,4,0.99,23.99,Marc Outlaw
1830,2005-06-16 22:18:43,4010,499,2005-06-23 21:14:43,2,873,1,3,Children,3,0.99,13.99,Marc Outlaw
6723,2005-07-12 13:44:57,2678,499,2005-07-14 15:57:57,2,588,2,3,Children,4,4.99,11.99,Marc Outlaw
7898,2005-07-28 11:08:22,2680,499,2005-08-03 12:28:22,1,588,2,3,Children,4,4.99,11.99,Marc Outlaw
5427,2005-07-09 21:12:26,3197,499,2005-07-14 01:02:26,1,702,2,11,Horror,4,2.99,12.99,Marc Outlaw
9588,2005-07-31 03:13:13,1368,499,2005-08-02 04:06:13,1,301,2,11,Horror,4,0.99,24.99,Marc Outlaw
3794,2005-07-06 14:35:26,584,499,2005-07-11 14:40:26,2,127,2,5,Comedy,5,4.99,14.99,Marc Outlaw
7800,2005-07-28 07:50:59,3386,499,2005-07-29 07:31:59,2,743,2,2,Animation,7,0.99,27.99,Marc Outlaw
8130,2005-07-28 19:48:15,4055,499,2005-08-05 14:18:15,2,882,1,7,Drama,4,0.99,24.99,Marc Outlaw
1355,2005-06-15 13:13:59,4203,499,2005-06-20 12:23:59,1,914,2,16,Travel,6,2.99,13.99,Marc Outlaw
3241,2005-06-21 02:54:32,1442,499,2005-06-26 21:56:32,2,315,2,8,Family,4,0.99,10.99,Marc Outlaw
5022,2005-07-09 02:10:54,928,499,2005-07-17 08:07:54,2,206,1,6,Documentary,6,0.99,25.99,Marc Outlaw
1526,2005-06-16 00:27:51,1940,499,2005-06-19 00:19:51,1,422,2,14,Sci-Fi,7,4.99,25.99,Marc Outlaw
5392,2005-07-09 19:32:30,2552,499,2005-07-16 15:01:30,1,559,2,14,Sci-Fi,7,2.99,22.99,Marc Outlaw
10497,2005-08-01 10:55:59,1060,499,2005-08-07 11:15:59,1,235,2,14,Sci-Fi,6,2.99,13.99,Marc Outlaw
5956,2005-07-10 23:23:08,2536,499,2005-07-13 17:36:08,1,556,2,10,Games,6,4.99,26.99,Marc Outlaw
89,2005-05-25 14:28:29,2181,499,2005-05-29 14:33:29,1,471,2,4,Classics,7,2.99,23.99,Marc Outlaw
10333,2005-08-01 04:58:32,3955,499,2005-08-04 00:51:32,2,862,2,4,Classics,5,0.99,25.99,Marc Outlaw
7831,2005-07-28 08:44:21,4436,499,2005-07-30 03:25:21,2,970,1,4,Classics,7,0.99,11.99,Marc Outlaw
7857,2005-07-28 09:49:40,4027,500,2005-08-01 05:34:40,2,877,2,12,Music,4,0.99,23.99,Reginald Kinder
4790,2005-07-08 16:25:27,100,500,2005-07-11 11:35:27,1,20,1,12,Music,4,4.99,23.99,Reginald Kinder
9290,2005-07-30 15:59:08,2275,500,2005-08-06 21:49:08,2,491,2,3,Children,4,0.99,18.99,Reginald Kinder
6187,2005-07-11 11:28:51,3344,500,2005-07-12 15:44:51,1,735,1,3,Children,7,2.99,26.99,Reginald Kinder
6801,2005-07-12 17:09:08,872,500,2005-07-21 22:25:08,1,191,2,3,Children,6,0.99,27.99,Reginald Kinder
3926,2005-07-06 20:42:35,4241,500,2005-07-09 16:30:35,2,922,1,11,Horror,7,4.99,22.99,Reginald Kinder
2996,2005-06-20 09:20:29,4064,500,2005-06-27 09:18:29,1,886,1,2,Animation,5,0.99,9.99,Reginald Kinder
8925,2005-07-30 02:09:14,3753,500,2005-07-30 21:39:14,1,821,2,9,Foreign,6,0.99,17.99,Reginald Kinder
2526,2005-06-19 01:03:07,3309,500,2005-06-28 06:57:07,1,728,2,7,Drama,3,0.99,26.99,Reginald Kinder
610,2005-05-28 15:15:25,3642,500,2005-06-02 12:30:25,2,795,1,8,Family,7,0.99,23.99,Reginald Kinder
8538,2005-07-29 10:45:17,3768,500,2005-08-04 15:12:17,1,824,2,8,Family,4,4.99,19.99,Reginald Kinder
389,2005-05-27 10:45:41,691,500,2005-06-05 06:22:41,2,151,1,14,Sci-Fi,5,4.99,26.99,Reginald Kinder
1388,2005-06-15 15:48:41,3987,500,2005-06-22 17:51:41,1,869,1,1,Action,4,2.99,22.99,Reginald Kinder
2189,2005-06-18 01:20:26,249,500,2005-06-25 00:30:26,1,56,1,1,Action,6,2.99,15.99,Reginald Kinder
7925,2005-07-28 12:10:02,1763,500,2005-08-02 15:50:02,1,382,2,10,Games,3,0.99,21.99,Reginald Kinder
1375,2005-06-15 14:54:56,3555,500,2005-06-21 14:48:56,2,777,1,15,Sports,5,4.99,10.99,Reginald Kinder
112,2005-05-25 18:57:24,2153,500,2005-06-02 20:44:24,1,465,2,13,New,4,4.99,17.99,Reginald Kinder
6018,2005-07-11 02:06:36,4555,500,2005-07-12 02:16:36,2,994,1,13,New,6,4.99,29.99,Reginald Kinder
10947,2005-08-02 03:23:17,2510,500,2005-08-07 05:25:17,1,551,2,13,New,3,4.99,9.99,Reginald Kinder
4561,2005-07-08 05:02:43,1643,500,2005-07-11 04:56:43,1,358,2,4,Classics,5,0.99,29.99,Reginald Kinder
4927,2005-07-08 22:05:35,2566,136,2005-07-14 23:22:35,2,562,1,12,Music,6,0.99,12.99,Anita Morales
1150,2005-05-31 21:20:09,1632,136,2005-06-03 19:15:09,2,356,2,3,Children,5,2.99,10.99,Anita Morales
9319,2005-07-30 17:15:27,4066,136,2005-08-03 14:03:27,1,886,1,2,Animation,5,0.99,9.99,Anita Morales
6142,2005-07-11 08:54:09,1722,136,2005-07-18 05:23:09,2,376,1,9,Foreign,4,0.99,20.99,Anita Morales
5627,2005-07-10 05:51:12,244,136,2005-07-17 09:56:12,2,55,1,14,Sci-Fi,6,2.99,27.99,Anita Morales
9764,2005-07-31 09:42:58,3761,136,2005-08-07 07:22:58,2,823,1,1,Action,4,2.99,21.99,Anita Morales
2104,2005-06-17 19:14:30,3084,136,2005-06-19 16:26:30,1,678,1,15,Sports,3,2.99,23.99,Anita Morales
6585,2005-07-12 06:50:52,2064,136,2005-07-21 06:51:52,1,448,1,13,New,3,2.99,25.99,Anita Morales
3040,2005-06-20 12:34:13,2568,162,2005-06-21 12:33:13,1,562,2,12,Music,6,0.99,12.99,Lauren Hudson
9726,2005-07-31 08:37:07,1701,162,2005-08-09 06:09:07,1,370,2,3,Children,4,2.99,26.99,Lauren Hudson
3180,2005-06-20 22:48:44,3997,162,2005-06-21 21:25:44,1,870,2,11,Horror,4,0.99,12.99,Lauren Hudson
2547,2005-06-19 02:44:17,4560,162,2005-06-24 08:01:17,2,995,1,11,Horror,5,4.99,11.99,Lauren Hudson
9167,2005-07-30 11:30:37,1785,162,2005-08-08 17:13:37,1,388,1,5,Comedy,5,0.99,16.99,Lauren Hudson
10093,2005-07-31 20:30:32,3943,162,2005-08-04 00:04:32,2,859,2,2,Animation,3,4.99,20.99,Lauren Hudson
11012,2005-08-02 05:09:42,542,162,2005-08-05 07:22:42,2,118,2,2,Animation,7,0.99,26.99,Lauren Hudson
285,2005-05-26 19:41:40,2486,162,2005-05-31 16:58:40,2,545,1,9,Foreign,4,0.99,14.99,Lauren Hudson
8478,2005-07-29 08:40:36,3742,162,2005-08-01 10:23:36,1,818,2,7,Drama,4,4.99,17.99,Lauren Hudson
2366,2005-06-18 13:46:39,1413,162,2005-06-23 18:49:39,2,309,2,8,Family,6,0.99,29.99,Lauren Hudson
4982,2005-07-09 00:30:52,249,162,2005-07-15 23:50:52,1,56,1,1,Action,6,2.99,15.99,Lauren Hudson
688,2005-05-29 00:45:24,4135,162,2005-06-02 01:30:24,1,898,1,15,Sports,4,4.99,18.99,Lauren Hudson
9775,2005-07-31 10:00:00,2818,162,2005-08-01 08:57:00,2,619,1,15,Sports,3,0.99,20.99,Lauren Hudson
1339,2005-06-15 12:21:56,424,162,2005-06-19 07:46:56,1,93,2,13,New,4,4.99,27.99,Lauren Hudson
501,2005-05-28 01:09:36,601,162,2005-05-30 06:14:36,2,131,1,4,Classics,5,4.99,12.99,Lauren Hudson
8582,2005-07-29 12:03:27,841,162,2005-08-03 07:02:27,1,184,1,4,Classics,3,2.99,24.99,Lauren Hudson
8591,2005-07-29 12:32:33,2568,418,2005-08-01 16:19:33,2,562,2,12,Music,6,0.99,12.99,Jeff East
6970,2005-07-27 00:26:14,17,418,2005-08-03 20:00:14,2,4,1,11,Horror,5,2.99,26.99,Jeff East
10915,2005-08-02 02:05:04,4568,418,2005-08-10 21:58:04,2,998,2,11,Horror,6,0.99,10.99,Jeff East
2943,2005-06-20 05:43:05,2591,418,2005-06-25 04:31:05,1,569,1,2,Animation,7,2.99,18.99,Jeff East
6150,2005-07-11 09:23:56,1110,418,2005-07-15 10:56:56,2,246,2,9,Foreign,5,4.99,16.99,Jeff East
4865,2005-07-08 19:09:04,1614,418,2005-07-13 21:25:04,2,353,1,9,Foreign,6,2.99,22.99,Jeff East
4938,2005-07-08 22:32:53,2164,418,2005-07-14 16:48:53,2,467,2,9,Foreign,6,0.99,10.99,Jeff East
2969,2005-06-20 07:44:27,1748,418,2005-06-22 06:12:27,2,380,1,9,Foreign,7,2.99,11.99,Jeff East
4852,2005-07-08 18:43:15,3545,418,2005-07-15 18:48:15,2,775,1,7,Drama,4,4.99,18.99,Jeff East
10709,2005-08-01 18:43:57,282,418,2005-08-06 13:17:57,2,63,2,8,Family,6,0.99,21.99,Jeff East
2825,2005-06-19 20:32:19,2601,418,2005-06-22 22:32:19,1,571,2,6,Documentary,6,2.99,26.99,Jeff East
8546,2005-07-29 11:08:48,3224,418,2005-08-03 16:50:48,2,708,1,6,Documentary,4,4.99,19.99,Jeff East
3805,2005-07-06 15:08:42,1716,418,2005-07-07 14:34:42,1,374,2,14,Sci-Fi,3,0.99,29.99,Jeff East
9558,2005-07-31 02:14:35,1161,418,2005-08-06 03:00:35,1,256,2,15,Sports,6,4.99,20.99,Jeff East
10537,2005-08-01 12:22:28,2140,418,2005-08-08 07:27:28,1,463,1,15,Sports,4,2.99,21.99,Jeff East
8886,2005-07-30 00:36:31,1469,418,2005-08-08 06:18:31,1,321,1,13,New,3,4.99,21.99,Jeff East
3255,2005-06-21 03:39:52,2564,482,2005-06-24 04:02:52,1,562,1,12,Music,6,0.99,12.99,Maurice Crawley
680,2005-05-28 23:27:26,4147,482,2005-06-02 02:28:26,2,901,1,2,Animation,3,0.99,29.99,Maurice Crawley
5466,2005-07-09 23:03:21,2302,482,2005-07-10 20:11:21,2,500,2,9,Foreign,5,4.99,11.99,Maurice Crawley
259,2005-05-26 15:32:46,30,482,2005-06-04 15:27:46,2,6,2,9,Foreign,3,2.99,17.99,Maurice Crawley
5880,2005-07-10 19:14:58,359,482,2005-07-17 01:13:58,1,79,1,7,Drama,5,0.99,10.99,Maurice Crawley
3048,2005-06-20 12:49:55,4389,482,2005-06-26 11:06:55,1,958,2,7,Drama,6,2.99,19.99,Maurice Crawley
6844,2005-07-12 19:14:53,3211,482,2005-07-18 16:07:53,2,706,1,7,Drama,5,4.99,22.99,Maurice Crawley
3650,2005-07-06 07:34:15,3606,482,2005-07-08 01:50:15,2,788,2,6,Documentary,5,2.99,15.99,Maurice Crawley
7840,2005-07-28 09:03:02,2899,482,2005-08-06 06:15:02,1,637,2,14,Sci-Fi,7,4.99,16.99,Maurice Crawley
5810,2005-07-10 15:22:04,1426,482,2005-07-18 21:05:04,2,312,2,14,Sci-Fi,4,4.99,20.99,Maurice Crawley
6355,2005-07-11 20:56:29,2472,482,2005-07-20 01:50:29,2,542,1,1,Action,3,2.99,28.99,Maurice Crawley
9874,2005-07-31 13:32:31,2476,482,2005-08-07 09:50:31,2,542,2,1,Action,3,2.99,28.99,Maurice Crawley
10824,2005-08-01 23:00:22,3948,482,2005-08-04 04:14:22,2,861,2,10,Games,3,4.99,12.99,Maurice Crawley
6447,2005-07-12 00:45:17,3945,482,2005-07-18 05:56:17,2,861,1,10,Games,3,4.99,12.99,Maurice Crawley
879,2005-05-30 05:49:42,4021,482,2005-06-05 01:45:42,2,875,2,15,Sports,6,0.99,9.99,Maurice Crawley
10839,2005-08-01 23:37:39,2867,482,2005-08-02 20:18:39,1,628,2,15,Sports,5,2.99,24.99,Maurice Crawley
8584,2005-07-29 12:07:53,1656,482,2005-07-31 09:27:53,1,361,2,15,Sports,5,2.99,25.99,Maurice Crawley
4768,2005-07-08 15:28:20,2787,482,2005-07-09 11:46:20,1,611,1,4,Classics,7,4.99,17.99,Maurice Crawley
5334,2005-07-09 17:00:13,3852,482,2005-07-11 15:50:13,1,843,2,4,Classics,4,4.99,15.99,Maurice Crawley
6190,2005-07-11 11:36:18,2564,321,2005-07-19 17:05:18,2,562,1,12,Music,6,0.99,12.99,Kevin Schuler
200,2005-05-26 07:12:21,3926,321,2005-05-31 12:07:21,1,856,2,11,Horror,5,4.99,11.99,Kevin Schuler
4318,2005-07-07 17:47:50,1607,321,2005-07-14 12:15:50,2,351,2,11,Horror,4,2.99,10.99,Kevin Schuler
5867,2005-07-10 18:39:01,730,321,2005-07-19 21:56:01,2,159,2,5,Comedy,5,4.99,12.99,Kevin Schuler
1750,2005-06-16 16:57:36,1103,321,2005-06-25 21:51:36,1,245,1,2,Animation,4,0.99,28.99,Kevin Schuler
3901,2005-07-06 19:24:55,3367,321,2005-07-14 20:30:55,2,738,2,9,Foreign,3,0.99,27.99,Kevin Schuler
620,2005-05-28 15:54:45,2444,321,2005-06-04 20:26:45,1,533,1,9,Foreign,4,2.99,21.99,Kevin Schuler
9981,2005-07-31 17:08:31,1354,321,2005-08-01 22:46:31,2,299,1,16,Travel,4,0.99,9.99,Kevin Schuler
8685,2005-07-29 16:17:05,1827,321,2005-08-07 17:44:05,1,397,1,14,Sci-Fi,5,2.99,26.99,Kevin Schuler
6859,2005-07-12 19:53:57,4108,321,2005-07-17 19:48:57,2,893,2,14,Sci-Fi,4,4.99,11.99,Kevin Schuler
818,2005-05-29 20:47:53,4106,321,2005-06-02 23:18:53,2,893,2,14,Sci-Fi,4,4.99,11.99,Kevin Schuler
5202,2005-07-09 10:53:48,3417,321,2005-07-15 13:31:48,1,748,2,1,Action,4,0.99,16.99,Kevin Schuler
4281,2005-07-07 15:17:50,1182,321,2005-07-08 11:42:50,2,263,1,15,Sports,6,4.99,14.99,Kevin Schuler
3410,2005-06-21 16:20:47,1197,321,2005-06-24 19:09:47,2,266,2,4,Classics,4,0.99,27.99,Kevin Schuler
3920,2005-07-06 20:26:40,1551,321,2005-07-15 15:00:40,2,341,1,4,Classics,5,0.99,13.99,Kevin Schuler
9975,2005-07-31 16:53:43,2564,40,2005-08-07 20:13:43,2,562,1,12,Music,6,0.99,12.99,Amanda Carter
9700,2005-07-31 07:29:59,2678,40,2005-08-02 09:53:59,1,588,2,3,Children,4,4.99,11.99,Amanda Carter
10442,2005-08-01 08:58:08,4570,40,2005-08-05 09:07:08,2,999,1,3,Children,5,2.99,28.99,Amanda Carter
8170,2005-07-28 21:32:29,2495,40,2005-08-03 22:02:29,1,547,2,3,Children,3,0.99,19.99,Amanda Carter
2993,2005-06-20 09:12:12,1527,40,2005-06-22 13:36:12,2,334,1,11,Horror,6,4.99,21.99,Amanda Carter
8031,2005-07-28 16:15:49,2196,40,2005-08-02 18:27:49,2,475,2,11,Horror,6,0.99,29.99,Amanda Carter
2896,2005-06-20 02:33:42,1086,40,2005-06-26 05:29:42,2,242,2,5,Comedy,4,0.99,13.99,Amanda Carter
5001,2005-07-09 01:17:04,2025,40,2005-07-16 03:25:04,2,440,2,9,Foreign,6,0.99,21.99,Amanda Carter
7684,2005-07-28 03:11:54,3365,40,2005-07-31 04:40:54,2,738,2,9,Foreign,3,0.99,27.99,Amanda Carter
9961,2005-07-31 16:07:50,1856,40,2005-08-07 18:37:50,2,403,2,7,Drama,5,4.99,18.99,Amanda Carter
5869,2005-07-10 18:40:09,2157,40,2005-07-17 18:42:09,1,466,1,6,Documentary,6,4.99,20.99,Amanda Carter
3428,2005-06-21 18:39:34,1959,40,2005-06-22 18:23:34,2,427,1,6,Documentary,5,0.99,19.99,Amanda Carter
5777,2005-07-10 13:38:41,3959,40,2005-07-17 15:48:41,2,863,1,14,Sci-Fi,5,0.99,9.99,Amanda Carter
9050,2005-07-30 06:59:55,106,40,2005-08-06 06:37:55,1,21,2,1,Action,3,4.99,17.99,Amanda Carter
128,2005-05-25 21:19:53,4322,40,2005-05-29 23:34:53,1,941,2,10,Games,4,4.99,10.99,Amanda Carter
2470,2005-06-18 20:28:31,4319,40,2005-06-25 18:48:31,1,941,1,10,Games,4,4.99,10.99,Amanda Carter
6502,2005-07-12 03:15:45,1641,40,2005-07-17 08:47:45,2,358,1,4,Classics,5,0.99,29.99,Amanda Carter
10770,2005-08-01 20:45:39,2567,262,2005-08-04 19:21:39,1,562,2,12,Music,6,0.99,12.99,Patsy Davidson
2771,2005-06-19 17:54:48,40,262,2005-06-27 17:14:48,1,8,2,11,Horror,6,4.99,15.99,Patsy Davidson
6547,2005-07-12 04:57:46,2656,262,2005-07-18 08:36:46,2,583,1,2,Animation,3,4.99,26.99,Patsy Davidson
6986,2005-07-27 00:59:05,2104,262,2005-07-29 00:31:05,1,456,2,2,Animation,6,4.99,18.99,Patsy Davidson
9105,2005-07-30 08:50:25,4443,262,2005-08-05 06:08:25,1,971,1,9,Foreign,4,4.99,11.99,Patsy Davidson
6724,2005-07-12 13:45:15,2486,262,2005-07-19 19:18:15,1,545,1,9,Foreign,4,0.99,14.99,Patsy Davidson
4501,2005-07-08 02:12:00,1412,262,2005-07-10 02:16:00,2,309,2,8,Family,6,0.99,29.99,Patsy Davidson
3521,2005-07-06 01:00:11,1440,262,2005-07-11 19:15:11,2,315,2,8,Family,4,0.99,10.99,Patsy Davidson
6291,2005-07-11 17:16:40,3126,262,2005-07-13 18:24:40,2,687,2,6,Documentary,6,0.99,15.99,Patsy Davidson
2915,2005-06-20 03:57:17,1293,262,2005-06-24 05:59:17,2,285,2,14,Sci-Fi,3,0.99,18.99,Patsy Davidson
984,2005-05-30 22:17:17,2305,262,2005-06-01 20:15:17,2,501,1,1,Action,3,4.99,9.99,Patsy Davidson
5503,2005-07-10 00:35:37,3892,262,2005-07-12 20:29:37,1,850,2,1,Action,7,0.99,27.99,Patsy Davidson
10421,2005-08-01 08:14:10,925,262,2005-08-03 05:56:10,2,205,1,1,Action,3,0.99,22.99,Patsy Davidson
6805,2005-07-12 17:23:01,1758,262,2005-07-21 19:38:01,2,382,1,10,Games,3,0.99,21.99,Patsy Davidson
1563,2005-06-16 02:46:28,1516,262,2005-06-18 02:37:28,1,331,1,10,Games,6,2.99,25.99,Patsy Davidson
6762,2005-07-12 15:25:33,3857,262,2005-07-21 18:57:33,1,844,2,15,Sports,6,4.99,16.99,Patsy Davidson
2850,2005-06-19 23:06:28,206,262,2005-06-28 03:30:28,2,45,2,13,New,5,4.99,14.99,Patsy Davidson
3699,2005-07-06 10:11:25,418,262,2005-07-14 05:18:25,1,91,2,4,Classics,5,0.99,17.99,Patsy Davidson
7707,2005-07-28 04:07:47,2563,232,2005-07-29 02:02:47,1,562,1,12,Music,6,0.99,12.99,Constance Reid
8306,2005-07-29 03:12:26,1708,232,2005-08-01 23:26:26,1,373,1,3,Children,7,2.99,14.99,Constance Reid
805,2005-05-29 18:18:18,3132,232,2005-06-07 15:11:18,2,688,2,3,Children,6,0.99,12.99,Constance Reid
28,2005-05-25 03:42:37,4068,232,2005-05-26 09:26:37,2,887,1,2,Animation,5,4.99,28.99,Constance Reid
10157,2005-07-31 22:38:48,2960,232,2005-08-01 21:38:48,1,649,2,2,Animation,4,2.99,14.99,Constance Reid
9365,2005-07-30 18:46:02,1539,232,2005-08-03 20:15:02,1,337,1,9,Foreign,6,2.99,11.99,Constance Reid
2833,2005-06-19 21:34:54,1976,232,2005-06-28 16:21:54,1,431,2,9,Foreign,3,2.99,12.99,Constance Reid
7749,2005-07-28 05:53:36,3585,232,2005-08-01 03:49:36,1,784,2,16,Travel,7,2.99,20.99,Constance Reid
6234,2005-07-11 14:16:10,2911,232,2005-07-19 19:55:10,1,639,2,8,Family,7,4.99,9.99,Constance Reid
10539,2005-08-01 12:23:00,3341,232,2005-08-07 10:25:00,2,734,2,6,Documentary,4,4.99,12.99,Constance Reid
1619,2005-06-16 07:14:13,4258,232,2005-06-19 05:50:13,2,925,2,6,Documentary,3,0.99,27.99,Constance Reid
6309,2005-07-11 18:13:24,1054,232,2005-07-13 23:11:24,1,234,2,14,Sci-Fi,6,2.99,27.99,Constance Reid
7653,2005-07-28 01:58:30,814,232,2005-07-28 23:32:30,2,177,2,14,Sci-Fi,4,4.99,20.99,Constance Reid
7123,2005-07-27 06:08:48,134,232,2005-08-04 05:26:48,1,26,2,14,Sci-Fi,3,0.99,15.99,Constance Reid
9270,2005-07-30 15:03:16,700,232,2005-07-31 16:09:16,2,153,1,14,Sci-Fi,7,0.99,18.99,Constance Reid
8655,2005-07-29 15:04:42,3986,232,2005-08-04 11:26:42,1,869,1,1,Action,4,2.99,22.99,Constance Reid
9330,2005-07-30 17:44:24,4227,232,2005-08-08 17:39:24,1,919,1,10,Games,3,4.99,17.99,Constance Reid
7990,2005-07-28 14:43:08,188,232,2005-08-01 10:51:08,2,42,2,15,Sports,5,2.99,10.99,Constance Reid
8401,2005-07-29 06:25:08,3121,232,2005-08-01 06:49:08,1,686,1,13,New,5,4.99,9.99,Constance Reid
2036,2005-06-17 13:46:52,100,486,2005-06-18 15:42:52,2,20,1,12,Music,4,4.99,23.99,Glen Talbert
946,2005-05-30 15:35:08,1264,486,2005-06-08 11:38:08,1,280,2,3,Children,7,0.99,26.99,Glen Talbert
2566,2005-06-19 03:45:39,495,486,2005-06-25 08:43:39,2,110,1,3,Children,4,0.99,25.99,Glen Talbert
4205,2005-07-07 11:25:39,3922,486,2005-07-11 06:12:39,1,856,1,11,Horror,5,4.99,11.99,Glen Talbert
10902,2005-08-02 01:35:46,3863,486,2005-08-09 01:59:46,1,845,2,9,Foreign,7,4.99,9.99,Glen Talbert
3835,2005-07-06 16:22:45,935,486,2005-07-11 17:04:45,2,207,1,9,Foreign,7,4.99,26.99,Glen Talbert
5006,2005-07-09 01:24:07,1277,486,2005-07-18 03:56:07,1,282,2,7,Drama,5,0.99,20.99,Glen Talbert
7127,2005-07-27 06:13:48,273,486,2005-08-01 02:50:48,2,61,1,7,Drama,5,4.99,28.99,Glen Talbert
909,2005-05-30 10:43:38,3775,486,2005-06-08 12:07:38,1,827,1,7,Drama,5,4.99,22.99,Glen Talbert
4110,2005-07-07 06:44:27,226,486,2005-07-12 05:43:27,2,50,2,8,Family,3,2.99,20.99,Glen Talbert
4772,2005-07-08 15:41:11,2156,486,2005-07-17 15:25:11,1,466,1,6,Documentary,6,4.99,20.99,Glen Talbert
1129,2005-05-31 18:00:48,386,486,2005-06-04 23:05:48,1,85,2,6,Documentary,4,0.99,29.99,Glen Talbert
6383,2005-07-11 22:06:53,4275,486,2005-07-17 16:09:53,1,930,2,14,Sci-Fi,4,2.99,23.99,Glen Talbert
10079,2005-07-31 20:05:45,4541,486,2005-08-04 16:25:45,2,991,2,1,Action,4,2.99,26.99,Glen Talbert
2797,2005-06-19 19:04:32,3222,486,2005-06-20 22:43:32,1,707,2,1,Action,5,2.99,29.99,Glen Talbert
9142,2005-07-30 10:21:03,4467,486,2005-08-04 15:14:03,1,976,1,10,Games,6,0.99,12.99,Glen Talbert
7446,2005-07-27 18:00:24,2337,486,2005-07-29 13:40:24,1,508,2,10,Games,6,4.99,18.99,Glen Talbert
8425,2005-07-29 07:06:21,3491,486,2005-08-05 07:57:21,2,764,2,15,Sports,3,4.99,28.99,Glen Talbert
2102,2005-06-17 19:05:22,2316,486,2005-06-23 23:21:22,2,503,1,15,Sports,3,2.99,24.99,Glen Talbert
4381,2005-07-07 20:37:53,3727,486,2005-07-10 16:54:53,1,815,1,4,Classics,4,2.99,14.99,Glen Talbert
8963,2005-07-30 03:46:26,100,544,2005-08-08 06:12:26,1,20,1,12,Music,4,4.99,23.99,Cody Nolen
4703,2005-07-08 11:44:56,2859,544,2005-07-13 09:17:56,1,626,2,3,Children,5,2.99,12.99,Cody Nolen
10735,2005-08-01 19:29:45,4061,544,2005-08-02 19:50:45,2,885,1,11,Horror,7,0.99,22.99,Cody Nolen
4395,2005-07-07 21:13:22,360,544,2005-07-08 22:59:22,2,79,1,7,Drama,5,0.99,10.99,Cody Nolen
864,2005-05-30 03:27:17,2777,544,2005-06-06 08:28:17,1,609,2,16,Travel,7,2.99,23.99,Cody Nolen
1248,2005-06-15 05:33:52,3878,544,2005-06-19 06:56:52,2,848,1,16,Travel,3,0.99,19.99,Cody Nolen
2373,2005-06-18 14:37:57,2780,544,2005-06-23 19:29:57,2,610,1,8,Family,7,0.99,17.99,Cody Nolen
8566,2005-07-29 11:35:46,2011,544,2005-07-30 13:50:46,1,437,2,8,Family,7,2.99,13.99,Cody Nolen
397,2005-05-27 12:29:02,4193,544,2005-05-28 17:36:02,2,912,2,14,Sci-Fi,3,2.99,9.99,Cody Nolen
2395,2005-06-18 15:45:15,899,544,2005-06-27 19:11:15,2,200,1,10,Games,7,0.99,27.99,Cody Nolen
1434,2005-06-15 18:30:46,4228,544,2005-06-24 17:51:46,1,919,1,10,Games,3,4.99,17.99,Cody Nolen
4847,2005-07-08 18:29:13,3397,544,2005-07-15 18:12:13,2,745,2,15,Sports,5,4.99,23.99,Cody Nolen
8937,2005-07-30 02:53:21,2406,544,2005-08-08 03:33:21,2,525,2,4,Classics,4,0.99,29.99,Cody Nolen
2199,2005-06-18 01:57:56,99,171,2005-06-23 20:34:56,2,20,1,12,Music,4,4.99,23.99,Dolores Wagner
6774,2005-07-12 15:56:08,868,171,2005-07-13 18:42:08,1,191,1,3,Children,6,0.99,27.99,Dolores Wagner
2497,2005-06-18 22:50:40,2327,171,2005-06-26 22:39:40,1,505,2,3,Children,6,2.99,24.99,Dolores Wagner
3621,2005-07-06 06:03:55,3132,171,2005-07-11 09:25:55,2,688,2,3,Children,6,0.99,12.99,Dolores Wagner
804,2005-05-29 18:10:24,3909,171,2005-06-06 22:53:24,1,853,1,3,Children,3,4.99,12.99,Dolores Wagner
5986,2005-07-11 00:54:56,1624,171,2005-07-13 22:52:56,2,354,2,3,Children,6,4.99,18.99,Dolores Wagner
7037,2005-07-27 03:06:44,3155,171,2005-08-02 04:51:44,2,693,1,2,Animation,5,2.99,16.99,Dolores Wagner
6766,2005-07-12 15:32:01,3615,171,2005-07-18 14:03:01,2,789,2,9,Foreign,7,2.99,15.99,Dolores Wagner
3338,2005-06-21 10:27:31,2097,171,2005-06-30 14:15:31,2,455,1,9,Foreign,7,4.99,11.99,Dolores Wagner
5660,2005-07-10 07:46:12,1404,171,2005-07-17 07:48:12,1,307,2,16,Travel,6,4.99,9.99,Dolores Wagner
2004,2005-06-17 11:43:38,1342,171,2005-06-24 08:05:38,2,295,2,6,Documentary,3,0.99,14.99,Dolores Wagner
2599,2005-06-19 06:06:07,461,171,2005-06-27 01:10:07,1,101,2,6,Documentary,3,0.99,26.99,Dolores Wagner
1676,2005-06-16 11:06:09,931,171,2005-06-21 05:17:09,1,206,2,6,Documentary,6,0.99,25.99,Dolores Wagner
2788,2005-06-19 18:48:11,1457,171,2005-06-21 13:32:11,1,319,2,14,Sci-Fi,4,2.99,22.99,Dolores Wagner
9066,2005-07-30 07:28:54,196,171,2005-08-02 05:23:54,1,44,1,14,Sci-Fi,5,4.99,21.99,Dolores Wagner
3745,2005-07-06 12:10:32,1518,171,2005-07-12 15:20:32,1,331,2,10,Games,6,2.99,25.99,Dolores Wagner
9084,2005-07-30 08:14:29,3950,171,2005-08-03 11:12:29,2,861,2,10,Games,3,4.99,12.99,Dolores Wagner
10622,2005-08-01 15:12:00,3044,171,2005-08-08 14:09:00,1,668,1,15,Sports,7,4.99,25.99,Dolores Wagner
3984,2005-07-06 23:22:36,2205,570,2005-07-08 21:40:36,2,477,2,12,Music,5,0.99,15.99,Ivan Cromwell
4698,2005-07-08 11:19:31,3963,570,2005-07-13 13:45:31,2,864,1,3,Children,5,0.99,21.99,Ivan Cromwell
10168,2005-07-31 23:25:24,4548,570,2005-08-02 19:03:24,1,993,1,3,Children,6,2.99,10.99,Ivan Cromwell
5638,2005-07-10 06:32:49,1528,570,2005-07-13 04:32:49,2,334,2,11,Horror,6,4.99,21.99,Ivan Cromwell
9766,2005-07-31 09:46:29,4049,570,2005-08-01 05:08:29,1,881,2,11,Horror,5,4.99,13.99,Ivan Cromwell
10004,2005-07-31 17:51:23,2396,570,2005-08-03 19:12:23,1,524,1,5,Comedy,6,0.99,13.99,Ivan Cromwell
3138,2005-06-20 19:43:45,2265,570,2005-06-26 20:41:45,1,489,2,2,Animation,4,0.99,14.99,Ivan Cromwell
4069,2005-07-07 04:35:06,3361,570,2005-07-10 23:59:06,2,738,1,9,Foreign,3,0.99,27.99,Ivan Cromwell
9432,2005-07-30 21:26:18,2489,570,2005-08-05 00:23:18,1,545,2,9,Foreign,4,0.99,14.99,Ivan Cromwell
1417,2005-06-15 17:45:51,1334,570,2005-06-19 14:00:51,2,294,2,16,Travel,5,4.99,26.99,Ivan Cromwell
2008,2005-06-17 11:48:05,2081,570,2005-06-25 13:16:05,1,451,1,16,Travel,7,4.99,12.99,Ivan Cromwell
9385,2005-07-30 19:25:49,3453,570,2005-08-08 17:08:49,2,757,1,6,Documentary,4,2.99,28.99,Ivan Cromwell
1060,2005-05-31 08:21:43,2676,570,2005-06-09 04:02:43,2,587,1,6,Documentary,6,4.99,20.99,Ivan Cromwell
9398,2005-07-30 20:09:00,1175,570,2005-08-01 23:35:00,2,261,1,6,Documentary,5,0.99,13.99,Ivan Cromwell
2031,2005-06-17 13:14:03,4275,570,2005-06-25 10:06:03,2,930,2,14,Sci-Fi,4,2.99,23.99,Ivan Cromwell
6253,2005-07-11 15:07:19,1425,570,2005-07-13 11:00:19,1,312,2,14,Sci-Fi,4,4.99,20.99,Ivan Cromwell
2261,2005-06-18 05:46:15,1763,570,2005-06-24 05:06:15,1,382,2,10,Games,3,0.99,21.99,Ivan Cromwell
6556,2005-07-12 05:10:16,3901,570,2005-07-13 04:16:16,2,851,2,15,Sports,3,0.99,19.99,Ivan Cromwell
1804,2005-06-16 20:33:15,1152,570,2005-06-18 02:31:15,2,254,2,15,Sports,4,2.99,11.99,Ivan Cromwell
7174,2005-07-27 08:00:36,46,570,2005-08-01 03:11:36,1,10,1,15,Sports,6,4.99,24.99,Ivan Cromwell
1259,2005-06-15 06:37:55,4460,570,2005-06-23 04:02:55,2,974,1,13,New,4,0.99,24.99,Ivan Cromwell
8735,2005-07-29 18:28:54,2881,570,2005-08-03 12:43:54,2,632,1,13,New,5,4.99,10.99,Ivan Cromwell
6961,2005-07-27 00:10:49,2205,38,2005-07-30 00:26:49,2,477,2,12,Music,5,0.99,15.99,Martha Gonzalez
5822,2005-07-10 16:10:39,1385,38,2005-07-13 19:05:39,2,304,1,3,Children,3,2.99,28.99,Martha Gonzalez
4202,2005-07-07 11:23:48,2274,38,2005-07-16 16:32:48,1,491,2,3,Children,4,0.99,18.99,Martha Gonzalez
3392,2005-06-21 15:12:44,3343,38,2005-06-29 18:19:44,1,735,1,3,Children,7,2.99,26.99,Martha Gonzalez
10111,2005-07-31 21:08:33,3474,38,2005-08-06 02:58:33,2,761,2,3,Children,7,2.99,23.99,Martha Gonzalez
2605,2005-06-19 06:48:01,2342,38,2005-06-25 07:00:01,1,509,2,3,Children,5,0.99,26.99,Martha Gonzalez
5273,2005-07-09 14:31:24,4570,38,2005-07-14 13:27:24,2,999,1,3,Children,5,2.99,28.99,Martha Gonzalez
2550,2005-06-19 02:49:55,1370,38,2005-06-24 01:37:55,1,301,2,11,Horror,4,0.99,24.99,Martha Gonzalez
4300,2005-07-07 16:36:16,1189,38,2005-07-10 13:59:16,2,265,1,5,Comedy,5,4.99,28.99,Martha Gonzalez
3003,2005-06-20 10:00:51,616,38,2005-06-22 06:28:51,2,134,2,2,Animation,4,4.99,21.99,Martha Gonzalez
7158,2005-07-27 07:23:58,2432,38,2005-08-03 06:00:58,2,531,1,9,Foreign,3,0.99,18.99,Martha Gonzalez
7163,2005-07-27 07:36:11,3666,38,2005-08-04 06:03:11,2,803,1,7,Drama,7,4.99,29.99,Martha Gonzalez
7321,2005-07-27 13:33:38,3525,38,2005-08-03 07:35:38,2,772,1,7,Drama,4,2.99,24.99,Martha Gonzalez
8924,2005-07-30 02:08:58,2291,38,2005-08-05 02:13:58,2,496,2,16,Travel,3,0.99,10.99,Martha Gonzalez
5460,2005-07-09 22:46:14,2410,38,2005-07-12 21:26:14,2,526,2,16,Travel,7,2.99,10.99,Martha Gonzalez
9216,2005-07-30 13:11:19,2783,38,2005-07-31 11:27:19,2,610,2,8,Family,7,0.99,17.99,Martha Gonzalez
9284,2005-07-30 15:25:19,3976,38,2005-08-01 17:45:19,2,866,2,8,Family,6,0.99,28.99,Martha Gonzalez
9621,2005-07-31 04:21:08,325,38,2005-08-08 03:50:08,2,72,2,6,Documentary,6,2.99,12.99,Martha Gonzalez
4644,2005-07-08 09:14:29,3239,38,2005-07-10 07:20:29,2,711,2,14,Sci-Fi,4,4.99,18.99,Martha Gonzalez
11049,2005-08-02 06:15:40,4352,38,2005-08-11 10:09:40,2,948,2,13,New,6,0.99,22.99,Martha Gonzalez
7795,2005-07-28 07:28:16,1278,38,2005-07-31 12:03:16,1,283,1,13,New,6,0.99,10.99,Martha Gonzalez
1250,2005-06-15 05:55:40,4360,38,2005-06-23 03:11:40,2,951,1,4,Classics,6,0.99,28.99,Martha Gonzalez
4228,2005-07-07 12:42:02,1020,38,2005-07-12 10:52:02,1,228,2,4,Classics,4,0.99,16.99,Martha Gonzalez
6864,2005-07-12 19:59:25,2252,38,2005-07-19 15:52:25,2,487,2,4,Classics,6,4.99,29.99,Martha Gonzalez
10524,2005-08-01 11:53:12,4116,38,2005-08-08 10:40:12,2,895,1,4,Classics,3,2.99,21.99,Martha Gonzalez
4372,2005-07-07 20:09:01,2207,252,2005-07-09 18:24:01,1,477,2,12,Music,5,0.99,15.99,Mattie Hoffman
10834,2005-08-01 23:28:00,2270,252,2005-08-07 01:21:00,1,491,1,3,Children,4,0.99,18.99,Mattie Hoffman
7121,2005-07-27 05:58:32,1264,252,2005-07-29 06:14:32,1,280,2,3,Children,7,0.99,26.99,Mattie Hoffman
2968,2005-06-20 07:41:47,4415,252,2005-06-23 04:27:47,1,965,1,11,Horror,6,0.99,28.99,Mattie Hoffman
6369,2005-07-11 21:23:36,1086,252,2005-07-13 22:23:36,2,242,2,5,Comedy,4,0.99,13.99,Mattie Hoffman
8636,2005-07-29 14:24:13,4308,252,2005-08-02 14:39:13,1,938,2,5,Comedy,3,4.99,14.99,Mattie Hoffman
8899,2005-07-30 01:05:30,4148,252,2005-08-01 23:32:30,1,901,1,2,Animation,3,0.99,29.99,Mattie Hoffman
2716,2005-06-19 14:40:17,944,252,2005-06-27 17:45:17,2,209,1,7,Drama,6,2.99,24.99,Mattie Hoffman
707,2005-05-29 03:18:19,819,252,2005-05-30 02:45:19,1,179,1,7,Drama,4,4.99,14.99,Mattie Hoffman
7024,2005-07-27 02:36:40,3113,252,2005-07-28 06:58:40,1,683,2,7,Drama,5,4.99,19.99,Mattie Hoffman
7670,2005-07-28 02:44:25,1356,252,2005-07-29 21:55:25,2,299,1,16,Travel,4,0.99,9.99,Mattie Hoffman
10314,2005-08-01 04:31:18,1548,252,2005-08-06 01:49:18,2,339,2,16,Travel,5,0.99,17.99,Mattie Hoffman
6357,2005-07-11 20:58:51,658,252,2005-07-12 15:06:51,1,142,2,6,Documentary,3,0.99,24.99,Mattie Hoffman
7168,2005-07-27 07:51:11,6,252,2005-08-01 04:08:11,2,1,2,6,Documentary,6,0.99,20.99,Mattie Hoffman
1095,2005-05-31 13:15:41,4546,252,2005-06-05 12:10:41,1,992,2,6,Documentary,5,0.99,17.99,Mattie Hoffman
1395,2005-06-15 16:21:04,753,252,2005-06-23 12:52:04,2,165,1,14,Sci-Fi,7,4.99,27.99,Mattie Hoffman
5554,2005-07-10 03:03:38,4084,252,2005-07-17 00:00:38,2,890,2,15,Sports,5,0.99,14.99,Mattie Hoffman
2841,2005-06-19 22:21:06,614,193,2005-06-28 00:56:06,1,133,2,12,Music,7,4.99,14.99,Katie Elliott
8379,2005-07-29 05:29:40,3907,193,2005-08-06 05:56:40,2,852,2,3,Children,4,0.99,27.99,Katie Elliott
2880,2005-06-20 01:24:54,1700,193,2005-06-23 02:42:54,2,370,1,3,Children,4,2.99,26.99,Katie Elliott
273,2005-05-26 16:29:36,1590,193,2005-05-29 18:49:36,2,349,1,2,Animation,4,2.99,27.99,Katie Elliott
3297,2005-06-21 07:08:19,3969,193,2005-06-28 11:53:19,2,865,1,2,Animation,3,4.99,19.99,Katie Elliott
9575,2005-07-31 02:51:53,3971,193,2005-08-03 20:54:53,2,865,1,2,Animation,3,4.99,19.99,Katie Elliott
464,2005-05-27 20:42:44,1313,193,2005-05-30 00:49:44,2,290,1,9,Foreign,4,0.99,29.99,Katie Elliott
8431,2005-07-29 07:12:48,1583,193,2005-08-01 10:03:48,1,347,1,16,Travel,7,4.99,17.99,Katie Elliott
10462,2005-08-01 09:38:28,4526,193,2005-08-02 09:52:28,2,988,1,16,Travel,7,2.99,26.99,Katie Elliott
2377,2005-06-18 14:56:23,3568,193,2005-06-27 12:36:23,1,780,2,8,Family,7,4.99,15.99,Katie Elliott
2846,2005-06-19 22:52:14,651,193,2005-06-22 17:12:14,1,141,1,10,Games,6,4.99,11.99,Katie Elliott
8211,2005-07-28 23:34:22,1859,193,2005-08-04 21:18:22,1,406,1,10,Games,5,0.99,22.99,Katie Elliott
9079,2005-07-30 08:02:00,2143,193,2005-07-31 04:02:00,2,463,2,15,Sports,4,2.99,21.99,Katie Elliott
1325,2005-06-15 11:03:24,52,193,2005-06-20 10:54:24,1,10,2,15,Sports,6,4.99,24.99,Katie Elliott
4892,2005-07-08 20:06:25,3566,193,2005-07-14 20:04:25,1,779,2,15,Sports,4,4.99,23.99,Katie Elliott
6653,2005-07-12 11:06:17,614,25,2005-07-19 16:52:17,2,133,2,12,Music,7,4.99,14.99,Deborah Walker
9334,2005-07-30 17:56:38,1499,25,2005-08-03 21:27:38,1,328,2,3,Children,7,2.99,28.99,Deborah Walker
8667,2005-07-29 15:40:57,3439,25,2005-07-31 20:59:57,1,754,2,5,Comedy,6,2.99,17.99,Deborah Walker
9140,2005-07-30 10:12:01,4095,25,2005-08-06 09:16:01,2,892,1,2,Animation,3,4.99,18.99,Deborah Walker
1338,2005-06-15 12:17:34,1206,25,2005-06-19 07:40:34,2,268,2,2,Animation,6,4.99,27.99,Deborah Walker
10103,2005-07-31 20:49:13,77,25,2005-08-05 15:55:13,2,16,1,9,Foreign,6,2.99,23.99,Deborah Walker
4282,2005-07-07 15:26:31,3134,25,2005-07-11 14:27:31,1,689,1,9,Foreign,5,2.99,14.99,Deborah Walker
9922,2005-07-31 14:59:37,3615,25,2005-08-06 14:05:37,1,789,2,9,Foreign,7,2.99,15.99,Deborah Walker
4404,2005-07-07 21:31:53,944,25,2005-07-13 19:00:53,1,209,1,7,Drama,6,2.99,24.99,Deborah Walker
2901,2005-06-20 02:41:28,667,25,2005-06-23 04:43:28,2,145,2,8,Family,5,4.99,25.99,Deborah Walker
5881,2005-07-10 19:19:43,236,25,2005-07-12 20:11:43,1,53,1,8,Family,5,2.99,25.99,Deborah Walker
1033,2005-05-31 04:50:07,14,25,2005-06-02 01:53:07,1,3,2,6,Documentary,7,2.99,18.99,Deborah Walker
1754,2005-06-16 17:13:23,4106,25,2005-06-22 20:46:23,1,893,2,14,Sci-Fi,4,4.99,11.99,Deborah Walker
10860,2005-08-02 00:12:32,2827,25,2005-08-04 03:50:32,1,620,2,14,Sci-Fi,5,2.99,23.99,Deborah Walker
3447,2005-06-21 20:53:31,1146,25,2005-06-24 02:20:31,2,253,2,1,Action,5,4.99,18.99,Deborah Walker
8878,2005-07-30 00:15:57,440,25,2005-08-01 00:22:57,2,97,2,1,Action,7,0.99,24.99,Deborah Walker
10324,2005-08-01 04:49:06,523,25,2005-08-09 08:04:06,2,115,2,1,Action,5,2.99,27.99,Deborah Walker
90,2005-05-25 14:31:25,2984,25,2005-06-01 10:07:25,1,654,2,10,Games,4,4.99,19.99,Deborah Walker
2625,2005-06-19 08:23:11,3946,25,2005-06-26 09:52:11,2,861,1,10,Games,3,4.99,12.99,Deborah Walker
1365,2005-06-15 14:09:55,3813,25,2005-06-19 18:11:55,2,835,1,10,Games,6,2.99,13.99,Deborah Walker
10916,2005-08-02 02:05:59,3841,25,2005-08-06 03:46:59,2,841,2,15,Sports,5,2.99,9.99,Deborah Walker
4319,2005-07-07 17:50:27,3389,25,2005-07-10 13:53:27,2,744,1,4,Classics,4,0.99,23.99,Deborah Walker
6905,2005-07-12 22:02:18,763,25,2005-07-18 23:30:18,1,166,2,4,Classics,6,2.99,19.99,Deborah Walker
10133,2005-07-31 21:55:07,614,234,2005-08-08 23:04:07,1,133,2,12,Music,7,4.99,14.99,Claudia Fuller
11050,2005-08-02 06:17:16,2077,234,2005-08-09 05:58:16,1,450,2,3,Children,5,2.99,29.99,Claudia Fuller
3199,2005-06-21 00:12:40,3824,234,2005-06-27 23:26:40,1,837,2,5,Comedy,4,2.99,19.99,Claudia Fuller
1245,2005-06-15 05:09:01,1314,234,2005-06-22 06:55:01,2,290,1,9,Foreign,4,0.99,29.99,Claudia Fuller
2005,2005-06-17 11:44:54,4177,234,2005-06-19 10:53:54,1,908,2,9,Foreign,3,4.99,11.99,Claudia Fuller
2511,2005-06-18 23:45:30,1824,234,2005-06-24 01:21:30,2,396,2,7,Drama,5,4.99,18.99,Claudia Fuller
10541,2005-08-01 12:24:54,1413,234,2005-08-03 16:18:54,1,309,2,8,Family,6,0.99,29.99,Claudia Fuller
4721,2005-07-08 12:39:31,3105,234,2005-07-15 18:07:31,1,682,1,8,Family,4,4.99,17.99,Claudia Fuller
10580,2005-08-01 13:51:14,590,234,2005-08-08 11:49:14,2,129,1,6,Documentary,3,2.99,16.99,Claudia Fuller
1674,2005-06-16 10:57:00,3606,234,2005-06-18 07:31:00,2,788,2,6,Documentary,5,2.99,15.99,Claudia Fuller
4686,2005-07-08 10:53:39,1398,234,2005-07-10 05:34:39,2,306,1,10,Games,3,0.99,12.99,Claudia Fuller
10968,2005-08-02 04:03:13,888,234,2005-08-11 08:36:13,1,197,1,15,Sports,4,2.99,27.99,Claudia Fuller
1125,2005-05-31 17:23:44,1172,234,2005-06-01 15:02:44,1,260,2,15,Sports,3,4.99,9.99,Claudia Fuller
11073,2005-08-02 07:13:03,4232,234,2005-08-03 05:46:03,1,920,1,13,New,3,0.99,16.99,Claudia Fuller
1645,2005-06-16 09:10:06,4434,234,2005-06-23 04:36:06,2,970,1,4,Classics,7,0.99,11.99,Claudia Fuller
3185,2005-06-20 22:58:01,601,234,2005-06-27 00:26:01,1,131,1,4,Classics,5,4.99,12.99,Claudia Fuller
1993,2005-06-17 10:59:24,168,234,2005-06-23 07:30:24,2,37,1,4,Classics,3,2.99,28.99,Claudia Fuller
4321,2005-07-07 17:52:38,612,91,2005-07-11 23:37:38,1,133,1,12,Music,7,4.99,14.99,Lois Butler
9228,2005-07-30 13:36:57,2325,91,2005-08-05 10:43:57,1,505,2,3,Children,6,2.99,24.99,Lois Butler
8313,2005-07-29 03:34:21,2736,91,2005-08-02 01:32:21,1,600,2,11,Horror,5,0.99,16.99,Lois Butler
4673,2005-07-08 10:16:00,2792,91,2005-07-17 10:03:00,2,613,1,5,Comedy,5,0.99,19.99,Lois Butler
6860,2005-07-12 19:54:17,2907,91,2005-07-18 13:59:17,1,638,2,5,Comedy,7,2.99,23.99,Lois Butler
10008,2005-07-31 17:59:36,2589,91,2005-08-03 22:43:36,2,568,2,5,Comedy,4,4.99,11.99,Lois Butler
9396,2005-07-30 20:07:24,1250,91,2005-08-03 21:20:24,2,276,1,5,Comedy,6,4.99,28.99,Lois Butler
7637,2005-07-28 01:12:25,87,91,2005-08-02 03:48:25,1,18,1,2,Animation,6,0.99,27.99,Lois Butler
2457,2005-06-18 19:38:20,1277,91,2005-06-26 20:48:20,1,282,2,7,Drama,5,0.99,20.99,Lois Butler
4245,2005-07-07 13:48:33,3743,91,2005-07-10 09:54:33,1,818,2,7,Drama,4,4.99,17.99,Lois Butler
8873,2005-07-30 00:14:32,3498,91,2005-08-04 20:42:32,2,766,1,7,Drama,5,0.99,25.99,Lois Butler
1299,2005-06-15 09:34:50,1584,91,2005-06-21 12:07:50,1,347,1,16,Travel,7,4.99,17.99,Lois Butler
6178,2005-07-11 10:59:09,2777,91,2005-07-16 11:19:09,2,609,2,16,Travel,7,2.99,23.99,Lois Butler
5025,2005-07-09 02:28:24,153,91,2005-07-12 04:43:24,2,31,2,8,Family,5,4.99,16.99,Lois Butler
7966,2005-07-28 13:53:54,2514,91,2005-08-06 15:32:54,1,552,2,6,Documentary,5,0.99,15.99,Lois Butler
2908,2005-06-20 03:16:52,517,91,2005-06-22 08:46:52,1,114,2,14,Sci-Fi,3,0.99,26.99,Lois Butler
6078,2005-07-11 05:06:52,3985,91,2005-07-17 06:13:52,2,869,1,1,Action,4,2.99,22.99,Lois Butler
4103,2005-07-07 06:25:28,3632,91,2005-07-12 11:18:28,1,793,1,1,Action,6,2.99,14.99,Lois Butler
216,2005-05-26 09:17:43,1398,91,2005-06-03 08:21:43,1,306,1,10,Games,3,0.99,12.99,Lois Butler
7143,2005-07-27 06:56:31,2877,91,2005-07-31 04:38:31,2,631,1,15,Sports,4,0.99,11.99,Lois Butler
5187,2005-07-09 10:19:51,2631,91,2005-07-14 10:35:51,1,577,1,15,Sports,4,0.99,10.99,Lois Butler
3384,2005-06-21 14:07:35,409,91,2005-06-26 16:34:35,1,90,2,13,New,3,0.99,11.99,Lois Butler
5701,2005-07-10 09:56:24,2395,91,2005-07-16 15:11:24,2,523,1,4,Classics,7,0.99,21.99,Lois Butler
3802,2005-07-06 15:06:09,1017,91,2005-07-08 09:33:09,2,228,1,4,Classics,4,0.99,16.99,Lois Butler
10137,2005-07-31 22:01:41,612,236,2005-08-07 22:24:41,1,133,1,12,Music,7,4.99,14.99,Marcia Dean
2630,2005-06-19 08:47:21,3904,236,2005-06-25 09:31:21,1,852,1,3,Children,4,0.99,27.99,Marcia Dean
7253,2005-07-27 10:46:37,1950,236,2005-07-28 11:18:37,1,424,2,3,Children,6,0.99,12.99,Marcia Dean
344,2005-05-27 04:30:22,2327,236,2005-05-29 10:13:22,2,505,2,3,Children,6,2.99,24.99,Marcia Dean
8657,2005-07-29 15:09:25,3194,236,2005-07-31 19:10:25,1,702,1,11,Horror,4,2.99,12.99,Marcia Dean
4749,2005-07-08 14:05:58,1190,236,2005-07-10 18:35:58,2,265,1,5,Comedy,5,4.99,28.99,Marcia Dean
2840,2005-06-19 22:17:44,1102,236,2005-06-26 00:36:44,2,245,1,2,Animation,4,0.99,28.99,Marcia Dean
5545,2005-07-10 02:50:29,118,236,2005-07-16 02:11:29,1,23,2,2,Animation,3,0.99,9.99,Marcia Dean
7792,2005-07-28 07:24:02,3736,236,2005-08-04 11:13:02,1,816,2,2,Animation,3,0.99,27.99,Marcia Dean
2311,2005-06-18 08:51:29,4506,236,2005-06-25 07:51:29,1,984,1,9,Foreign,3,2.99,20.99,Marcia Dean
6049,2005-07-11 03:32:32,2582,236,2005-07-15 06:57:32,2,566,1,9,Foreign,6,0.99,20.99,Marcia Dean
6303,2005-07-11 17:55:43,846,236,2005-07-13 12:50:43,1,185,1,9,Foreign,3,2.99,10.99,Marcia Dean
1032,2005-05-31 04:28:43,2937,236,2005-06-02 02:00:43,2,645,1,16,Travel,7,2.99,18.99,Marcia Dean
1262,2005-06-15 06:54:53,4495,236,2005-06-22 08:09:53,2,981,2,16,Travel,7,0.99,13.99,Marcia Dean
5938,2005-07-10 22:17:42,2834,236,2005-07-16 22:38:42,2,621,2,8,Family,5,2.99,23.99,Marcia Dean
2139,2005-06-17 21:29:34,807,236,2005-06-26 21:05:34,1,175,2,8,Family,3,2.99,27.99,Marcia Dean
6996,2005-07-27 01:13:45,3237,236,2005-07-28 20:43:45,1,710,2,8,Family,4,4.99,18.99,Marcia Dean
6281,2005-07-11 16:38:16,835,236,2005-07-13 10:57:16,2,183,1,8,Family,4,4.99,14.99,Marcia Dean
7798,2005-07-28 07:41:59,3281,236,2005-07-31 12:36:59,1,723,1,14,Sci-Fi,3,2.99,29.99,Marcia Dean
1308,2005-06-15 10:07:48,220,236,2005-06-24 15:24:48,1,49,2,14,Sci-Fi,6,2.99,22.99,Marcia Dean
3353,2005-06-21 11:29:23,3984,236,2005-06-27 15:06:23,1,869,1,1,Action,4,2.99,22.99,Marcia Dean
262,2005-05-26 15:46:56,4261,236,2005-05-28 15:49:56,2,927,1,1,Action,6,2.99,16.99,Marcia Dean
9934,2005-07-31 15:25:26,2492,236,2005-08-05 17:13:26,1,546,2,10,Games,7,2.99,27.99,Marcia Dean
9011,2005-07-30 05:16:29,2799,236,2005-08-05 06:57:29,1,614,2,10,Games,5,4.99,11.99,Marcia Dean
4959,2005-07-08 23:22:23,3898,236,2005-07-10 03:17:23,2,851,1,15,Sports,3,0.99,19.99,Marcia Dean
7047,2005-07-27 03:31:11,2866,236,2005-08-03 23:40:11,1,628,1,15,Sports,5,2.99,24.99,Marcia Dean
3460,2005-06-21 21:46:56,1765,236,2005-06-29 20:08:56,1,383,1,15,Sports,6,0.99,13.99,Marcia Dean
5404,2005-07-09 20:10:43,3685,236,2005-07-13 15:16:43,1,806,1,13,New,4,2.99,25.99,Marcia Dean
3857,2005-07-06 17:07:54,1135,236,2005-07-07 13:28:54,1,251,2,13,New,6,4.99,19.99,Marcia Dean
7780,2005-07-28 07:11:55,3069,236,2005-08-06 05:41:55,1,675,1,13,New,6,2.99,17.99,Marcia Dean
3645,2005-07-06 07:22:09,3390,236,2005-07-10 11:45:09,1,744,2,4,Classics,4,0.99,23.99,Marcia Dean
2891,2005-06-20 02:02:05,343,32,2005-06-25 02:45:05,1,76,1,12,Music,4,0.99,23.99,Amy Lopez
7589,2005-07-27 23:23:36,1569,32,2005-08-04 00:16:36,1,344,2,3,Children,3,0.99,28.99,Amy Lopez
6122,2005-07-11 07:58:07,2212,32,2005-07-16 09:52:07,1,478,2,5,Comedy,4,2.99,10.99,Amy Lopez
8453,2005-07-29 07:46:29,2907,32,2005-07-30 07:07:29,1,638,2,5,Comedy,7,2.99,23.99,Amy Lopez
8390,2005-07-29 05:52:26,581,32,2005-08-04 08:12:26,2,127,1,5,Comedy,5,4.99,14.99,Amy Lopez
1067,2005-05-31 09:12:13,2345,32,2005-06-01 06:15:13,1,510,1,2,Animation,6,4.99,29.99,Amy Lopez
483,2005-05-27 23:00:25,1510,32,2005-05-28 21:30:25,1,330,1,2,Animation,7,4.99,22.99,Amy Lopez
7084,2005-07-27 04:34:07,785,32,2005-08-05 00:21:07,2,172,1,7,Drama,7,4.99,12.99,Amy Lopez
6450,2005-07-12 00:49:05,2413,32,2005-07-13 01:54:05,2,526,2,16,Travel,7,2.99,10.99,Amy Lopez
1887,2005-06-17 03:53:18,3591,32,2005-06-25 07:37:18,2,785,1,16,Travel,6,4.99,20.99,Amy Lopez
4434,2005-07-07 22:48:34,1801,32,2005-07-09 18:55:34,1,391,2,8,Family,6,2.99,25.99,Amy Lopez
3500,2005-07-06 00:11:13,2447,32,2005-07-13 19:01:13,2,534,2,8,Family,5,0.99,18.99,Amy Lopez
7793,2005-07-28 07:26:14,24,32,2005-08-03 07:45:14,1,5,2,8,Family,6,2.99,22.99,Amy Lopez
5767,2005-07-10 13:13:18,2871,32,2005-07-17 14:41:18,2,629,2,6,Documentary,7,0.99,9.99,Amy Lopez
5954,2005-07-10 23:22:01,2627,32,2005-07-14 04:42:01,2,576,2,6,Documentary,7,2.99,13.99,Amy Lopez
803,2005-05-29 17:52:30,1602,32,2005-05-30 14:35:30,2,350,2,14,Sci-Fi,3,4.99,21.99,Amy Lopez
4771,2005-07-08 15:33:32,1060,32,2005-07-10 12:38:32,1,235,2,14,Sci-Fi,6,2.99,13.99,Amy Lopez
5307,2005-07-09 15:57:15,2847,32,2005-07-17 13:42:15,2,624,2,10,Games,3,4.99,25.99,Amy Lopez
2624,2005-06-19 08:22:09,3071,32,2005-06-27 11:13:09,1,676,1,15,Sports,7,4.99,16.99,Amy Lopez
2160,2005-06-17 23:39:11,1644,32,2005-06-22 20:04:11,1,358,2,4,Classics,5,0.99,29.99,Amy Lopez
4899,2005-07-08 20:37:11,414,32,2005-07-10 21:53:11,1,91,1,4,Classics,5,0.99,17.99,Amy Lopez
8914,2005-07-30 01:42:03,1347,32,2005-08-04 03:53:03,1,297,2,4,Classics,6,2.99,29.99,Amy Lopez
8259,2005-07-29 01:05:16,343,274,2005-08-01 23:27:16,2,76,1,12,Music,4,0.99,23.99,Naomi Jennings
10855,2005-08-02 00:06:37,1366,274,2005-08-03 00:39:37,1,301,1,11,Horror,4,0.99,24.99,Naomi Jennings
301,2005-05-26 21:06:14,3448,274,2005-06-01 01:54:14,2,756,2,5,Comedy,7,2.99,10.99,Naomi Jennings
9677,2005-07-31 06:39:45,3200,274,2005-08-01 02:37:45,2,703,2,2,Animation,6,4.99,18.99,Naomi Jennings
9331,2005-07-30 17:46:50,2248,274,2005-08-01 19:03:50,1,486,1,9,Foreign,7,4.99,14.99,Naomi Jennings
208,2005-05-26 08:10:22,3669,274,2005-05-27 03:55:22,1,803,1,7,Drama,7,4.99,29.99,Naomi Jennings
10059,2005-07-31 19:20:49,2020,274,2005-08-03 14:39:49,1,439,1,7,Drama,4,4.99,28.99,Naomi Jennings
892,2005-05-30 08:02:56,471,274,2005-06-05 12:51:56,1,103,2,16,Travel,7,4.99,27.99,Naomi Jennings
4147,2005-07-07 08:32:12,2776,274,2005-07-12 10:10:12,2,609,2,16,Travel,7,2.99,23.99,Naomi Jennings
394,2005-05-27 11:26:11,1890,274,2005-06-03 16:44:11,2,412,1,6,Documentary,6,4.99,25.99,Naomi Jennings
4582,2005-07-08 06:09:09,688,274,2005-07-14 02:23:09,1,150,2,6,Documentary,7,2.99,9.99,Naomi Jennings
147,2005-05-26 00:17:50,633,274,2005-05-29 23:21:50,2,138,1,14,Sci-Fi,5,2.99,29.99,Naomi Jennings
474,2005-05-27 22:11:56,1474,274,2005-05-31 19:07:56,1,322,2,15,Sports,5,2.99,29.99,Naomi Jennings
8517,2005-07-29 10:00:48,2064,274,2005-08-06 14:37:48,2,448,1,13,New,3,2.99,25.99,Naomi Jennings
3291,2005-06-21 06:55:36,3866,274,2005-06-29 03:41:36,1,846,1,13,New,3,4.99,9.99,Naomi Jennings
6389,2005-07-11 22:18:20,2268,274,2005-07-16 16:57:20,2,490,1,13,New,4,2.99,13.99,Naomi Jennings
10790,2005-08-01 21:38:37,3080,274,2005-08-08 17:20:37,2,677,2,13,New,6,0.99,25.99,Naomi Jennings
11058,2005-08-02 06:38:44,3270,274,2005-08-06 06:45:44,1,720,2,13,New,3,2.99,20.99,Naomi Jennings
8406,2005-07-29 06:34:45,2047,274,2005-08-06 02:28:45,1,445,1,4,Classics,5,2.99,11.99,Naomi Jennings
2098,2005-06-17 18:42:09,3951,274,2005-06-19 20:40:09,1,862,1,4,Classics,5,0.99,25.99,Naomi Jennings
3532,2005-07-06 01:24:38,2635,274,2005-07-11 06:42:38,2,578,2,4,Classics,4,4.99,16.99,Naomi Jennings
8495,2005-07-29 09:05:06,344,51,2005-08-06 05:48:06,2,76,1,12,Music,4,0.99,23.99,Alice Stewart
7207,2005-07-27 09:13:26,336,51,2005-08-01 10:24:26,1,74,1,12,Music,4,4.99,18.99,Alice Stewart
5473,2005-07-09 23:19:11,4283,51,2005-07-19 02:30:11,2,932,2,5,Comedy,3,0.99,21.99,Alice Stewart
10780,2005-08-01 21:14:24,1450,51,2005-08-07 16:32:24,2,317,2,5,Comedy,4,0.99,25.99,Alice Stewart
119,2005-05-25 19:37:02,1359,51,2005-05-29 23:51:02,2,300,1,2,Animation,5,4.99,21.99,Alice Stewart
8880,2005-07-30 00:16:55,2920,51,2005-08-01 01:05:55,1,641,2,9,Foreign,4,0.99,21.99,Alice Stewart
661,2005-05-28 21:01:25,2247,51,2005-06-02 01:22:25,2,486,1,9,Foreign,7,4.99,14.99,Alice Stewart
1028,2005-05-31 03:48:05,4479,51,2005-06-01 03:51:05,1,979,1,7,Drama,6,4.99,10.99,Alice Stewart
8693,2005-07-29 16:44:13,917,51,2005-08-01 15:56:13,1,204,1,7,Drama,4,0.99,25.99,Alice Stewart
1373,2005-06-15 14:48:04,284,51,2005-06-22 09:48:04,1,64,2,7,Drama,6,0.99,26.99,Alice Stewart
5230,2005-07-09 12:30:23,3707,51,2005-07-13 08:41:23,1,811,1,16,Travel,4,2.99,29.99,Alice Stewart
10244,2005-08-01 02:20:01,567,51,2005-08-06 23:06:01,2,123,1,16,Travel,6,4.99,22.99,Alice Stewart
9649,2005-07-31 05:46:54,1588,51,2005-08-04 08:42:54,2,348,2,8,Family,7,0.99,9.99,Alice Stewart
7398,2005-07-27 16:07:22,1572,51,2005-08-05 16:16:22,1,345,1,8,Family,3,0.99,17.99,Alice Stewart
5606,2005-07-10 05:07:55,2896,51,2005-07-15 00:14:55,2,637,1,14,Sci-Fi,7,4.99,16.99,Alice Stewart
10894,2005-08-02 01:12:35,598,51,2005-08-09 22:55:35,1,130,2,1,Action,7,0.99,24.99,Alice Stewart
5304,2005-07-09 15:48:06,4411,51,2005-07-14 19:29:06,1,964,1,1,Action,4,4.99,17.99,Alice Stewart
3525,2005-07-06 01:02:39,208,51,2005-07-14 02:27:39,1,46,2,10,Games,3,4.99,13.99,Alice Stewart
7636,2005-07-28 01:08:36,202,51,2005-08-03 21:36:36,1,45,1,13,New,5,4.99,14.99,Alice Stewart
1477,2005-06-15 21:11:18,418,51,2005-06-19 02:05:18,1,91,2,4,Classics,5,0.99,17.99,Alice Stewart
3250,2005-06-21 03:16:36,736,467,2005-06-29 00:53:36,2,161,1,12,Music,6,4.99,27.99,Alvin Deloach
7611,2005-07-28 00:11:47,3347,467,2005-07-28 18:35:47,1,735,2,3,Children,7,2.99,26.99,Alvin Deloach
2870,2005-06-20 00:17:46,214,467,2005-06-28 20:21:46,1,48,2,3,Children,3,4.99,24.99,Alvin Deloach
8480,2005-07-29 08:44:46,3512,467,2005-08-05 13:22:46,1,768,2,3,Children,3,4.99,11.99,Alvin Deloach
8767,2005-07-29 19:42:33,962,467,2005-08-01 20:52:33,2,214,2,3,Children,3,4.99,13.99,Alvin Deloach
6271,2005-07-11 16:01:35,1246,467,2005-07-20 12:07:35,2,275,1,11,Horror,3,0.99,11.99,Alvin Deloach
8010,2005-07-28 15:26:20,68,467,2005-08-04 18:39:20,2,13,2,11,Horror,4,4.99,21.99,Alvin Deloach
2121,2005-06-17 20:38:54,141,467,2005-06-22 23:06:54,2,28,1,5,Comedy,5,4.99,16.99,Alvin Deloach
7573,2005-07-27 22:46:20,314,467,2005-08-04 01:55:20,1,70,2,2,Animation,7,4.99,26.99,Alvin Deloach
7360,2005-07-27 14:52:06,1312,467,2005-08-02 12:24:06,2,290,1,9,Foreign,4,0.99,29.99,Alvin Deloach
5160,2005-07-09 08:57:07,1925,467,2005-07-18 06:01:07,1,418,1,7,Drama,5,0.99,27.99,Alvin Deloach
1737,2005-06-16 15:59:44,4029,467,2005-06-23 12:22:44,1,878,2,16,Travel,3,4.99,25.99,Alvin Deloach
8224,2005-07-28 23:59:02,1995,467,2005-08-02 04:54:02,1,434,2,16,Travel,3,0.99,25.99,Alvin Deloach
10239,2005-08-01 02:09:22,1232,467,2005-08-04 01:35:22,2,273,1,8,Family,6,0.99,14.99,Alvin Deloach
225,2005-05-26 10:27:50,651,467,2005-06-01 07:01:50,2,141,1,10,Games,6,4.99,11.99,Alvin Deloach
8061,2005-07-28 17:12:53,650,467,2005-08-05 13:56:53,2,141,1,10,Games,6,4.99,11.99,Alvin Deloach
4259,2005-07-07 14:22:18,4378,467,2005-07-11 19:38:18,1,956,1,10,Games,7,4.99,23.99,Alvin Deloach
4222,2005-07-07 12:20:21,2053,467,2005-07-11 11:09:21,2,446,1,15,Sports,5,4.99,19.99,Alvin Deloach
4216,2005-07-07 12:01:34,1216,467,2005-07-08 09:59:34,1,270,1,13,New,7,0.99,29.99,Alvin Deloach
9282,2005-07-30 15:17:31,736,259,2005-08-07 20:46:31,1,161,1,12,Music,6,4.99,27.99,Lena Jensen
6539,2005-07-12 04:50:49,2275,259,2005-07-19 03:23:49,1,491,2,3,Children,4,0.99,18.99,Lena Jensen
1723,2005-06-16 15:14:18,2417,259,2005-06-23 15:45:18,2,527,2,11,Horror,4,4.99,24.99,Lena Jensen
4489,2005-07-08 01:23:58,4306,259,2005-07-09 01:35:58,2,938,1,5,Comedy,3,4.99,14.99,Lena Jensen
9205,2005-07-30 12:46:40,4165,259,2005-08-08 14:58:40,1,905,1,5,Comedy,7,4.99,10.99,Lena Jensen
4199,2005-07-07 11:13:07,2120,259,2005-07-11 07:17:07,1,460,1,9,Foreign,3,4.99,26.99,Lena Jensen
1641,2005-06-16 08:46:26,2925,259,2005-06-24 14:39:26,2,643,2,7,Drama,3,2.99,22.99,Lena Jensen
1813,2005-06-16 21:11:00,1236,259,2005-06-24 15:30:00,1,273,2,8,Family,6,0.99,14.99,Lena Jensen
7188,2005-07-27 08:32:08,2199,259,2005-07-28 08:02:08,1,476,1,8,Family,5,2.99,9.99,Lena Jensen
10781,2005-08-01 21:22:41,1321,259,2005-08-06 01:02:41,1,292,1,1,Action,3,0.99,20.99,Lena Jensen
722,2005-05-29 05:30:31,4540,259,2005-06-06 04:51:31,1,991,2,1,Action,4,2.99,26.99,Lena Jensen
6074,2005-07-11 04:59:56,2876,259,2005-07-13 23:31:56,1,631,1,15,Sports,4,0.99,11.99,Lena Jensen
1147,2005-05-31 20:37:52,622,259,2005-06-06 19:23:52,2,135,2,15,Sports,3,2.99,22.99,Lena Jensen
7774,2005-07-28 07:03:25,3483,259,2005-08-03 02:05:25,1,763,2,15,Sports,3,4.99,26.99,Lena Jensen
9444,2005-07-30 21:48:44,1134,259,2005-08-08 22:36:44,2,251,2,13,New,6,4.99,19.99,Lena Jensen
10510,2005-08-01 11:28:30,410,259,2005-08-07 11:37:30,1,90,2,13,New,3,0.99,11.99,Lena Jensen
7817,2005-07-28 08:20:55,600,259,2005-07-30 11:55:55,1,131,1,4,Classics,5,4.99,12.99,Lena Jensen
901,2005-05-30 09:40:40,760,259,2005-06-02 10:32:40,1,166,1,4,Classics,6,2.99,19.99,Lena Jensen
2375,2005-06-18 14:47:29,2175,259,2005-06-26 13:52:29,2,469,2,4,Classics,7,4.99,27.99,Lena Jensen
7350,2005-07-27 14:34:14,737,410,2005-08-02 19:19:14,2,161,1,12,Music,6,4.99,27.99,Curtis Irby
2400,2005-06-18 16:10:46,3194,410,2005-06-25 20:34:46,1,702,1,11,Horror,4,2.99,12.99,Curtis Irby
7407,2005-07-27 16:29:04,3093,410,2005-08-01 17:47:04,2,680,1,5,Comedy,4,4.99,21.99,Curtis Irby
3249,2005-06-21 03:13:19,703,410,2005-06-29 04:04:19,2,154,1,2,Animation,6,2.99,12.99,Curtis Irby
9263,2005-07-30 14:48:24,73,410,2005-08-04 19:06:24,2,15,2,9,Foreign,5,2.99,10.99,Curtis Irby
5336,2005-07-09 17:01:08,4144,410,2005-07-11 19:22:08,2,900,2,9,Foreign,6,2.99,17.99,Curtis Irby
2073,2005-06-17 16:33:59,3530,410,2005-06-19 11:57:59,1,772,2,7,Drama,4,2.99,24.99,Curtis Irby
10402,2005-08-01 07:27:19,274,410,2005-08-04 12:30:19,1,61,1,7,Drama,5,4.99,28.99,Curtis Irby
1514,2005-06-15 22:57:34,2937,410,2005-06-19 20:27:34,1,645,1,16,Travel,7,2.99,18.99,Curtis Irby
2971,2005-06-20 07:56:00,1585,410,2005-06-27 11:38:00,2,348,2,8,Family,7,0.99,9.99,Curtis Irby
5150,2005-07-09 08:28:40,1961,410,2005-07-16 04:47:40,1,428,1,8,Family,6,2.99,21.99,Curtis Irby
2255,2005-06-18 05:21:12,24,410,2005-06-26 09:19:12,1,5,2,8,Family,6,2.99,22.99,Curtis Irby
6218,2005-07-11 13:14:58,815,410,2005-07-16 08:13:58,2,177,2,14,Sci-Fi,4,4.99,20.99,Curtis Irby
5192,2005-07-09 10:27:09,1225,410,2005-07-10 12:04:09,1,271,2,1,Action,5,4.99,12.99,Curtis Irby
4062,2005-07-07 04:22:27,1323,410,2005-07-09 03:27:27,1,292,2,1,Action,3,0.99,20.99,Curtis Irby
10837,2005-08-01 23:30:22,1816,410,2005-08-07 23:02:22,1,395,1,1,Action,4,0.99,28.99,Curtis Irby
8882,2005-07-30 00:24:05,441,410,2005-08-03 19:48:05,2,97,2,1,Action,7,0.99,24.99,Curtis Irby
8625,2005-07-29 13:59:13,884,410,2005-08-07 17:56:13,2,194,2,1,Action,6,0.99,22.99,Curtis Irby
6148,2005-07-11 09:14:22,4318,410,2005-07-12 08:01:22,1,941,1,10,Games,4,4.99,10.99,Curtis Irby
5330,2005-07-09 16:53:57,3812,410,2005-07-18 19:54:57,1,835,1,10,Games,6,2.99,13.99,Curtis Irby
7523,2005-07-27 21:11:23,4153,410,2005-07-28 16:37:23,1,902,1,15,Sports,6,4.99,22.99,Curtis Irby
4267,2005-07-07 14:35:30,136,410,2005-07-11 10:41:30,1,27,1,15,Sports,7,0.99,12.99,Curtis Irby
3594,2005-07-06 04:42:47,4566,522,2005-07-10 00:49:47,1,997,1,12,Music,4,0.99,14.99,Arnold Havens
10411,2005-08-01 07:56:32,1946,522,2005-08-10 04:58:32,2,424,1,3,Children,6,0.99,12.99,Arnold Havens
4563,2005-07-08 05:08:55,287,522,2005-07-16 05:44:55,2,65,2,11,Horror,3,4.99,20.99,Arnold Havens
10223,2005-08-01 01:23:15,1370,522,2005-08-02 19:39:15,1,301,2,11,Horror,4,0.99,24.99,Arnold Havens
4078,2005-07-07 05:05:05,1671,522,2005-07-10 05:39:05,1,365,1,5,Comedy,4,4.99,21.99,Arnold Havens
7262,2005-07-27 11:15:36,4097,522,2005-07-30 10:49:36,2,892,2,2,Animation,3,4.99,18.99,Arnold Havens
426,2005-05-27 15:56:57,1103,522,2005-06-05 11:45:57,1,245,1,2,Animation,4,0.99,28.99,Arnold Havens
8181,2005-07-28 22:18:38,357,522,2005-08-06 02:43:38,2,78,2,2,Animation,7,2.99,12.99,Arnold Havens
1289,2005-06-15 08:44:09,3154,522,2005-06-21 06:04:09,1,693,1,2,Animation,5,2.99,16.99,Arnold Havens
3188,2005-06-20 23:10:27,2471,522,2005-06-25 19:37:27,2,541,2,2,Animation,5,2.99,21.99,Arnold Havens
4701,2005-07-08 11:38:48,3012,522,2005-07-13 15:59:48,2,661,1,9,Foreign,5,4.99,17.99,Arnold Havens
8966,2005-07-30 03:54:12,1903,522,2005-07-31 04:51:12,1,414,2,9,Foreign,3,2.99,23.99,Arnold Havens
5514,2005-07-10 01:09:42,1824,522,2005-07-17 05:47:42,1,396,2,7,Drama,5,4.99,18.99,Arnold Havens
9047,2005-07-30 06:56:33,256,522,2005-08-08 06:40:33,2,57,1,16,Travel,4,2.99,18.99,Arnold Havens
5532,2005-07-10 02:17:31,983,522,2005-07-16 02:57:31,2,219,1,6,Documentary,6,4.99,20.99,Arnold Havens
9412,2005-07-30 20:44:10,2482,522,2005-08-06 21:13:10,2,544,2,6,Documentary,4,2.99,11.99,Arnold Havens
3102,2005-06-20 16:55:55,1144,522,2005-06-29 13:49:55,1,253,1,1,Action,5,4.99,18.99,Arnold Havens
10675,2005-08-01 17:11:57,649,522,2005-08-10 17:18:57,1,141,1,10,Games,6,4.99,11.99,Arnold Havens
3191,2005-06-20 23:46:39,4358,522,2005-06-25 03:21:39,2,949,2,10,Games,6,0.99,27.99,Arnold Havens
7955,2005-07-28 13:31:36,1519,522,2005-07-30 10:03:36,1,331,2,10,Games,6,2.99,25.99,Arnold Havens
8642,2005-07-29 14:38:17,3947,522,2005-08-03 14:41:17,1,861,1,10,Games,3,4.99,12.99,Arnold Havens
10821,2005-08-01 22:54:27,2016,522,2005-08-07 02:15:27,2,438,2,10,Games,3,2.99,22.99,Arnold Havens
9533,2005-07-31 01:18:10,4156,522,2005-08-07 19:58:10,1,902,2,15,Sports,6,4.99,22.99,Arnold Havens
9335,2005-07-30 18:00:53,1006,522,2005-08-01 16:05:53,1,226,1,13,New,4,4.99,20.99,Arnold Havens
5271,2005-07-09 14:25:01,2691,522,2005-07-16 17:28:01,1,590,2,13,New,3,2.99,17.99,Arnold Havens
5936,2005-07-10 22:14:30,1951,522,2005-07-15 01:32:30,1,425,2,4,Classics,6,0.99,20.99,Arnold Havens
9227,2005-07-30 13:36:13,2353,522,2005-08-07 17:39:13,1,512,1,4,Classics,5,4.99,25.99,Arnold Havens
4349,2005-07-07 19:02:37,3430,182,2005-07-09 17:25:37,2,752,2,12,Music,6,0.99,27.99,Renee Lane
2120,2005-06-17 20:36:50,1498,182,2005-06-27 01:18:50,2,328,2,3,Children,7,2.99,28.99,Renee Lane
4784,2005-07-08 16:09:56,549,182,2005-07-09 20:35:56,1,119,2,5,Comedy,6,0.99,22.99,Renee Lane
2234,2005-06-18 04:01:28,234,182,2005-06-24 04:55:28,2,52,2,9,Foreign,6,0.99,29.99,Renee Lane
7880,2005-07-28 10:30:37,3670,182,2005-08-03 08:05:37,2,803,2,7,Drama,7,4.99,29.99,Renee Lane
7229,2005-07-27 10:00:54,978,182,2005-07-28 13:58:54,2,218,2,7,Drama,7,0.99,22.99,Renee Lane
7863,2005-07-28 10:05:46,1212,182,2005-07-29 14:42:46,1,269,2,8,Family,3,0.99,22.99,Renee Lane
4513,2005-07-08 02:39:59,3704,182,2005-07-14 07:48:59,2,810,2,8,Family,5,0.99,21.99,Renee Lane
5521,2005-07-10 01:31:22,1956,182,2005-07-17 05:42:22,2,427,1,6,Documentary,5,0.99,19.99,Renee Lane
3509,2005-07-06 00:24:57,4394,182,2005-07-09 18:48:57,2,960,2,6,Documentary,5,2.99,15.99,Renee Lane
2049,2005-06-17 14:58:36,1053,182,2005-06-22 14:53:36,2,234,2,14,Sci-Fi,6,2.99,27.99,Renee Lane
1542,2005-06-16 01:20:05,1714,182,2005-06-22 03:59:05,1,374,1,14,Sci-Fi,3,0.99,29.99,Renee Lane
3697,2005-07-06 10:07:22,1223,182,2005-07-13 14:04:22,2,271,1,1,Action,5,4.99,12.99,Renee Lane
161,2005-05-26 01:51:48,2941,182,2005-05-27 05:42:48,1,646,1,10,Games,6,0.99,12.99,Renee Lane
425,2005-05-27 15:51:30,1518,182,2005-06-03 16:52:30,2,331,2,10,Games,6,2.99,25.99,Renee Lane
8048,2005-07-28 16:50:26,2721,182,2005-08-06 19:20:26,1,597,2,10,Games,5,4.99,12.99,Renee Lane
4174,2005-07-07 09:59:49,3814,182,2005-07-11 13:34:49,1,835,1,10,Games,6,2.99,13.99,Renee Lane
4591,2005-07-08 06:29:43,2276,182,2005-07-17 07:20:43,1,492,1,13,New,6,0.99,11.99,Renee Lane
11055,2005-08-02 06:36:05,3851,182,2005-08-06 00:36:05,1,843,1,4,Classics,4,4.99,15.99,Renee Lane
6607,2005-07-12 08:08:50,337,562,2005-07-20 09:17:50,1,74,2,12,Music,4,4.99,18.99,Wallace Slone
5360,2005-07-09 18:14:03,679,562,2005-07-10 15:17:03,2,149,1,3,Children,7,0.99,21.99,Wallace Slone
4802,2005-07-08 16:55:17,22,562,2005-07-15 19:34:17,1,4,2,11,Horror,5,2.99,26.99,Wallace Slone
2705,2005-06-19 13:54:30,1191,562,2005-06-20 12:31:30,1,265,1,5,Comedy,5,4.99,28.99,Wallace Slone
941,2005-05-30 15:02:25,3630,562,2005-06-01 17:19:25,1,792,2,9,Foreign,7,2.99,15.99,Wallace Slone
10868,2005-08-02 00:25:15,2443,562,2005-08-10 02:31:15,2,533,1,9,Foreign,4,2.99,21.99,Wallace Slone
3242,2005-06-21 02:56:24,1421,562,2005-06-29 21:41:24,2,311,2,9,Foreign,4,0.99,14.99,Wallace Slone
7430,2005-07-27 17:26:14,4205,562,2005-08-01 13:02:14,2,914,2,16,Travel,6,2.99,13.99,Wallace Slone
1139,2005-05-31 19:34:52,666,562,2005-06-06 17:40:52,1,145,2,8,Family,5,4.99,25.99,Wallace Slone
2746,2005-06-19 16:21:40,933,562,2005-06-28 11:56:40,2,206,2,6,Documentary,6,0.99,25.99,Wallace Slone
4732,2005-07-08 13:09:45,308,562,2005-07-14 10:10:45,1,69,2,14,Sci-Fi,3,2.99,21.99,Wallace Slone
8132,2005-07-28 19:57:31,1303,562,2005-08-02 22:16:31,2,287,2,1,Action,5,0.99,19.99,Wallace Slone
7166,2005-07-27 07:36:56,1375,562,2005-08-02 03:46:56,1,302,2,10,Games,5,2.99,29.99,Wallace Slone
7560,2005-07-27 22:20:17,3574,562,2005-08-02 23:00:17,2,782,1,15,Sports,6,2.99,26.99,Wallace Slone
6065,2005-07-11 04:25:51,1007,562,2005-07-17 08:19:51,1,226,1,13,New,4,4.99,20.99,Wallace Slone
1998,2005-06-17 11:24:57,4365,562,2005-06-26 09:48:57,1,951,2,4,Classics,6,0.99,28.99,Wallace Slone
788,2005-05-29 16:13:55,763,562,2005-05-31 16:40:55,1,166,2,4,Classics,6,2.99,19.99,Wallace Slone
8009,2005-07-28 15:25:58,337,372,2005-08-04 10:16:58,2,74,2,12,Music,4,4.99,18.99,Steve Mackenzie
2315,2005-06-18 09:03:39,2766,372,2005-06-22 11:18:39,1,608,1,3,Children,6,2.99,11.99,Steve Mackenzie
8755,2005-07-29 19:18:31,1498,372,2005-07-31 19:20:31,2,328,2,3,Children,7,2.99,28.99,Steve Mackenzie
8837,2005-07-29 22:49:00,42,372,2005-08-07 21:56:00,2,9,1,11,Horror,3,2.99,21.99,Steve Mackenzie
8358,2005-07-29 05:00:58,1449,372,2005-08-01 02:49:58,2,317,2,5,Comedy,4,0.99,25.99,Steve Mackenzie
617,2005-05-28 15:49:14,4142,372,2005-05-31 14:29:14,2,900,1,9,Foreign,6,2.99,17.99,Steve Mackenzie
5352,2005-07-09 17:54:58,908,372,2005-07-15 16:20:58,1,201,1,9,Foreign,7,2.99,18.99,Steve Mackenzie
7190,2005-07-27 08:36:01,1330,372,2005-07-30 08:32:01,2,294,1,16,Travel,5,4.99,26.99,Steve Mackenzie
5229,2005-07-09 12:30:18,4472,372,2005-07-14 15:31:18,2,977,2,16,Travel,3,2.99,25.99,Steve Mackenzie
5501,2005-07-10 00:33:48,3979,372,2005-07-17 02:58:48,1,867,1,8,Family,5,4.99,10.99,Steve Mackenzie
638,2005-05-28 18:24:43,2685,372,2005-06-02 19:03:43,2,589,2,6,Documentary,3,0.99,20.99,Steve Mackenzie
6692,2005-07-12 12:35:39,2837,372,2005-07-20 11:20:39,2,622,2,6,Documentary,4,0.99,25.99,Steve Mackenzie
8059,2005-07-28 17:09:59,2611,372,2005-07-31 15:42:59,2,572,2,14,Sci-Fi,4,2.99,9.99,Steve Mackenzie
5914,2005-07-10 21:01:12,2639,372,2005-07-16 18:27:12,2,579,1,1,Action,3,4.99,22.99,Steve Mackenzie
3283,2005-06-21 06:19:07,3988,372,2005-06-26 10:59:07,2,869,2,1,Action,4,2.99,22.99,Steve Mackenzie
2959,2005-06-20 07:07:54,4185,372,2005-06-27 03:31:54,1,911,2,1,Action,7,4.99,14.99,Steve Mackenzie
5314,2005-07-09 16:05:28,3770,372,2005-07-10 18:18:28,1,825,1,1,Action,6,2.99,22.99,Steve Mackenzie
8724,2005-07-29 18:05:21,898,372,2005-08-01 15:41:21,1,200,1,10,Games,7,0.99,27.99,Steve Mackenzie
7735,2005-07-28 05:09:56,3949,372,2005-07-31 23:34:56,2,861,2,10,Games,3,4.99,12.99,Steve Mackenzie
9128,2005-07-30 09:51:14,3647,372,2005-08-07 06:23:14,1,796,2,15,Sports,3,0.99,12.99,Steve Mackenzie
7234,2005-07-27 10:08:45,3873,372,2005-07-31 13:58:45,1,846,2,13,New,3,4.99,9.99,Steve Mackenzie
9719,2005-07-31 08:25:13,335,584,2005-08-05 08:22:13,1,74,1,12,Music,4,4.99,18.99,Salvador Teel
7659,2005-07-28 02:09:45,1622,584,2005-08-02 05:34:45,2,354,1,3,Children,6,4.99,18.99,Salvador Teel
3895,2005-07-06 19:04:24,145,584,2005-07-15 17:48:24,2,30,1,11,Horror,4,2.99,27.99,Salvador Teel
4410,2005-07-07 21:48:16,2754,584,2005-07-09 03:15:16,1,604,2,5,Comedy,4,0.99,10.99,Salvador Teel
6954,2005-07-26 23:55:13,1112,584,2005-07-28 19:01:13,2,247,1,5,Comedy,3,0.99,19.99,Salvador Teel
10914,2005-08-02 02:04:43,585,584,2005-08-06 03:00:43,1,127,2,5,Comedy,5,4.99,14.99,Salvador Teel
3741,2005-07-06 12:00:18,1449,584,2005-07-12 09:02:18,2,317,2,5,Comedy,4,0.99,25.99,Salvador Teel
7372,2005-07-27 15:18:42,3202,584,2005-08-01 15:18:42,2,704,1,5,Comedy,3,2.99,25.99,Salvador Teel
3317,2005-06-21 08:22:32,4095,584,2005-06-26 14:18:32,2,892,1,2,Animation,3,4.99,18.99,Salvador Teel
626,2005-05-28 16:58:09,452,584,2005-06-01 14:02:09,2,100,1,9,Foreign,7,4.99,21.99,Salvador Teel
920,2005-05-30 11:44:01,3860,584,2005-06-02 08:19:01,2,845,1,9,Foreign,7,4.99,9.99,Salvador Teel
4977,2005-07-09 00:15:50,3310,584,2005-07-10 00:34:50,2,728,2,7,Drama,3,0.99,26.99,Salvador Teel
10073,2005-07-31 19:53:15,4246,584,2005-08-05 23:12:15,2,923,2,7,Drama,7,2.99,12.99,Salvador Teel
7186,2005-07-27 08:26:12,4005,584,2005-07-28 12:21:12,1,872,2,16,Travel,3,2.99,27.99,Salvador Teel
8879,2005-07-30 00:16:02,2956,584,2005-08-06 20:10:02,2,648,2,16,Travel,7,4.99,17.99,Salvador Teel
9451,2005-07-30 22:10:17,685,584,2005-08-07 02:53:17,2,150,1,6,Documentary,7,2.99,9.99,Salvador Teel
1436,2005-06-15 18:35:40,924,584,2005-06-21 15:04:40,1,205,1,1,Action,3,0.99,22.99,Salvador Teel
10966,2005-08-02 04:00:47,478,584,2005-08-08 01:58:47,2,105,2,1,Action,6,0.99,21.99,Salvador Teel
379,2005-05-27 09:25:32,3462,584,2005-06-02 06:19:32,1,759,2,13,New,4,2.99,29.99,Salvador Teel
3,2005-05-24 23:03:39,1711,408,2005-06-01 22:12:39,1,373,2,3,Children,7,2.99,14.99,Manuel Murrell
6826,2005-07-12 18:32:02,1708,408,2005-07-16 23:21:02,1,373,1,3,Children,7,2.99,14.99,Manuel Murrell
2564,2005-06-19 03:41:10,4008,408,2005-06-24 03:10:10,1,873,1,3,Children,3,0.99,13.99,Manuel Murrell
7996,2005-07-28 15:00:49,2171,408,2005-08-04 20:58:49,2,468,2,3,Children,5,2.99,12.99,Manuel Murrell
526,2005-05-28 04:27:37,1387,408,2005-05-30 07:52:37,1,304,1,3,Children,3,2.99,28.99,Manuel Murrell
2479,2005-06-18 21:03:08,1624,408,2005-06-22 16:49:08,1,354,2,3,Children,6,4.99,18.99,Manuel Murrell
8469,2005-07-29 08:26:27,2754,408,2005-08-05 04:26:27,2,604,2,5,Comedy,4,0.99,10.99,Manuel Murrell
5073,2005-07-09 05:02:35,546,408,2005-07-15 01:22:35,2,119,1,5,Comedy,6,0.99,22.99,Manuel Murrell
2728,2005-06-19 15:04:04,775,408,2005-06-22 12:22:04,2,169,2,16,Travel,3,2.99,19.99,Manuel Murrell
6203,2005-07-11 12:28:57,1001,408,2005-07-15 14:10:57,1,224,1,16,Travel,7,4.99,29.99,Manuel Murrell
7053,2005-07-27 03:38:54,149,408,2005-07-31 01:13:54,1,31,1,8,Family,5,4.99,16.99,Manuel Murrell
6062,2005-07-11 04:11:58,3301,408,2005-07-15 05:00:58,1,727,1,8,Family,6,0.99,12.99,Manuel Murrell
9052,2005-07-30 07:06:08,3351,408,2005-08-03 10:30:08,1,736,1,8,Family,4,0.99,21.99,Manuel Murrell
8902,2005-07-30 01:08:06,2983,408,2005-08-05 00:00:06,2,654,1,10,Games,4,4.99,19.99,Manuel Murrell
9757,2005-07-31 09:25:14,2596,408,2005-08-01 14:43:14,2,570,2,15,Sports,5,4.99,20.99,Manuel Murrell
8251,2005-07-29 00:50:14,2317,408,2005-08-03 23:52:14,2,503,1,15,Sports,3,2.99,24.99,Manuel Murrell
59,2005-05-25 08:56:42,2884,408,2005-06-01 09:52:42,1,633,2,4,Classics,6,4.99,10.99,Manuel Murrell
4330,2005-07-07 18:09:41,2408,408,2005-07-14 22:05:41,1,525,2,4,Classics,4,0.99,29.99,Manuel Murrell
2067,2005-06-17 16:11:08,1711,297,2005-06-22 13:01:08,2,373,2,3,Children,7,2.99,14.99,Sherri Rhodes
6156,2005-07-11 09:45:48,302,297,2005-07-15 04:51:48,1,68,2,3,Children,5,4.99,26.99,Sherri Rhodes
6064,2005-07-11 04:23:18,265,297,2005-07-19 02:21:18,1,59,1,3,Children,4,2.99,20.99,Sherri Rhodes
4621,2005-07-08 08:02:18,1594,297,2005-07-12 08:53:18,2,349,2,2,Animation,4,2.99,27.99,Sherri Rhodes
2339,2005-06-18 11:29:22,313,297,2005-06-21 10:29:22,1,70,1,2,Animation,7,4.99,26.99,Sherri Rhodes
4929,2005-07-08 22:06:18,734,297,2005-07-17 18:17:18,2,160,2,2,Animation,4,0.99,12.99,Sherri Rhodes
143,2005-05-25 23:45:52,847,297,2005-05-27 21:41:52,2,186,1,7,Drama,6,0.99,17.99,Sherri Rhodes
9674,2005-07-31 06:36:53,3213,297,2005-08-06 02:50:53,2,706,2,7,Drama,5,4.99,22.99,Sherri Rhodes
2260,2005-06-18 05:38:36,2773,297,2005-06-20 08:08:36,1,609,1,16,Travel,7,2.99,23.99,Sherri Rhodes
954,2005-05-30 16:57:29,1231,297,2005-06-08 13:30:29,2,273,1,8,Family,6,0.99,14.99,Sherri Rhodes
5743,2005-07-10 11:57:38,593,297,2005-07-19 15:38:38,2,129,2,6,Documentary,3,2.99,16.99,Sherri Rhodes
3582,2005-07-06 04:10:35,1866,297,2005-07-11 01:29:35,2,407,1,6,Documentary,5,0.99,12.99,Sherri Rhodes
2202,2005-06-18 02:09:24,815,297,2005-06-26 07:17:24,2,177,2,14,Sci-Fi,4,4.99,20.99,Sherri Rhodes
6036,2005-07-11 03:02:28,2553,297,2005-07-15 22:12:28,2,559,2,14,Sci-Fi,7,2.99,22.99,Sherri Rhodes
9014,2005-07-30 05:19:27,311,297,2005-08-01 01:10:27,2,69,2,14,Sci-Fi,3,2.99,21.99,Sherri Rhodes
7933,2005-07-28 12:27:27,3175,297,2005-07-29 10:34:27,2,697,1,1,Action,7,0.99,16.99,Sherri Rhodes
10153,2005-07-31 22:30:10,2945,297,2005-08-06 02:32:10,2,646,2,10,Games,6,0.99,12.99,Sherri Rhodes
1409,2005-06-15 16:58:12,1398,297,2005-06-21 11:21:12,2,306,1,10,Games,3,0.99,12.99,Sherri Rhodes
10264,2005-08-01 03:03:12,1374,297,2005-08-08 00:34:12,2,302,2,10,Games,5,2.99,29.99,Sherri Rhodes
7867,2005-07-28 10:08:54,713,297,2005-07-30 10:26:54,2,155,2,13,New,6,0.99,26.99,Sherri Rhodes
6984,2005-07-27 00:56:30,2407,297,2005-08-02 01:14:30,2,525,2,4,Classics,4,0.99,29.99,Sherri Rhodes
3790,2005-07-06 14:13:45,1711,10,2005-07-14 13:35:45,1,373,2,3,Children,7,2.99,14.99,Dorothy Taylor
2865,2005-06-20 00:00:55,1569,10,2005-06-21 02:20:55,1,344,2,3,Children,3,0.99,28.99,Dorothy Taylor
1140,2005-05-31 19:36:30,3731,10,2005-06-07 18:33:30,2,816,1,2,Animation,3,0.99,27.99,Dorothy Taylor
7738,2005-07-28 05:21:42,80,10,2005-08-03 09:46:42,2,16,2,9,Foreign,6,2.99,23.99,Dorothy Taylor
9935,2005-07-31 15:27:07,2247,10,2005-08-05 11:23:07,1,486,1,9,Foreign,7,4.99,14.99,Dorothy Taylor
10671,2005-08-01 17:09:59,4430,10,2005-08-09 21:36:59,1,969,1,7,Drama,4,4.99,29.99,Dorothy Taylor
5068,2005-07-09 04:53:18,2937,10,2005-07-13 09:21:18,1,645,1,16,Travel,7,2.99,18.99,Dorothy Taylor
5444,2005-07-09 21:58:57,2968,10,2005-07-11 03:09:57,2,650,2,6,Documentary,3,0.99,27.99,Dorothy Taylor
4255,2005-07-07 14:14:13,749,10,2005-07-12 18:32:13,1,164,1,6,Documentary,4,0.99,20.99,Dorothy Taylor
1995,2005-06-17 11:11:14,1866,10,2005-06-26 16:37:14,1,407,1,6,Documentary,5,0.99,12.99,Dorothy Taylor
5905,2005-07-10 20:41:09,3891,10,2005-07-19 14:49:09,1,850,1,1,Action,7,0.99,27.99,Dorothy Taylor
8188,2005-07-28 22:34:12,3826,10,2005-08-01 02:32:12,2,838,1,1,Action,5,4.99,25.99,Dorothy Taylor
2814,2005-06-19 20:01:59,1783,10,2005-06-26 01:28:59,2,387,2,10,Games,7,0.99,27.99,Dorothy Taylor
8001,2005-07-28 15:10:55,2570,10,2005-08-05 18:23:55,1,563,1,10,Games,6,4.99,16.99,Dorothy Taylor
1801,2005-06-16 20:21:53,1015,10,2005-06-18 23:18:53,1,227,2,10,Games,4,4.99,17.99,Dorothy Taylor
2222,2005-06-18 03:26:23,3834,10,2005-06-26 08:50:23,2,840,1,10,Games,5,0.99,26.99,Dorothy Taylor
5038,2005-07-09 03:12:52,3086,10,2005-07-17 22:27:52,2,678,1,15,Sports,3,2.99,23.99,Dorothy Taylor
4042,2005-07-07 03:06:40,50,10,2005-07-10 02:37:40,1,10,2,15,Sports,6,4.99,24.99,Dorothy Taylor
7022,2005-07-27 02:31:15,1711,243,2005-07-29 02:52:15,1,373,2,3,Children,7,2.99,14.99,Lydia Burke
8834,2005-07-29 22:41:48,4477,243,2005-08-05 03:21:48,2,978,1,5,Comedy,3,0.99,12.99,Lydia Burke
4831,2005-07-08 18:00:14,2739,243,2005-07-12 15:54:14,2,601,1,16,Travel,4,0.99,20.99,Lydia Burke
6820,2005-07-12 18:21:30,223,243,2005-07-14 15:14:30,1,50,1,8,Family,3,2.99,20.99,Lydia Burke
9035,2005-07-30 06:16:07,3785,243,2005-08-06 09:22:07,1,829,1,8,Family,7,2.99,12.99,Lydia Burke
188,2005-05-26 05:47:12,3342,243,2005-05-26 23:48:12,1,734,2,6,Documentary,4,4.99,12.99,Lydia Burke
9514,2005-07-31 00:29:44,1892,243,2005-08-02 23:49:44,1,412,2,6,Documentary,6,4.99,25.99,Lydia Burke
5502,2005-07-10 00:34:15,3712,243,2005-07-11 21:44:15,1,812,1,6,Documentary,7,0.99,13.99,Lydia Burke
1405,2005-06-15 16:41:26,3184,243,2005-06-21 18:16:26,1,698,2,6,Documentary,3,2.99,29.99,Lydia Burke
3965,2005-07-06 22:36:20,2863,243,2005-07-09 17:45:20,1,627,2,6,Documentary,4,4.99,9.99,Lydia Burke
7165,2005-07-27 07:36:46,497,243,2005-07-30 09:22:46,2,111,2,1,Action,3,0.99,17.99,Lydia Burke
9988,2005-07-31 17:22:36,3844,243,2005-08-07 18:35:36,2,842,1,10,Games,4,2.99,13.99,Lydia Burke
2757,2005-06-19 17:01:14,3814,243,2005-06-28 11:38:14,1,835,1,10,Games,6,2.99,13.99,Lydia Burke
3854,2005-07-06 17:02:33,2054,243,2005-07-12 17:32:33,2,446,1,15,Sports,5,4.99,19.99,Lydia Burke
1452,2005-06-15 19:32:52,4348,243,2005-06-16 13:45:52,1,948,1,13,New,6,0.99,22.99,Lydia Burke
9675,2005-07-31 06:37:07,2523,243,2005-08-03 07:03:07,1,554,2,4,Classics,6,2.99,22.99,Lydia Burke
6038,2005-07-11 03:10:37,1555,243,2005-07-19 05:14:37,2,341,2,4,Classics,5,0.99,13.99,Lydia Burke
7034,2005-07-27 03:03:37,1712,281,2005-07-28 23:18:37,1,373,2,3,Children,7,2.99,14.99,Leona Obrien
6825,2005-07-12 18:28:12,2342,281,2005-07-15 19:24:12,1,509,2,3,Children,5,0.99,26.99,Leona Obrien
2254,2005-06-18 05:15:14,1084,281,2005-06-27 04:10:14,2,242,1,5,Comedy,4,0.99,13.99,Leona Obrien
5410,2005-07-09 20:21:10,2261,281,2005-07-18 21:43:10,2,489,1,2,Animation,4,0.99,14.99,Leona Obrien
4864,2005-07-08 19:05:34,2974,281,2005-07-17 15:05:34,2,651,2,2,Animation,3,0.99,20.99,Leona Obrien
754,2005-05-29 10:18:59,734,281,2005-06-04 05:03:59,2,160,2,2,Animation,4,0.99,12.99,Leona Obrien
650,2005-05-28 19:45:40,4384,281,2005-05-29 21:02:40,1,958,1,7,Drama,6,2.99,19.99,Leona Obrien
1485,2005-06-15 21:24:10,194,281,2005-06-24 23:03:10,1,43,2,8,Family,6,2.99,15.99,Leona Obrien
8180,2005-07-28 22:05:24,3236,281,2005-08-01 19:09:24,1,710,1,8,Family,4,4.99,18.99,Leona Obrien
8131,2005-07-28 19:55:21,437,281,2005-08-02 21:52:21,2,97,1,1,Action,7,0.99,24.99,Leona Obrien
7525,2005-07-27 21:13:28,4084,281,2005-08-04 19:44:28,2,890,2,15,Sports,5,0.99,14.99,Leona Obrien
4607,2005-07-08 07:15:14,1193,281,2005-07-11 01:32:14,1,266,1,4,Classics,4,0.99,27.99,Leona Obrien
7828,2005-07-28 08:40:46,1710,212,2005-07-30 14:22:46,1,373,1,3,Children,7,2.99,14.99,Wilma Richards
2739,2005-06-19 15:58:38,213,212,2005-06-27 15:01:38,2,48,1,3,Children,3,4.99,24.99,Wilma Richards
4916,2005-07-08 21:32:17,2680,212,2005-07-14 20:55:17,2,588,2,3,Children,4,4.99,11.99,Wilma Richards
8940,2005-07-30 02:57:26,1566,212,2005-08-05 22:05:26,1,344,1,3,Children,3,0.99,28.99,Wilma Richards
5115,2005-07-09 07:07:18,2296,212,2005-07-16 03:28:18,2,500,1,9,Foreign,5,4.99,11.99,Wilma Richards
1637,2005-06-16 08:29:58,906,212,2005-06-23 04:55:58,2,201,1,9,Foreign,7,2.99,18.99,Wilma Richards
4708,2005-07-08 11:59:19,3249,212,2005-07-17 07:11:19,2,715,1,8,Family,3,4.99,25.99,Wilma Richards
10273,2005-08-01 03:14:47,1458,212,2005-08-07 03:59:47,1,319,2,14,Sci-Fi,4,2.99,22.99,Wilma Richards
10567,2005-08-01 13:16:01,2744,212,2005-08-05 14:59:01,1,602,1,14,Sci-Fi,5,0.99,14.99,Wilma Richards
1379,2005-06-15 15:05:10,810,212,2005-06-18 12:11:10,1,176,2,15,Sports,6,0.99,21.99,Wilma Richards
1356,2005-06-15 13:17:01,1318,212,2005-06-19 16:22:01,1,291,1,15,Sports,5,0.99,10.99,Wilma Richards
4798,2005-07-08 16:45:16,3874,212,2005-07-16 13:45:16,2,847,2,13,New,7,2.99,10.99,Wilma Richards
8000,2005-07-28 15:10:25,1644,212,2005-08-06 19:15:25,1,358,2,4,Classics,5,0.99,29.99,Wilma Richards
10120,2005-07-31 21:24:24,1709,396,2005-08-03 17:44:24,2,373,1,3,Children,7,2.99,14.99,Earl Shanks
8807,2005-07-29 21:36:59,2612,396,2005-08-01 17:40:59,1,573,1,3,Children,6,2.99,22.99,Earl Shanks
7313,2005-07-27 13:11:57,1884,396,2005-08-02 07:31:57,1,410,2,5,Comedy,7,2.99,19.99,Earl Shanks
6771,2005-07-12 15:54:40,1113,396,2005-07-17 15:56:40,2,247,1,5,Comedy,3,0.99,19.99,Earl Shanks
6764,2005-07-12 15:29:27,4407,396,2005-07-21 20:00:27,2,963,2,2,Animation,5,0.99,12.99,Earl Shanks
1408,2005-06-15 16:57:58,2655,396,2005-06-22 21:08:58,1,582,2,2,Animation,3,2.99,19.99,Earl Shanks
6335,2005-07-11 19:25:15,2757,396,2005-07-16 17:02:15,1,605,2,9,Foreign,7,2.99,13.99,Earl Shanks
7142,2005-07-27 06:55:39,1743,396,2005-07-28 01:41:39,2,379,2,7,Drama,7,0.99,14.99,Earl Shanks
8371,2005-07-29 05:16:35,2466,396,2005-07-31 01:49:35,1,539,1,7,Drama,7,2.99,21.99,Earl Shanks
9344,2005-07-30 18:13:45,1005,396,2005-08-07 15:23:45,2,225,1,7,Drama,3,0.99,19.99,Earl Shanks
641,2005-05-28 18:45:47,3548,396,2005-06-04 15:24:47,1,776,1,6,Documentary,6,4.99,11.99,Earl Shanks
10610,2005-08-01 14:49:41,1865,396,2005-08-03 13:07:41,1,407,1,6,Documentary,5,0.99,12.99,Earl Shanks
1385,2005-06-15 15:28:23,4073,396,2005-06-18 18:37:23,1,888,1,6,Documentary,5,4.99,9.99,Earl Shanks
10124,2005-07-31 21:31:49,1956,396,2005-08-04 00:06:49,1,427,1,6,Documentary,5,0.99,19.99,Earl Shanks
1370,2005-06-15 14:31:05,644,396,2005-06-22 19:23:05,2,140,1,14,Sci-Fi,6,0.99,23.99,Earl Shanks
3909,2005-07-06 19:54:41,3423,396,2005-07-15 18:11:41,2,750,1,13,New,3,0.99,25.99,Earl Shanks
10195,2005-08-01 00:34:42,2691,396,2005-08-08 05:04:42,2,590,2,13,New,3,2.99,17.99,Earl Shanks
5059,2005-07-09 04:28:01,3951,396,2005-07-15 22:57:01,1,862,1,4,Classics,5,0.99,25.99,Earl Shanks
5,2005-05-24 23:05:21,2079,222,2005-06-02 04:33:21,1,450,2,3,Children,5,2.99,29.99,Delores Hansen
134,2005-05-25 21:48:41,2272,222,2005-06-02 18:28:41,1,491,2,3,Children,4,0.99,18.99,Delores Hansen
8787,2005-07-29 20:43:49,2366,222,2005-07-31 15:15:49,1,515,2,3,Children,7,4.99,14.99,Delores Hansen
7786,2005-07-28 07:18:26,2285,222,2005-07-29 03:00:26,1,494,2,11,Horror,4,0.99,21.99,Delores Hansen
2603,2005-06-19 06:21:25,587,222,2005-06-26 03:19:25,1,127,2,5,Comedy,5,4.99,14.99,Delores Hansen
5592,2005-07-10 04:26:13,2471,222,2005-07-19 02:32:13,2,541,2,2,Animation,5,2.99,21.99,Delores Hansen
5209,2005-07-09 11:22:39,4441,222,2005-07-17 09:31:39,1,971,1,9,Foreign,4,4.99,11.99,Delores Hansen
1368,2005-06-15 14:27:47,2020,222,2005-06-23 18:07:47,2,439,1,7,Drama,4,4.99,28.99,Delores Hansen
809,2005-05-29 19:10:20,2114,222,2005-06-05 19:05:20,2,458,2,8,Family,4,0.99,26.99,Delores Hansen
6497,2005-07-12 03:04:29,933,222,2005-07-17 21:36:29,2,206,2,6,Documentary,6,0.99,25.99,Delores Hansen
5635,2005-07-10 06:28:39,1457,222,2005-07-17 08:35:39,2,319,2,14,Sci-Fi,4,2.99,22.99,Delores Hansen
10043,2005-07-31 19:02:07,2558,222,2005-08-07 17:58:07,1,560,2,10,Games,6,0.99,21.99,Delores Hansen
416,2005-05-27 15:02:10,2371,222,2005-05-29 10:34:10,2,517,2,15,Sports,3,0.99,28.99,Delores Hansen
8597,2005-07-29 12:55:55,4218,222,2005-08-05 18:54:55,1,917,1,15,Sports,3,2.99,24.99,Delores Hansen
1006,2005-05-31 00:57:08,3461,222,2005-06-02 22:35:08,1,759,2,13,New,4,2.99,29.99,Delores Hansen
6129,2005-07-11 08:15:09,3875,222,2005-07-18 13:00:09,1,847,2,13,New,7,2.99,10.99,Delores Hansen
5266,2005-07-09 14:17:40,2409,222,2005-07-16 10:42:40,1,525,2,4,Classics,4,0.99,29.99,Delores Hansen
8300,2005-07-29 02:57:59,4364,222,2005-08-05 01:12:59,2,951,2,4,Classics,6,0.99,28.99,Delores Hansen
7258,2005-07-27 11:05:54,2079,494,2005-08-02 11:36:54,1,450,2,3,Children,5,2.99,29.99,Ramon Choate
9799,2005-07-31 10:58:32,3008,494,2005-08-01 12:08:32,1,660,2,5,Comedy,7,2.99,11.99,Ramon Choate
7546,2005-07-27 21:50:09,3683,494,2005-08-05 03:07:09,2,805,2,2,Animation,5,4.99,12.99,Ramon Choate
3511,2005-07-06 00:42:01,2128,494,2005-07-09 23:08:01,1,461,1,2,Animation,3,0.99,14.99,Ramon Choate
9510,2005-07-31 00:24:17,2301,494,2005-08-08 18:47:17,2,500,2,9,Foreign,5,4.99,11.99,Ramon Choate
1683,2005-06-16 11:54:55,2361,494,2005-06-18 08:51:55,2,514,1,7,Drama,6,2.99,17.99,Ramon Choate
4086,2005-07-07 05:26:06,253,494,2005-07-12 00:45:06,2,57,1,16,Travel,4,2.99,18.99,Ramon Choate
5083,2005-07-09 05:30:32,148,494,2005-07-11 02:20:32,1,31,1,8,Family,5,4.99,16.99,Ramon Choate
7737,2005-07-28 05:15:03,1235,494,2005-08-04 01:24:03,1,273,2,8,Family,6,0.99,14.99,Ramon Choate
3913,2005-07-06 20:11:00,752,494,2005-07-08 14:42:00,1,164,2,6,Documentary,4,0.99,20.99,Ramon Choate
8934,2005-07-30 02:37:05,3223,494,2005-08-01 20:42:05,1,708,1,6,Documentary,4,4.99,19.99,Ramon Choate
608,2005-05-28 15:03:44,4254,494,2005-06-04 17:14:44,2,925,1,6,Documentary,3,0.99,27.99,Ramon Choate
9012,2005-07-30 05:18:57,3604,494,2005-08-06 06:21:57,1,788,1,6,Documentary,5,2.99,15.99,Ramon Choate
10623,2005-08-01 15:22:38,4426,494,2005-08-03 11:03:38,2,967,2,14,Sci-Fi,5,2.99,26.99,Ramon Choate
8895,2005-07-30 00:49:17,3217,494,2005-07-31 01:56:17,1,707,1,1,Action,5,2.99,29.99,Ramon Choate
3803,2005-07-06 15:06:55,2062,494,2005-07-08 18:53:55,1,447,2,10,Games,5,2.99,28.99,Ramon Choate
9943,2005-07-31 15:37:29,887,494,2005-08-09 18:25:29,1,197,1,15,Sports,4,2.99,27.99,Ramon Choate
10403,2005-08-01 07:30:45,1968,494,2005-08-03 03:03:45,2,429,2,15,Sports,3,0.99,29.99,Ramon Choate
4551,2005-07-08 04:36:21,1160,494,2005-07-17 10:23:21,2,256,2,15,Sports,6,4.99,20.99,Ramon Choate
4397,2005-07-07 21:14:54,3085,494,2005-07-13 19:24:54,2,678,1,15,Sports,3,2.99,23.99,Ramon Choate
5180,2005-07-09 10:06:53,3684,494,2005-07-12 15:25:53,1,806,1,13,New,4,2.99,25.99,Ramon Choate
8333,2005-07-29 04:16:40,823,494,2005-08-02 10:10:40,2,180,2,4,Classics,4,2.99,27.99,Ramon Choate
461,2005-05-27 20:08:55,2077,447,2005-06-01 14:32:55,1,450,2,3,Children,5,2.99,29.99,Clifford Bowens
9076,2005-07-30 07:58:12,496,447,2005-08-08 06:04:12,1,110,1,3,Children,4,0.99,25.99,Clifford Bowens
732,2005-05-29 07:32:51,2530,447,2005-05-30 10:08:51,2,555,2,5,Comedy,4,0.99,25.99,Clifford Bowens
5734,2005-07-10 11:37:28,399,447,2005-07-16 11:10:28,1,89,1,2,Animation,7,0.99,22.99,Clifford Bowens
4403,2005-07-07 21:29:40,3973,447,2005-07-09 17:58:40,1,865,2,2,Animation,3,4.99,19.99,Clifford Bowens
5987,2005-07-11 00:55:31,1000,447,2005-07-16 06:28:31,2,223,2,2,Animation,7,2.99,24.99,Clifford Bowens
1230,2005-06-15 04:04:09,2324,447,2005-06-16 02:21:09,1,504,2,7,Drama,5,0.99,25.99,Clifford Bowens
8945,2005-07-30 03:11:48,1441,447,2005-08-07 07:53:48,2,315,2,8,Family,4,0.99,10.99,Clifford Bowens
6690,2005-07-12 12:23:02,4254,447,2005-07-16 15:39:02,2,925,1,6,Documentary,3,0.99,27.99,Clifford Bowens
10425,2005-08-01 08:23:25,322,447,2005-08-05 04:29:25,1,72,1,6,Documentary,6,2.99,12.99,Clifford Bowens
2285,2005-06-18 07:00:54,755,447,2005-06-25 08:58:54,2,165,1,14,Sci-Fi,7,4.99,27.99,Clifford Bowens
9288,2005-07-30 15:56:39,2640,447,2005-08-04 13:25:39,2,579,1,1,Action,3,4.99,22.99,Clifford Bowens
5331,2005-07-09 16:54:06,4181,447,2005-07-10 19:04:06,1,911,1,1,Action,7,4.99,14.99,Clifford Bowens
6651,2005-07-12 10:57:28,98,447,2005-07-15 06:06:28,2,19,2,1,Action,6,0.99,20.99,Clifford Bowens
1890,2005-06-17 04:06:13,1764,447,2005-06-22 07:46:13,2,382,2,10,Games,3,0.99,21.99,Clifford Bowens
8537,2005-07-29 10:44:54,1012,447,2005-08-06 14:55:54,2,227,1,10,Games,4,4.99,17.99,Clifford Bowens
10957,2005-08-02 03:33:30,1652,447,2005-08-10 06:19:30,2,361,1,15,Sports,5,2.99,25.99,Clifford Bowens
2025,2005-06-17 13:04:00,1203,447,2005-06-18 18:45:00,2,267,1,13,New,4,4.99,14.99,Clifford Bowens
4858,2005-07-08 18:53:24,3424,447,2005-07-17 20:32:24,2,750,1,13,New,3,0.99,25.99,Clifford Bowens
10348,2005-08-01 05:23:00,2076,14,2005-08-04 01:12:00,2,450,2,3,Children,5,2.99,29.99,Betty White
5383,2005-07-09 19:14:32,573,14,2005-07-11 19:57:32,1,124,2,3,Children,3,4.99,16.99,Betty White
9438,2005-07-30 21:36:15,121,14,2005-08-07 16:54:15,2,24,1,11,Horror,6,2.99,19.99,Betty White
3707,2005-07-06 10:21:49,1080,14,2005-07-12 05:14:49,2,241,1,2,Animation,4,0.99,20.99,Betty White
8548,2005-07-29 11:11:33,3366,14,2005-08-04 11:52:33,2,738,2,9,Foreign,3,0.99,27.99,Betty White
10526,2005-08-01 11:55:33,27,14,2005-08-08 16:42:33,1,6,1,9,Foreign,3,2.99,17.99,Betty White
5565,2005-07-10 03:29:48,3368,14,2005-07-17 04:43:48,1,739,1,7,Drama,4,4.99,17.99,Betty White
671,2005-05-28 22:04:30,1027,14,2005-06-03 01:21:30,2,230,1,7,Drama,7,2.99,20.99,Betty White
8042,2005-07-28 16:45:11,4325,14,2005-08-04 17:16:11,2,942,1,7,Drama,7,0.99,27.99,Betty White
815,2005-05-29 20:24:28,3757,14,2005-06-03 15:32:28,1,822,2,8,Family,6,0.99,12.99,Betty White
4952,2005-07-08 23:00:07,459,14,2005-07-09 21:47:07,1,101,1,6,Documentary,3,0.99,26.99,Betty White
5104,2005-07-09 06:37:07,2109,14,2005-07-14 12:32:07,1,457,2,6,Documentary,5,0.99,21.99,Betty White
9592,2005-07-31 03:21:16,1828,14,2005-08-05 08:32:16,1,397,1,14,Sci-Fi,5,2.99,26.99,Betty White
1360,2005-06-15 13:32:15,4107,14,2005-06-18 10:59:15,2,893,2,14,Sci-Fi,4,4.99,11.99,Betty White
8035,2005-07-28 16:23:01,1503,14,2005-08-05 10:52:01,1,329,1,1,Action,4,2.99,15.99,Betty White
525,2005-05-28 04:25:33,1817,14,2005-06-06 04:18:33,1,395,1,1,Action,4,0.99,28.99,Betty White
346,2005-05-27 04:34:41,4319,14,2005-06-05 04:24:41,2,941,1,10,Games,4,4.99,10.99,Betty White
151,2005-05-26 00:37:28,2942,14,2005-05-30 06:28:28,1,646,1,10,Games,6,0.99,12.99,Betty White
5317,2005-07-09 16:10:25,2693,14,2005-07-18 17:10:25,2,591,2,10,Games,6,4.99,20.99,Betty White
8836,2005-07-29 22:46:08,3265,14,2005-08-02 19:53:08,2,719,1,15,Sports,7,4.99,11.99,Betty White
1113,2005-05-31 15:58:44,2078,451,2005-06-05 18:05:44,2,450,2,3,Children,5,2.99,29.99,Jim Rea
2909,2005-06-20 03:19:10,1701,451,2005-06-25 06:06:10,2,370,2,3,Children,4,2.99,26.99,Jim Rea
5005,2005-07-09 01:21:44,3034,451,2005-07-14 20:27:44,1,665,2,11,Horror,4,2.99,22.99,Jim Rea
10950,2005-08-02 03:25:08,707,451,2005-08-07 23:11:08,2,154,2,2,Animation,6,2.99,12.99,Jim Rea
3826,2005-07-06 15:51:58,73,451,2005-07-13 12:35:58,1,15,2,9,Foreign,5,2.99,10.99,Jim Rea
2671,2005-06-19 11:33:11,2164,451,2005-06-26 14:30:11,2,467,2,9,Foreign,6,0.99,10.99,Jim Rea
10856,2005-08-02 00:07:14,2010,451,2005-08-04 02:48:14,2,437,2,8,Family,7,2.99,13.99,Jim Rea
5518,2005-07-10 01:15:11,3340,451,2005-07-18 19:28:11,2,734,2,6,Documentary,4,4.99,12.99,Jim Rea
7018,2005-07-27 02:20:22,1078,451,2005-08-02 05:04:22,2,240,2,14,Sci-Fi,7,2.99,10.99,Jim Rea
2917,2005-06-20 04:08:35,647,451,2005-06-24 01:17:35,1,140,2,14,Sci-Fi,6,0.99,23.99,Jim Rea
10337,2005-08-01 05:01:46,307,451,2005-08-10 02:41:46,1,69,1,14,Sci-Fi,3,2.99,21.99,Jim Rea
77,2005-05-25 11:31:59,1303,451,2005-05-26 16:53:59,2,287,2,1,Action,5,0.99,19.99,Jim Rea
1940,2005-06-17 07:42:22,105,451,2005-06-22 11:59:22,1,21,2,1,Action,3,4.99,17.99,Jim Rea
4538,2005-07-08 03:56:29,3638,451,2005-07-15 08:24:29,1,794,2,1,Action,5,0.99,28.99,Jim Rea
4930,2005-07-08 22:15:48,2057,451,2005-07-15 21:02:48,2,447,1,10,Games,5,2.99,28.99,Jim Rea
1202,2005-06-15 02:08:04,2821,451,2005-06-16 21:56:04,1,619,2,15,Sports,3,0.99,20.99,Jim Rea
3316,2005-06-21 08:20:18,3271,451,2005-06-28 07:44:18,1,720,2,13,New,3,2.99,20.99,Jim Rea
328,2005-05-27 01:29:31,2524,451,2005-06-01 02:27:31,1,554,2,4,Classics,6,2.99,22.99,Jim Rea
1851,2005-06-17 00:32:26,1121,451,2005-06-22 19:54:26,2,249,1,4,Classics,7,0.99,26.99,Jim Rea
4794,2005-07-08 16:30:11,2497,451,2005-07-17 12:41:11,2,548,1,4,Classics,3,2.99,27.99,Jim Rea
1348,2005-06-15 12:45:30,2078,196,2005-06-17 17:12:30,1,450,2,3,Children,5,2.99,29.99,Alma Austin
5143,2005-07-09 08:07:07,3803,196,2005-07-18 10:17:07,1,833,1,3,Children,5,0.99,20.99,Alma Austin
4879,2005-07-08 19:34:55,1406,196,2005-07-09 15:53:55,1,308,1,5,Comedy,3,2.99,13.99,Alma Austin
5353,2005-07-09 18:04:29,2994,196,2005-07-15 17:46:29,2,657,1,5,Comedy,5,2.99,12.99,Alma Austin
1600,2005-06-16 06:04:12,2264,196,2005-06-19 09:39:12,2,489,2,2,Animation,4,0.99,14.99,Alma Austin
8472,2005-07-29 08:36:22,2975,196,2005-08-02 07:55:22,1,651,2,2,Animation,3,0.99,20.99,Alma Austin
2912,2005-06-20 03:32:45,1076,196,2005-06-21 23:32:45,1,239,2,2,Animation,5,4.99,16.99,Alma Austin
178,2005-05-26 04:21:46,1489,196,2005-06-04 07:09:46,2,326,2,2,Animation,6,2.99,18.99,Alma Austin
3104,2005-06-20 17:06:46,1490,196,2005-06-28 13:18:46,2,326,2,2,Animation,6,2.99,18.99,Alma Austin
1053,2005-05-31 07:12:44,3734,196,2005-06-04 12:33:44,1,816,2,2,Animation,3,0.99,27.99,Alma Austin
9721,2005-07-31 08:28:46,3942,196,2005-08-05 14:03:46,1,859,2,2,Animation,3,4.99,20.99,Alma Austin
8266,2005-07-29 01:20:16,1972,196,2005-07-30 04:31:16,1,430,2,2,Animation,7,0.99,23.99,Alma Austin
4999,2005-07-09 01:12:57,1797,196,2005-07-17 00:12:57,1,391,1,8,Family,6,2.99,25.99,Alma Austin
106,2005-05-25 18:18:19,3627,196,2005-06-04 00:01:19,2,791,2,6,Documentary,3,4.99,24.99,Alma Austin
7666,2005-07-28 02:35:12,688,196,2005-08-05 05:43:12,2,150,2,6,Documentary,7,2.99,9.99,Alma Austin
8700,2005-07-29 16:56:01,3710,196,2005-07-31 16:19:01,2,812,1,6,Documentary,7,0.99,13.99,Alma Austin
3271,2005-06-21 05:16:10,4191,196,2005-06-27 10:46:10,1,912,1,14,Sci-Fi,3,2.99,9.99,Alma Austin
2681,2005-06-19 12:15:27,2704,196,2005-06-21 16:48:27,2,594,1,1,Action,6,0.99,22.99,Alma Austin
9346,2005-07-30 18:13:52,2845,196,2005-08-03 17:58:52,1,624,1,10,Games,3,4.99,25.99,Alma Austin
9804,2005-07-31 11:07:39,2490,196,2005-08-09 11:57:39,1,546,2,10,Games,7,2.99,27.99,Alma Austin
1182,2005-06-15 00:45:21,1061,196,2005-06-22 03:52:21,1,236,2,10,Games,4,2.99,19.99,Alma Austin
10122,2005-07-31 21:29:28,4229,196,2005-08-09 00:04:28,1,919,1,10,Games,3,4.99,17.99,Alma Austin
491,2005-05-28 00:13:35,1326,196,2005-05-29 00:11:35,2,293,1,15,Sports,6,2.99,17.99,Alma Austin
10191,2005-08-01 00:28:38,1131,196,2005-08-06 02:23:38,1,251,1,13,New,6,4.99,19.99,Alma Austin
5768,2005-07-10 13:15:26,345,196,2005-07-15 09:42:26,1,77,1,13,New,5,4.99,15.99,Alma Austin
6857,2005-07-12 19:53:30,424,196,2005-07-13 15:22:30,1,93,2,13,New,4,4.99,27.99,Alma Austin
3342,2005-06-21 10:46:36,2884,196,2005-06-23 09:46:36,2,633,2,4,Classics,6,4.99,10.99,Alma Austin
4119,2005-07-07 07:06:03,2078,319,2005-07-13 01:56:03,2,450,2,3,Children,5,2.99,29.99,Ronald Weiner
4630,2005-07-08 08:33:38,3446,319,2005-07-09 13:09:38,2,755,2,3,Children,5,4.99,11.99,Ronald Weiner
1892,2005-06-17 04:17:33,139,319,2005-06-20 00:06:33,1,28,1,5,Comedy,5,4.99,16.99,Ronald Weiner
149,2005-05-26 00:28:05,1084,319,2005-06-02 21:30:05,2,242,1,5,Comedy,4,0.99,13.99,Ronald Weiner
439,2005-05-27 17:54:48,354,319,2005-06-02 23:01:48,2,78,2,2,Animation,7,2.99,12.99,Ronald Weiner
2884,2005-06-20 01:31:16,3384,319,2005-06-21 04:03:16,2,743,2,2,Animation,7,0.99,27.99,Ronald Weiner
6132,2005-07-11 08:24:44,3229,319,2005-07-13 06:41:44,1,709,2,7,Drama,7,2.99,19.99,Ronald Weiner
5882,2005-07-10 19:20:34,2830,319,2005-07-11 18:39:34,2,621,1,8,Family,5,2.99,23.99,Ronald Weiner
3256,2005-06-21 03:45:42,1235,319,2005-06-30 02:51:42,2,273,2,8,Family,6,0.99,14.99,Ronald Weiner
15,2005-05-25 00:39:22,3049,319,2005-06-03 03:30:22,1,670,1,6,Documentary,4,4.99,17.99,Ronald Weiner
2021,2005-06-17 12:41:18,2852,319,2005-06-23 17:17:18,2,625,1,14,Sci-Fi,3,0.99,18.99,Ronald Weiner
6195,2005-07-11 12:00:32,4193,319,2005-07-16 15:00:32,2,912,2,14,Sci-Fi,3,2.99,9.99,Ronald Weiner
9044,2005-07-30 06:35:21,3796,319,2005-07-31 10:27:21,1,831,1,14,Sci-Fi,5,0.99,20.99,Ronald Weiner
6485,2005-07-12 02:07:59,1224,319,2005-07-19 22:56:59,1,271,2,1,Action,5,4.99,12.99,Ronald Weiner
7953,2005-07-28 13:24:32,4471,319,2005-08-05 16:09:32,2,976,2,10,Games,6,0.99,12.99,Ronald Weiner
1632,2005-06-16 08:03:42,1518,319,2005-06-17 03:40:42,1,331,2,10,Games,6,2.99,25.99,Ronald Weiner
4295,2005-07-07 16:08:51,2490,319,2005-07-13 13:06:51,2,546,2,10,Games,7,2.99,27.99,Ronald Weiner
5791,2005-07-10 14:16:22,2795,319,2005-07-19 13:38:22,2,614,1,10,Games,5,4.99,11.99,Ronald Weiner
2703,2005-06-19 13:36:06,4080,319,2005-06-28 08:26:06,2,890,1,15,Sports,5,0.99,14.99,Ronald Weiner
6255,2005-07-11 15:11:33,1459,319,2005-07-15 19:55:33,2,320,1,13,New,4,4.99,28.99,Ronald Weiner
9017,2005-07-30 05:26:20,3325,319,2005-08-04 10:00:20,2,731,2,4,Classics,7,4.99,29.99,Ronald Weiner
8559,2005-07-29 11:25:54,2078,279,2005-08-04 10:16:54,2,450,2,3,Children,5,2.99,29.99,Dianne Shelton
3374,2005-06-21 13:36:30,1067,279,2005-06-23 15:10:30,2,238,1,3,Children,4,2.99,29.99,Dianne Shelton
5361,2005-07-09 18:15:32,2045,279,2005-07-17 23:32:32,2,444,2,5,Comedy,3,4.99,22.99,Dianne Shelton
4978,2005-07-09 00:22:02,2578,279,2005-07-18 04:37:02,1,564,2,2,Animation,4,2.99,11.99,Dianne Shelton
4476,2005-07-08 00:34:25,395,279,2005-07-08 22:55:25,1,88,2,16,Travel,7,4.99,17.99,Dianne Shelton
2147,2005-06-17 22:28:13,2752,279,2005-06-22 20:50:13,1,603,2,8,Family,6,4.99,27.99,Dianne Shelton
1019,2005-05-31 03:05:07,3975,279,2005-06-03 08:34:07,1,866,2,8,Family,6,0.99,28.99,Dianne Shelton
7947,2005-07-28 13:05:50,2504,279,2005-08-02 11:16:50,2,550,1,8,Family,6,2.99,22.99,Dianne Shelton
6176,2005-07-11 10:48:21,2969,279,2005-07-12 15:54:21,2,650,2,6,Documentary,3,0.99,27.99,Dianne Shelton
979,2005-05-30 21:37:11,3917,279,2005-06-08 00:24:11,2,855,1,6,Documentary,7,0.99,28.99,Dianne Shelton
5248,2005-07-09 13:29:44,246,279,2005-07-12 18:12:44,1,55,2,14,Sci-Fi,6,2.99,27.99,Dianne Shelton
3375,2005-06-21 13:37:18,912,279,2005-06-22 11:26:18,2,203,2,14,Sci-Fi,5,4.99,9.99,Dianne Shelton
1178,2005-06-15 00:36:40,2553,279,2005-06-21 00:27:40,2,559,2,14,Sci-Fi,7,2.99,22.99,Dianne Shelton
9820,2005-07-31 11:46:57,499,279,2005-08-08 13:35:57,1,111,2,1,Action,3,0.99,17.99,Dianne Shelton
10177,2005-07-31 23:42:33,2242,279,2005-08-03 01:30:33,2,484,2,4,Classics,3,2.99,13.99,Dianne Shelton
3215,2005-06-21 01:11:32,4140,279,2005-06-26 19:42:32,1,899,1,4,Classics,7,0.99,14.99,Dianne Shelton
4291,2005-07-07 15:47:47,2074,298,2005-07-10 11:45:47,1,450,1,3,Children,5,2.99,29.99,Erika Pena
3095,2005-06-20 16:16:53,3937,298,2005-06-22 10:35:53,2,858,2,5,Comedy,5,4.99,21.99,Erika Pena
4936,2005-07-08 22:24:50,2033,298,2005-07-15 03:14:50,2,443,1,5,Comedy,6,2.99,11.99,Erika Pena
7802,2005-07-28 07:51:57,1108,298,2005-07-29 09:32:57,1,245,2,2,Animation,4,0.99,28.99,Erika Pena
10248,2005-08-01 02:35:28,2146,298,2005-08-08 02:24:28,2,464,1,2,Animation,3,2.99,13.99,Erika Pena
5166,2005-07-09 09:15:48,2771,298,2005-07-16 06:04:48,1,609,1,16,Travel,7,2.99,23.99,Erika Pena
3728,2005-07-06 11:29:00,1798,298,2005-07-11 06:28:00,1,391,1,8,Family,6,2.99,25.99,Erika Pena
383,2005-05-27 10:12:20,955,298,2005-06-03 10:37:20,1,213,1,8,Family,4,0.99,19.99,Erika Pena
3400,2005-06-21 15:50:30,1697,298,2005-06-25 18:07:30,1,369,2,14,Sci-Fi,4,4.99,22.99,Erika Pena
1454,2005-06-15 19:49:41,102,298,2005-06-17 15:17:41,2,21,1,1,Action,3,4.99,17.99,Erika Pena
7869,2005-07-28 10:13:15,3005,298,2005-08-03 12:58:15,1,659,2,1,Action,3,4.99,14.99,Erika Pena
6802,2005-07-12 17:14:17,2942,298,2005-07-17 11:54:17,2,646,1,10,Games,6,0.99,12.99,Erika Pena
5247,2005-07-09 13:26:28,1186,298,2005-07-12 14:00:28,2,264,2,10,Games,6,2.99,13.99,Erika Pena
11070,2005-08-02 07:10:39,4020,298,2005-08-03 07:43:39,1,875,2,15,Sports,6,0.99,9.99,Erika Pena
8737,2005-07-29 18:32:13,4154,298,2005-08-05 21:07:13,2,902,1,15,Sports,6,4.99,22.99,Erika Pena
3479,2005-07-05 23:08:53,2277,298,2005-07-11 21:42:53,1,492,1,13,New,6,0.99,11.99,Erika Pena
2385,2005-06-18 15:22:40,1641,298,2005-06-26 10:02:40,1,358,1,4,Classics,5,0.99,29.99,Erika Pena
7069,2005-07-27 03:59:35,2073,343,2005-08-05 03:33:35,1,450,1,3,Children,5,2.99,29.99,Douglas Graf
455,2005-05-27 19:43:29,3344,343,2005-06-04 23:40:29,2,735,1,3,Children,7,2.99,26.99,Douglas Graf
1564,2005-06-16 02:47:07,145,343,2005-06-24 03:12:07,1,30,1,11,Horror,4,2.99,27.99,Douglas Graf
5337,2005-07-09 17:03:50,4168,343,2005-07-16 22:25:50,2,906,2,5,Comedy,4,0.99,27.99,Douglas Graf
8088,2005-07-28 18:23:49,2590,343,2005-08-06 23:25:49,2,568,2,5,Comedy,4,4.99,11.99,Douglas Graf
8012,2005-07-28 15:29:00,1513,343,2005-08-05 12:28:00,2,330,2,2,Animation,7,4.99,22.99,Douglas Graf
2461,2005-06-18 19:58:12,78,343,2005-06-28 01:35:12,2,16,1,9,Foreign,6,2.99,23.99,Douglas Graf
1922,2005-06-17 06:04:25,2484,343,2005-06-18 09:15:25,2,545,1,9,Foreign,4,0.99,14.99,Douglas Graf
1879,2005-06-17 02:57:34,3983,343,2005-06-19 00:00:34,1,868,1,16,Travel,5,0.99,27.99,Douglas Graf
102,2005-05-25 17:22:10,373,343,2005-05-31 19:47:10,1,82,1,8,Family,3,0.99,13.99,Douglas Graf
5097,2005-07-09 06:09:51,3252,343,2005-07-10 03:55:51,2,715,2,8,Family,3,4.99,25.99,Douglas Graf
9458,2005-07-30 22:24:34,3105,343,2005-08-04 21:26:34,2,682,1,8,Family,4,4.99,17.99,Douglas Graf
1547,2005-06-16 01:42:24,2909,343,2005-06-19 01:13:24,1,639,2,8,Family,7,4.99,9.99,Douglas Graf
3978,2005-07-06 23:04:33,4341,343,2005-07-10 17:45:33,2,946,2,8,Family,3,4.99,14.99,Douglas Graf
3407,2005-06-21 16:14:02,3919,343,2005-06-24 15:38:02,2,855,2,6,Documentary,7,0.99,28.99,Douglas Graf
2980,2005-06-20 08:35:03,310,343,2005-06-29 07:57:03,2,69,2,14,Sci-Fi,3,2.99,21.99,Douglas Graf
10822,2005-08-01 22:54:28,3895,343,2005-08-02 17:19:28,1,850,2,1,Action,7,0.99,27.99,Douglas Graf
9739,2005-07-31 09:08:03,1328,343,2005-08-04 13:57:03,1,293,2,15,Sports,6,2.99,17.99,Douglas Graf
4472,2005-07-08 00:22:06,2089,343,2005-07-16 20:16:06,1,453,1,15,Sports,3,2.99,17.99,Douglas Graf
34,2005-05-25 04:19:28,2613,597,2005-05-29 00:10:28,2,573,1,3,Children,6,2.99,22.99,Freddie Duggan
5093,2005-07-09 05:59:12,2734,597,2005-07-10 11:45:12,2,600,1,11,Horror,5,0.99,16.99,Freddie Duggan
5348,2005-07-09 17:34:11,3495,597,2005-07-15 18:32:11,2,765,1,5,Comedy,7,4.99,18.99,Freddie Duggan
10986,2005-08-02 04:35:24,555,597,2005-08-09 07:34:24,2,121,1,2,Animation,4,2.99,15.99,Freddie Duggan
2379,2005-06-18 14:59:39,2708,597,2005-06-24 13:26:39,2,595,1,9,Foreign,7,0.99,20.99,Freddie Duggan
7968,2005-07-28 13:57:35,3865,597,2005-08-04 13:40:35,1,845,2,9,Foreign,7,4.99,9.99,Freddie Duggan
5732,2005-07-10 11:36:32,2833,597,2005-07-12 13:09:32,2,621,2,8,Family,5,2.99,23.99,Freddie Duggan
10021,2005-07-31 18:24:39,3235,597,2005-08-01 19:16:39,1,710,1,8,Family,4,4.99,18.99,Freddie Duggan
3201,2005-06-21 00:30:26,6,597,2005-06-28 03:42:26,1,1,2,6,Documentary,6,0.99,20.99,Freddie Duggan
2696,2005-06-19 13:28:42,2110,597,2005-06-28 14:06:42,2,457,2,6,Documentary,5,0.99,21.99,Freddie Duggan
514,2005-05-28 03:09:28,1697,597,2005-06-05 00:49:28,2,369,2,14,Sci-Fi,4,4.99,22.99,Freddie Duggan
10214,2005-08-01 01:04:15,648,597,2005-08-01 19:31:15,2,140,2,14,Sci-Fi,6,0.99,23.99,Freddie Duggan
8948,2005-07-30 03:16:18,948,597,2005-08-04 03:16:18,1,211,1,10,Games,7,4.99,20.99,Freddie Duggan
6508,2005-07-12 03:34:50,1474,597,2005-07-17 02:57:50,2,322,2,15,Sports,5,2.99,29.99,Freddie Duggan
1665,2005-06-16 10:16:02,2613,490,2005-06-23 09:32:02,1,573,1,3,Children,6,2.99,22.99,Sam Mcduffie
5654,2005-07-10 07:24:46,3419,490,2005-07-14 07:39:46,2,749,1,11,Horror,6,4.99,19.99,Sam Mcduffie
4906,2005-07-08 20:59:13,1527,490,2005-07-15 01:12:13,2,334,1,11,Horror,6,4.99,21.99,Sam Mcduffie
676,2005-05-28 22:27:51,2329,490,2005-05-29 20:36:51,2,506,1,11,Horror,4,4.99,14.99,Sam Mcduffie
6888,2005-07-12 21:01:11,1896,490,2005-07-17 21:49:11,2,413,1,5,Comedy,7,2.99,16.99,Sam Mcduffie
6230,2005-07-11 14:02:19,2260,490,2005-07-17 08:11:19,2,489,1,2,Animation,4,0.99,14.99,Sam Mcduffie
10955,2005-08-02 03:32:34,618,490,2005-08-09 21:53:34,2,134,2,2,Animation,4,4.99,21.99,Sam Mcduffie
8552,2005-07-29 11:14:02,1987,490,2005-08-05 14:13:02,2,433,1,2,Animation,4,2.99,23.99,Sam Mcduffie
3932,2005-07-06 21:06:17,4396,490,2005-07-07 19:25:17,2,961,1,9,Foreign,7,4.99,22.99,Sam Mcduffie
3476,2005-07-05 23:02:37,3011,490,2005-07-10 22:17:37,2,661,1,9,Foreign,5,4.99,17.99,Sam Mcduffie
9554,2005-07-31 02:06:49,2581,490,2005-08-01 22:27:49,1,566,1,9,Foreign,6,0.99,20.99,Sam Mcduffie
585,2005-05-28 11:50:45,3544,490,2005-06-03 15:35:45,2,775,1,7,Drama,4,4.99,18.99,Sam Mcduffie
5489,2005-07-10 00:07:03,2319,490,2005-07-15 19:52:03,1,504,1,7,Drama,5,0.99,25.99,Sam Mcduffie
9108,2005-07-30 08:56:36,3977,490,2005-08-04 11:07:36,1,867,1,8,Family,5,4.99,10.99,Sam Mcduffie
4083,2005-07-07 05:13:15,3454,490,2005-07-08 09:11:15,1,757,2,6,Documentary,4,2.99,28.99,Sam Mcduffie
6803,2005-07-12 17:21:49,2676,490,2005-07-14 18:01:49,2,587,1,6,Documentary,6,4.99,20.99,Sam Mcduffie
6923,2005-07-12 22:40:48,2642,490,2005-07-19 23:07:48,2,579,2,1,Action,3,4.99,22.99,Sam Mcduffie
5173,2005-07-09 09:31:44,2848,490,2005-07-15 04:20:44,2,624,2,10,Games,3,4.99,25.99,Sam Mcduffie
10786,2005-08-01 21:29:34,50,490,2005-08-10 17:27:34,1,10,2,15,Sports,6,4.99,24.99,Sam Mcduffie
6117,2005-07-11 07:39:38,2613,135,2005-07-18 12:07:38,2,573,1,3,Children,6,2.99,22.99,Juanita Mason
1671,2005-06-16 10:30:22,3805,135,2005-06-22 11:08:22,2,833,2,3,Children,5,0.99,20.99,Juanita Mason
10091,2005-07-31 20:23:13,1878,135,2005-08-02 21:58:13,2,409,2,3,Children,3,4.99,9.99,Juanita Mason
7554,2005-07-27 22:12:41,1805,135,2005-08-04 01:34:41,2,392,1,3,Children,5,4.99,13.99,Juanita Mason
4102,2005-07-07 06:25:19,3998,135,2005-07-11 00:50:19,2,870,2,11,Horror,4,0.99,12.99,Juanita Mason
5054,2005-07-09 04:01:02,4001,135,2005-07-18 05:16:02,2,871,2,5,Comedy,6,4.99,19.99,Juanita Mason
78,2005-05-25 11:35:18,4067,135,2005-05-31 12:48:18,2,887,1,2,Animation,5,4.99,28.99,Juanita Mason
8987,2005-07-30 04:37:36,1434,135,2005-08-08 10:14:36,2,314,1,2,Animation,3,0.99,13.99,Juanita Mason
8315,2005-07-29 03:37:07,1420,135,2005-07-29 23:22:07,2,311,1,9,Foreign,4,0.99,14.99,Juanita Mason
7297,2005-07-27 12:39:48,1855,135,2005-07-29 17:50:48,2,403,2,7,Drama,5,4.99,18.99,Juanita Mason
10698,2005-08-01 18:24:41,2738,135,2005-08-08 18:59:41,2,601,1,16,Travel,4,0.99,20.99,Juanita Mason
6461,2005-07-12 01:14:03,1799,135,2005-07-19 21:12:03,1,391,1,8,Family,6,2.99,25.99,Juanita Mason
5541,2005-07-10 02:44:27,1211,135,2005-07-13 04:13:27,2,269,2,8,Family,3,0.99,22.99,Juanita Mason
10611,2005-08-01 14:53:52,957,135,2005-08-07 09:15:52,2,213,1,8,Family,4,0.99,19.99,Juanita Mason
6817,2005-07-12 18:19:57,184,135,2005-07-19 22:53:57,1,40,2,6,Documentary,4,0.99,22.99,Juanita Mason
1272,2005-06-15 07:42:58,3128,135,2005-06-18 12:00:58,1,687,2,6,Documentary,6,0.99,15.99,Juanita Mason
10471,2005-08-01 09:52:37,1684,135,2005-08-07 09:40:37,2,367,1,14,Sci-Fi,6,0.99,20.99,Juanita Mason
2941,2005-06-20 05:22:18,3632,135,2005-06-26 07:40:18,2,793,1,1,Action,6,2.99,14.99,Juanita Mason
7437,2005-07-27 17:39:18,2617,135,2005-07-28 18:33:18,2,574,1,1,Action,3,0.99,19.99,Juanita Mason
8885,2005-07-30 00:36:26,2984,135,2005-08-06 03:05:26,1,654,2,10,Games,4,4.99,19.99,Juanita Mason
7734,2005-07-28 05:08:44,2726,135,2005-07-30 09:42:44,2,598,1,15,Sports,6,0.99,22.99,Juanita Mason
753,2005-05-29 10:16:42,1021,135,2005-06-05 08:52:42,2,228,2,4,Classics,4,0.99,16.99,Juanita Mason
4485,2005-07-08 01:07:54,2614,130,2005-07-16 03:19:54,2,573,1,3,Children,6,2.99,22.99,Charlotte Hunter
10568,2005-08-01 13:17:28,3009,130,2005-08-08 17:04:28,1,660,2,5,Comedy,7,2.99,11.99,Charlotte Hunter
9637,2005-07-31 05:18:54,3013,130,2005-08-03 01:23:54,2,661,1,9,Foreign,5,4.99,17.99,Charlotte Hunter
10645,2005-08-01 15:52:01,3864,130,2005-08-09 18:58:01,1,845,2,9,Foreign,7,4.99,9.99,Charlotte Hunter
4339,2005-07-07 18:41:42,3215,130,2005-07-08 13:00:42,1,706,2,7,Drama,5,4.99,22.99,Charlotte Hunter
1630,2005-06-16 07:55:01,2413,130,2005-06-19 06:38:01,1,526,2,16,Travel,7,2.99,10.99,Charlotte Hunter
2163,2005-06-17 23:46:16,2600,130,2005-06-22 22:48:16,2,571,2,6,Documentary,6,2.99,26.99,Charlotte Hunter
9724,2005-07-31 08:33:08,518,130,2005-08-08 04:50:08,1,114,2,14,Sci-Fi,3,0.99,26.99,Charlotte Hunter
1864,2005-06-17 01:39:47,1815,130,2005-06-24 19:39:47,2,394,1,14,Sci-Fi,7,2.99,21.99,Charlotte Hunter
746,2005-05-29 09:25:10,4272,130,2005-06-02 04:20:10,2,930,1,14,Sci-Fi,4,2.99,23.99,Charlotte Hunter
6353,2005-07-11 20:48:56,699,130,2005-07-21 00:11:56,1,153,1,14,Sci-Fi,7,0.99,18.99,Charlotte Hunter
9452,2005-07-30 22:19:16,3178,130,2005-08-04 19:26:16,1,697,2,1,Action,7,0.99,16.99,Charlotte Hunter
2982,2005-06-20 08:38:29,2574,130,2005-06-28 13:21:29,1,563,2,10,Games,6,4.99,16.99,Charlotte Hunter
2535,2005-06-19 01:39:04,901,130,2005-06-28 01:33:04,2,200,2,10,Games,7,0.99,27.99,Charlotte Hunter
7728,2005-07-28 04:56:33,492,130,2005-07-31 07:54:33,1,109,2,13,New,3,0.99,17.99,Charlotte Hunter
7181,2005-07-27 08:14:34,2788,130,2005-07-28 03:09:34,1,611,2,4,Classics,7,4.99,17.99,Charlotte Hunter
2292,2005-06-18 07:37:48,173,130,2005-06-20 02:45:48,2,37,2,4,Classics,3,2.99,28.99,Charlotte Hunter
10406,2005-08-01 07:37:05,2614,391,2005-08-02 06:11:05,1,573,1,3,Children,6,2.99,22.99,Clarence Gamez
2045,2005-06-17 14:38:11,561,391,2005-06-26 13:44:11,2,122,1,11,Horror,7,0.99,11.99,Clarence Gamez
870,2005-05-30 04:25:47,2903,391,2005-06-06 04:32:47,1,638,1,5,Comedy,7,2.99,23.99,Clarence Gamez
6463,2005-07-12 01:16:11,2930,391,2005-07-13 01:37:11,1,644,1,2,Animation,7,2.99,29.99,Clarence Gamez
317,2005-05-26 23:23:56,26,391,2005-06-01 19:56:56,2,6,1,9,Foreign,3,2.99,17.99,Clarence Gamez
4716,2005-07-08 12:18:51,1923,391,2005-07-11 11:06:51,2,418,1,7,Drama,5,0.99,27.99,Clarence Gamez
9225,2005-07-30 13:29:47,1992,391,2005-08-02 17:08:47,2,434,1,16,Travel,3,0.99,25.99,Clarence Gamez
210,2005-05-26 08:14:15,1801,391,2005-05-27 12:12:15,2,391,2,8,Family,6,2.99,25.99,Clarence Gamez
1931,2005-06-17 06:51:56,1411,391,2005-06-22 08:27:56,1,309,1,8,Family,6,0.99,29.99,Clarence Gamez
5599,2005-07-10 04:52:04,3054,391,2005-07-13 05:19:04,1,670,2,6,Documentary,4,4.99,17.99,Clarence Gamez
5583,2005-07-10 04:08:48,1242,391,2005-07-19 07:59:48,1,274,2,6,Documentary,4,2.99,20.99,Clarence Gamez
73,2005-05-25 11:00:07,517,391,2005-06-01 13:56:07,2,114,2,14,Sci-Fi,3,0.99,26.99,Clarence Gamez
8016,2005-07-28 15:35:41,516,391,2005-07-30 20:06:41,2,114,2,14,Sci-Fi,3,0.99,26.99,Clarence Gamez
891,2005-05-30 07:43:12,2611,391,2005-06-08 09:21:12,1,572,2,14,Sci-Fi,4,2.99,9.99,Clarence Gamez
1232,2005-06-15 04:18:10,2743,391,2005-06-17 06:02:10,2,602,1,14,Sci-Fi,5,0.99,14.99,Clarence Gamez
4188,2005-07-07 10:45:29,3243,391,2005-07-16 09:39:29,1,714,2,14,Sci-Fi,6,2.99,29.99,Clarence Gamez
8908,2005-07-30 01:26:05,4498,391,2005-07-31 20:39:05,1,982,1,1,Action,4,0.99,23.99,Clarence Gamez
2690,2005-06-19 13:00:02,1381,391,2005-06-27 14:29:02,1,303,1,1,Action,6,0.99,27.99,Clarence Gamez
6302,2005-07-11 17:55:38,3221,391,2005-07-17 22:11:38,1,707,2,1,Action,5,2.99,29.99,Clarence Gamez
3163,2005-06-20 21:22:13,2632,391,2005-06-26 15:22:13,2,577,1,15,Sports,4,0.99,10.99,Clarence Gamez
10210,2005-08-01 00:58:52,49,391,2005-08-10 01:16:52,1,10,1,15,Sports,6,4.99,24.99,Clarence Gamez
8913,2005-07-30 01:35:01,429,391,2005-08-06 06:13:01,1,95,1,13,New,5,4.99,18.99,Clarence Gamez
4753,2005-07-08 14:18:41,1642,391,2005-07-09 10:00:41,2,358,1,4,Classics,5,0.99,29.99,Clarence Gamez
6486,2005-07-12 02:09:36,4008,75,2005-07-14 03:04:36,2,873,1,3,Children,3,0.99,13.99,Tammy Sanders
8202,2005-07-28 23:11:45,3802,75,2005-08-03 21:57:45,2,833,1,3,Children,5,0.99,20.99,Tammy Sanders
9442,2005-07-30 21:44:31,44,75,2005-08-04 01:29:31,1,9,2,11,Horror,3,2.99,21.99,Tammy Sanders
9168,2005-07-30 11:31:17,2035,75,2005-08-08 16:56:17,2,443,2,5,Comedy,6,2.99,11.99,Tammy Sanders
10653,2005-08-01 16:28:07,1190,75,2005-08-07 21:22:07,2,265,1,5,Comedy,5,4.99,28.99,Tammy Sanders
5260,2005-07-09 14:05:45,3143,75,2005-07-14 08:41:45,2,690,1,2,Animation,7,2.99,25.99,Tammy Sanders
6092,2005-07-11 05:51:31,2129,75,2005-07-17 03:42:31,1,461,1,2,Animation,3,0.99,14.99,Tammy Sanders
4179,2005-07-07 10:17:15,559,75,2005-07-10 05:12:15,2,121,2,2,Animation,4,2.99,15.99,Tammy Sanders
9501,2005-07-30 23:59:21,4398,75,2005-08-05 19:50:21,2,961,2,9,Foreign,7,4.99,22.99,Tammy Sanders
3711,2005-07-06 10:46:15,1914,75,2005-07-07 09:25:15,2,416,2,9,Foreign,6,0.99,10.99,Tammy Sanders
3210,2005-06-21 01:00:25,467,75,2005-06-23 06:10:25,2,103,1,16,Travel,7,4.99,27.99,Tammy Sanders
180,2005-05-26 04:46:23,2752,75,2005-06-01 09:58:23,1,603,2,8,Family,6,4.99,27.99,Tammy Sanders
7454,2005-07-27 18:27:26,3248,75,2005-07-30 23:50:26,1,715,1,8,Family,3,4.99,25.99,Tammy Sanders
1920,2005-06-17 06:00:23,2199,75,2005-06-24 04:49:23,1,476,1,8,Family,5,2.99,9.99,Tammy Sanders
7052,2005-07-27 03:36:38,3798,75,2005-08-03 21:51:38,1,832,1,8,Family,5,0.99,16.99,Tammy Sanders
9783,2005-07-31 10:15:46,836,75,2005-08-09 13:22:46,2,183,1,8,Family,4,4.99,14.99,Tammy Sanders
10726,2005-08-01 19:14:53,749,75,2005-08-08 23:56:53,2,164,1,6,Documentary,4,0.99,20.99,Tammy Sanders
3062,2005-06-20 13:50:00,591,75,2005-06-27 08:18:00,1,129,2,6,Documentary,3,2.99,16.99,Tammy Sanders
7843,2005-07-28 09:10:22,3962,75,2005-08-01 11:27:22,2,863,2,14,Sci-Fi,5,0.99,9.99,Tammy Sanders
268,2005-05-26 16:19:08,1714,75,2005-05-27 14:35:08,1,374,1,14,Sci-Fi,3,0.99,29.99,Tammy Sanders
8823,2005-07-29 22:22:12,951,75,2005-08-07 21:03:12,1,212,1,1,Action,7,4.99,14.99,Tammy Sanders
10871,2005-08-02 00:27:24,104,75,2005-08-05 06:25:24,1,21,2,1,Action,3,4.99,17.99,Tammy Sanders
6052,2005-07-11 03:51:27,881,75,2005-07-16 02:55:27,2,194,1,1,Action,6,0.99,22.99,Tammy Sanders
6530,2005-07-12 04:33:19,3410,75,2005-07-15 08:26:19,1,747,2,10,Games,5,0.99,9.99,Tammy Sanders
2161,2005-06-17 23:39:50,3149,75,2005-06-26 23:28:50,2,691,2,15,Sports,6,4.99,29.99,Tammy Sanders
2738,2005-06-19 15:56:30,350,75,2005-06-20 16:14:30,2,77,2,13,New,5,4.99,15.99,Tammy Sanders
7897,2005-07-28 11:01:51,1396,75,2005-07-31 13:13:51,1,305,2,13,New,6,2.99,24.99,Tammy Sanders
6852,2005-07-12 19:33:49,2182,75,2005-07-13 20:01:49,2,471,2,4,Classics,7,2.99,23.99,Tammy Sanders
4511,2005-07-08 02:36:21,4438,75,2005-07-15 06:01:21,1,970,2,4,Classics,7,0.99,11.99,Tammy Sanders
4639,2005-07-08 08:57:21,2459,75,2005-07-14 11:22:21,2,537,2,4,Classics,3,2.99,29.99,Tammy Sanders
410,2005-05-27 14:11:22,4010,506,2005-06-02 20:06:22,2,873,1,3,Children,3,0.99,13.99,Leslie Seward
4806,2005-07-08 17:01:02,214,506,2005-07-15 21:41:02,1,48,2,3,Children,3,4.99,24.99,Leslie Seward
7020,2005-07-27 02:24:27,3965,506,2005-07-29 01:27:27,2,864,1,3,Children,5,0.99,21.99,Leslie Seward
5985,2005-07-11 00:51:58,1108,506,2005-07-14 22:02:58,2,245,2,2,Animation,4,0.99,28.99,Leslie Seward
1042,2005-05-31 05:53:00,3155,506,2005-06-01 05:24:00,1,693,1,2,Animation,5,2.99,16.99,Leslie Seward
1446,2005-06-15 19:13:45,1989,506,2005-06-23 19:43:45,2,433,2,2,Animation,4,2.99,23.99,Leslie Seward
8096,2005-07-28 18:32:46,502,506,2005-08-06 15:00:46,1,112,1,9,Foreign,4,4.99,22.99,Leslie Seward
4594,2005-07-08 06:40:06,26,506,2005-07-16 05:51:06,2,6,1,9,Foreign,3,2.99,17.99,Leslie Seward
9654,2005-07-31 05:57:42,3286,506,2005-08-06 04:19:42,1,724,1,8,Family,5,2.99,15.99,Leslie Seward
9972,2005-07-31 16:42:43,190,506,2005-08-02 11:05:43,2,43,1,8,Family,6,2.99,15.99,Leslie Seward
10477,2005-08-01 10:04:17,235,506,2005-08-06 11:32:17,2,53,1,8,Family,5,2.99,25.99,Leslie Seward
387,2005-05-27 10:35:27,2684,506,2005-06-01 13:37:27,2,589,2,6,Documentary,3,0.99,20.99,Leslie Seward
1467,2005-06-15 20:47:10,688,506,2005-06-22 00:30:10,1,150,2,6,Documentary,7,2.99,9.99,Leslie Seward
8506,2005-07-29 09:23:52,3714,506,2005-07-31 04:42:52,1,812,2,6,Documentary,7,0.99,13.99,Leslie Seward
114,2005-05-25 19:12:42,4502,506,2005-06-01 23:10:42,1,982,2,1,Action,4,0.99,23.99,Leslie Seward
2755,2005-06-19 16:56:31,946,506,2005-06-27 12:02:31,2,210,2,1,Action,3,4.99,13.99,Leslie Seward
6783,2005-07-12 16:27:56,3633,506,2005-07-13 12:11:56,2,793,1,1,Action,6,2.99,14.99,Leslie Seward
4640,2005-07-08 08:59:34,1147,506,2005-07-15 03:31:34,1,253,2,1,Action,5,4.99,18.99,Leslie Seward
1565,2005-06-16 03:13:09,3833,506,2005-06-16 22:42:09,2,840,1,10,Games,5,0.99,26.99,Leslie Seward
2824,2005-06-19 20:31:45,2878,506,2005-06-29 00:40:45,2,631,1,15,Sports,4,0.99,11.99,Leslie Seward
1153,2005-05-31 21:36:44,2725,506,2005-06-10 01:26:44,2,598,1,15,Sports,6,0.99,22.99,Leslie Seward
907,2005-05-30 10:37:27,3320,506,2005-06-02 09:51:27,1,730,2,13,New,3,0.99,28.99,Leslie Seward
547,2005-05-28 07:24:28,2065,506,2005-06-06 01:31:28,2,448,1,13,New,3,2.99,25.99,Leslie Seward
10873,2005-08-02 00:30:34,169,506,2005-08-07 00:16:34,2,37,1,4,Classics,3,2.99,28.99,Leslie Seward
8466,2005-07-29 08:24:47,4010,285,2005-07-31 03:43:47,1,873,1,3,Children,3,0.99,13.99,Miriam Mckinney
6010,2005-07-11 01:52:28,771,285,2005-07-13 03:13:28,1,168,1,3,Children,5,0.99,23.99,Miriam Mckinney
2249,2005-06-18 05:03:08,117,285,2005-06-26 05:43:08,2,23,1,2,Animation,3,0.99,9.99,Miriam Mckinney
5112,2005-07-09 07:04:04,3529,285,2005-07-13 08:42:04,1,772,2,7,Drama,4,2.99,24.99,Miriam Mckinney
5683,2005-07-10 08:52:13,4433,285,2005-07-19 10:25:13,1,969,1,7,Drama,4,4.99,29.99,Miriam Mckinney
10493,2005-08-01 10:43:12,2375,285,2005-08-07 08:13:12,2,518,2,16,Travel,5,4.99,15.99,Miriam Mckinney
10628,2005-08-01 15:33:19,427,285,2005-08-05 17:27:19,1,94,1,8,Family,7,2.99,14.99,Miriam Mckinney
6094,2005-07-11 05:54:42,2684,285,2005-07-18 08:19:42,2,589,2,6,Documentary,3,0.99,20.99,Miriam Mckinney
6083,2005-07-11 05:12:49,3183,285,2005-07-15 00:46:49,2,698,1,6,Documentary,3,2.99,29.99,Miriam Mckinney
1302,2005-06-15 09:48:37,324,285,2005-06-22 06:18:37,1,72,2,6,Documentary,6,2.99,12.99,Miriam Mckinney
6333,2005-07-11 19:20:16,2610,285,2005-07-17 15:33:16,1,572,2,14,Sci-Fi,4,2.99,9.99,Miriam Mckinney
4007,2005-07-07 00:26:05,2071,285,2005-07-15 19:53:05,1,449,2,14,Sci-Fi,4,2.99,12.99,Miriam Mckinney
1161,2005-06-14 23:07:08,1690,285,2005-06-21 17:12:08,1,369,1,14,Sci-Fi,4,4.99,22.99,Miriam Mckinney
7211,2005-07-27 09:20:00,4445,285,2005-08-02 14:53:00,1,972,1,14,Sci-Fi,4,4.99,24.99,Miriam Mckinney
6644,2005-07-12 10:39:39,2667,285,2005-07-14 11:50:39,1,586,1,1,Action,4,0.99,27.99,Miriam Mckinney
7745,2005-07-28 05:46:28,1014,285,2005-08-06 07:44:28,2,227,2,10,Games,4,4.99,17.99,Miriam Mckinney
7452,2005-07-27 18:26:39,3482,285,2005-08-04 17:35:39,2,763,2,15,Sports,3,4.99,26.99,Miriam Mckinney
8154,2005-07-28 20:56:18,1180,285,2005-08-01 21:56:18,2,263,1,15,Sports,6,4.99,14.99,Miriam Mckinney
10641,2005-08-01 15:44:57,972,285,2005-08-04 18:15:57,2,216,2,13,New,3,4.99,16.99,Miriam Mckinney
1337,2005-06-15 12:12:42,4014,465,2005-06-20 12:38:42,2,873,2,3,Children,3,0.99,13.99,Floyd Gandy
640,2005-05-28 18:43:26,495,465,2005-05-30 13:39:26,1,110,1,3,Children,4,0.99,25.99,Floyd Gandy
6904,2005-07-12 22:02:09,2312,465,2005-07-17 16:42:09,1,502,1,5,Comedy,4,2.99,21.99,Floyd Gandy
2159,2005-06-17 23:37:29,3095,465,2005-06-25 00:18:29,2,680,2,5,Comedy,4,4.99,21.99,Floyd Gandy
10542,2005-08-01 12:32:23,1102,465,2005-08-08 16:26:23,1,245,1,2,Animation,4,0.99,28.99,Floyd Gandy
2524,2005-06-19 00:48:11,441,465,2005-06-25 01:46:11,2,97,2,1,Action,7,0.99,24.99,Floyd Gandy
4763,2005-07-08 14:57:32,899,465,2005-07-15 10:00:32,2,200,1,10,Games,7,0.99,27.99,Floyd Gandy
7508,2005-07-27 20:33:08,3401,465,2005-08-01 01:29:08,1,746,1,10,Games,3,0.99,10.99,Floyd Gandy
2079,2005-06-17 16:49:45,3853,465,2005-06-18 18:10:45,1,843,2,4,Classics,4,4.99,15.99,Floyd Gandy
5811,2005-07-10 15:27:04,4007,441,2005-07-12 17:20:04,1,873,1,3,Children,3,0.99,13.99,Mario Cheatham
8427,2005-07-29 07:08:36,1624,441,2005-07-30 11:54:36,2,354,2,3,Children,6,4.99,18.99,Mario Cheatham
1602,2005-06-16 06:12:40,1777,441,2005-06-19 03:50:40,2,385,2,5,Comedy,6,4.99,26.99,Mario Cheatham
9644,2005-07-31 05:40:35,4577,441,2005-08-09 08:18:35,1,1000,1,5,Comedy,3,4.99,18.99,Mario Cheatham
4084,2005-07-07 05:16:00,2588,441,2005-07-15 09:23:00,1,568,1,5,Comedy,4,4.99,11.99,Mario Cheatham
5129,2005-07-09 07:28:33,4516,441,2005-07-14 05:12:33,2,986,1,2,Animation,6,2.99,24.99,Mario Cheatham
4208,2005-07-07 11:34:22,3617,441,2005-07-09 08:25:22,1,790,1,7,Drama,6,0.99,22.99,Mario Cheatham
823,2005-05-29 21:39:37,3249,441,2005-05-30 22:06:37,1,715,1,8,Family,3,4.99,25.99,Mario Cheatham
8617,2005-07-29 13:46:14,385,441,2005-08-06 13:26:14,2,85,2,6,Documentary,4,0.99,29.99,Mario Cheatham
8237,2005-07-29 00:29:56,608,441,2005-08-06 03:10:56,1,132,1,14,Sci-Fi,6,0.99,25.99,Mario Cheatham
9854,2005-07-31 12:59:34,1049,441,2005-08-03 07:20:34,2,234,1,14,Sci-Fi,6,2.99,27.99,Mario Cheatham
3695,2005-07-06 10:02:08,2823,441,2005-07-09 15:43:08,1,620,1,14,Sci-Fi,5,2.99,23.99,Mario Cheatham
2328,2005-06-18 10:17:21,2304,441,2005-06-21 04:18:21,1,501,1,1,Action,3,4.99,9.99,Mario Cheatham
8281,2005-07-29 01:46:00,899,441,2005-08-04 23:09:00,1,200,1,10,Games,7,0.99,27.99,Mario Cheatham
3629,2005-07-06 06:23:22,4019,441,2005-07-08 09:32:22,2,875,2,15,Sports,6,0.99,9.99,Mario Cheatham
10846,2005-08-01 23:47:54,2277,441,2005-08-08 01:10:54,1,492,1,13,New,6,0.99,11.99,Mario Cheatham
6642,2005-07-12 10:37:52,201,441,2005-07-13 15:13:52,1,45,1,13,New,5,4.99,14.99,Mario Cheatham
10139,2005-07-31 22:02:20,407,441,2005-08-04 02:09:20,1,90,1,13,New,3,0.99,11.99,Mario Cheatham
8575,2005-07-29 11:52:47,1668,441,2005-08-03 08:14:47,2,364,1,13,New,3,2.99,14.99,Mario Cheatham
6636,2005-07-12 09:49:46,3270,441,2005-07-14 12:15:46,1,720,2,13,New,3,2.99,20.99,Mario Cheatham
6941,2005-07-26 23:18:49,1575,441,2005-07-31 00:23:49,2,346,1,4,Classics,4,4.99,13.99,Mario Cheatham
70,2005-05-25 10:15:23,2168,73,2005-05-27 05:56:23,2,468,1,3,Children,5,2.99,12.99,Beverly Brooks
6645,2005-07-12 10:39:55,2858,73,2005-07-17 07:41:55,1,626,2,3,Children,5,2.99,12.99,Beverly Brooks
5021,2005-07-09 02:09:41,3445,73,2005-07-13 05:47:41,1,755,2,3,Children,5,4.99,11.99,Beverly Brooks
4789,2005-07-08 16:22:01,20,73,2005-07-15 18:29:01,2,4,2,11,Horror,5,2.99,26.99,Beverly Brooks
1133,2005-05-31 19:12:21,4271,73,2005-06-02 20:12:21,1,929,1,9,Foreign,5,4.99,21.99,Beverly Brooks
1669,2005-06-16 10:20:20,360,73,2005-06-18 04:26:20,1,79,1,7,Drama,5,0.99,10.99,Beverly Brooks
6514,2005-07-12 03:47:44,3562,73,2005-07-20 00:11:44,1,778,1,8,Family,3,4.99,24.99,Beverly Brooks
2940,2005-06-20 05:20:01,2504,73,2005-06-28 06:11:01,2,550,1,8,Family,6,2.99,22.99,Beverly Brooks
9212,2005-07-30 13:03:13,2111,73,2005-08-06 09:48:13,1,457,2,6,Documentary,5,0.99,21.99,Beverly Brooks
10434,2005-08-01 08:47:00,4073,73,2005-08-06 08:34:00,1,888,1,6,Documentary,5,4.99,9.99,Beverly Brooks
7683,2005-07-28 03:11:29,1760,73,2005-08-04 00:14:29,1,382,1,10,Games,3,0.99,21.99,Beverly Brooks
4327,2005-07-07 18:01:39,860,73,2005-07-12 22:40:39,1,189,2,10,Games,3,0.99,23.99,Beverly Brooks
7590,2005-07-27 23:24:24,2152,73,2005-07-28 19:53:24,2,465,1,13,New,4,4.99,17.99,Beverly Brooks
9776,2005-07-31 10:01:03,2524,73,2005-08-03 07:20:03,2,554,2,4,Classics,6,2.99,22.99,Beverly Brooks
8377,2005-07-29 05:27:40,270,73,2005-07-30 02:52:40,2,60,1,4,Classics,3,4.99,22.99,Beverly Brooks
2851,2005-06-19 23:07:03,2168,361,2005-06-22 17:26:03,1,468,1,3,Children,5,2.99,12.99,Lawrence Lawton
3303,2005-06-21 07:34:14,1565,361,2005-06-26 13:18:14,2,344,1,3,Children,3,0.99,28.99,Lawrence Lawton
6914,2005-07-12 22:26:56,496,361,2005-07-17 20:03:56,1,110,1,3,Children,4,0.99,25.99,Lawrence Lawton
368,2005-05-27 07:42:29,1247,361,2005-06-04 11:20:29,2,275,2,11,Horror,3,0.99,11.99,Lawrence Lawton
7712,2005-07-28 04:29:53,3256,361,2005-08-02 00:57:53,2,716,2,11,Horror,6,2.99,26.99,Lawrence Lawton
6152,2005-07-11 09:25:52,560,361,2005-07-17 07:40:52,2,122,1,11,Horror,7,0.99,11.99,Lawrence Lawton
10151,2005-07-31 22:22:37,4442,361,2005-08-01 22:20:37,1,971,1,9,Foreign,4,4.99,11.99,Lawrence Lawton
8189,2005-07-28 22:36:26,3515,361,2005-08-04 00:12:26,2,770,2,9,Foreign,5,2.99,13.99,Lawrence Lawton
7538,2005-07-27 21:38:04,2486,361,2005-08-02 03:14:04,1,545,1,9,Foreign,4,0.99,14.99,Lawrence Lawton
2558,2005-06-19 03:09:16,2920,361,2005-06-24 05:29:16,1,641,2,9,Foreign,4,0.99,21.99,Lawrence Lawton
5154,2005-07-09 08:46:18,3785,361,2005-07-14 03:19:18,1,829,1,8,Family,7,2.99,12.99,Lawrence Lawton
10145,2005-07-31 22:15:13,2511,361,2005-08-06 23:26:13,1,552,2,6,Documentary,5,0.99,15.99,Lawrence Lawton
2353,2005-06-18 12:53:25,3223,361,2005-06-19 13:53:25,1,708,1,6,Documentary,4,4.99,19.99,Lawrence Lawton
1120,2005-05-31 16:37:14,2897,361,2005-06-04 12:53:14,1,637,1,14,Sci-Fi,7,4.99,16.99,Lawrence Lawton
6829,2005-07-12 18:38:59,4184,361,2005-07-16 23:25:59,1,911,1,1,Action,7,4.99,14.99,Lawrence Lawton
10975,2005-08-02 04:11:25,2616,361,2005-08-04 04:39:25,2,574,1,1,Action,3,0.99,19.99,Lawrence Lawton
6911,2005-07-12 22:14:34,901,361,2005-07-18 20:17:34,1,200,2,10,Games,7,0.99,27.99,Lawrence Lawton
10414,2005-08-01 08:03:55,1271,361,2005-08-04 08:44:55,2,281,2,10,Games,6,0.99,9.99,Lawrence Lawton
11031,2005-08-02 05:52:58,1205,361,2005-08-07 07:14:58,2,267,2,13,New,4,4.99,14.99,Lawrence Lawton
4925,2005-07-08 21:56:00,2169,68,2005-07-14 17:17:00,2,468,2,3,Children,5,2.99,12.99,Nicole Peterson
2662,2005-06-19 10:53:42,3936,68,2005-06-20 11:41:42,1,858,2,5,Comedy,5,4.99,21.99,Nicole Peterson
9339,2005-07-30 18:03:28,3171,68,2005-08-08 19:45:28,2,696,2,2,Animation,6,0.99,20.99,Nicole Peterson
3864,2005-07-06 17:41:42,2811,68,2005-07-08 14:17:42,1,617,1,8,Family,4,0.99,24.99,Nicole Peterson
1828,2005-06-16 22:04:34,316,68,2005-06-20 21:07:34,2,71,2,8,Family,3,4.99,25.99,Nicole Peterson
9642,2005-07-31 05:33:57,3550,68,2005-08-05 04:54:57,1,776,2,6,Documentary,6,4.99,11.99,Nicole Peterson
3801,2005-07-06 15:05:50,4209,68,2005-07-12 12:56:50,1,915,1,1,Action,7,4.99,9.99,Nicole Peterson
6512,2005-07-12 03:42:49,1703,68,2005-07-13 05:01:49,2,371,1,1,Action,5,4.99,17.99,Nicole Peterson
4555,2005-07-08 04:48:36,1757,68,2005-07-17 07:57:36,1,382,1,10,Games,3,0.99,21.99,Nicole Peterson
9538,2005-07-31 01:25:22,3402,68,2005-08-06 00:10:22,2,746,1,10,Games,3,0.99,10.99,Nicole Peterson
10115,2005-07-31 21:13:47,2731,68,2005-08-10 00:44:47,1,599,1,15,Sports,3,0.99,20.99,Nicole Peterson
3598,2005-07-06 05:11:04,1317,68,2005-07-09 02:03:04,2,291,1,15,Sports,5,0.99,10.99,Nicole Peterson
2633,2005-06-19 08:53:10,3462,68,2005-06-20 07:56:10,1,759,2,13,New,4,2.99,29.99,Nicole Peterson
2686,2005-06-19 12:44:20,2686,68,2005-06-20 16:00:20,1,590,1,13,New,3,2.99,17.99,Nicole Peterson
1957,2005-06-17 08:50:58,2496,68,2005-06-26 13:39:58,2,548,1,4,Classics,3,2.99,27.99,Nicole Peterson
3523,2005-07-06 01:01:38,2171,549,2005-07-10 20:24:38,2,468,2,3,Children,5,2.99,12.99,Nelson Christenson
852,2005-05-30 01:36:57,1622,549,2005-06-01 22:44:57,1,354,1,3,Children,6,4.99,18.99,Nelson Christenson
6,2005-05-24 23:08:07,2792,549,2005-05-27 01:32:07,1,613,1,5,Comedy,5,0.99,19.99,Nelson Christenson
9445,2005-07-30 21:50:42,1480,549,2005-08-05 18:34:42,2,324,1,5,Comedy,3,4.99,11.99,Nelson Christenson
4447,2005-07-07 23:15:28,404,549,2005-07-14 22:53:28,2,89,2,2,Animation,7,0.99,22.99,Nelson Christenson
3892,2005-07-06 18:58:58,778,549,2005-07-10 19:29:58,1,170,1,9,Foreign,5,4.99,28.99,Nelson Christenson
7252,2005-07-27 10:45:28,3107,549,2005-08-04 06:24:28,2,683,1,7,Drama,5,4.99,19.99,Nelson Christenson
10281,2005-08-01 03:28:33,1047,549,2005-08-02 05:06:33,1,233,2,16,Travel,3,0.99,17.99,Nelson Christenson
2050,2005-06-17 15:07:30,1963,549,2005-06-18 14:43:30,1,428,1,8,Family,6,2.99,21.99,Nelson Christenson
1086,2005-05-31 11:17:37,2909,549,2005-06-06 13:58:37,2,639,2,8,Family,7,4.99,9.99,Nelson Christenson
9887,2005-07-31 14:00:32,436,549,2005-08-05 19:16:32,1,97,1,1,Action,7,0.99,24.99,Nelson Christenson
906,2005-05-30 10:30:38,1862,549,2005-06-07 06:44:38,2,406,2,10,Games,5,0.99,22.99,Nelson Christenson
9511,2005-07-31 00:25:05,964,549,2005-08-09 02:46:05,1,215,1,10,Games,4,4.99,27.99,Nelson Christenson
8239,2005-07-29 00:31:39,3951,549,2005-07-29 19:33:39,1,862,1,4,Classics,5,0.99,25.99,Nelson Christenson
8316,2005-07-29 03:38:49,4118,549,2005-08-03 07:41:49,1,895,2,4,Classics,3,2.99,21.99,Nelson Christenson
5193,2005-07-09 10:28:18,2166,485,2005-07-12 12:18:18,1,468,1,3,Children,5,2.99,12.99,Clyde Tobias
4667,2005-07-08 10:06:26,3348,485,2005-07-14 04:48:26,1,735,2,3,Children,7,2.99,26.99,Clyde Tobias
3904,2005-07-06 19:30:57,3600,485,2005-07-11 18:47:57,2,786,2,3,Children,7,0.99,14.99,Clyde Tobias
5367,2005-07-09 18:39:15,1446,485,2005-07-16 14:19:15,2,317,1,5,Comedy,4,0.99,25.99,Clyde Tobias
6902,2005-07-12 21:57:16,314,485,2005-07-14 20:56:16,1,70,2,2,Animation,7,4.99,26.99,Clyde Tobias
5820,2005-07-10 16:04:59,1511,485,2005-07-16 12:10:59,1,330,2,2,Animation,7,4.99,22.99,Clyde Tobias
5343,2005-07-09 17:23:43,92,485,2005-07-18 22:14:43,1,18,2,2,Animation,6,0.99,27.99,Clyde Tobias
6810,2005-07-12 17:54:19,2802,485,2005-07-20 16:58:19,2,615,2,2,Animation,6,2.99,21.99,Clyde Tobias
7144,2005-07-27 07:00:37,4506,485,2005-08-01 06:57:37,1,984,1,9,Foreign,3,2.99,20.99,Clyde Tobias
8984,2005-07-30 04:31:50,2126,485,2005-08-04 03:24:50,1,460,2,9,Foreign,3,4.99,26.99,Clyde Tobias
1721,2005-06-16 15:01:36,3521,485,2005-06-23 10:48:36,1,771,2,7,Drama,3,4.99,23.99,Clyde Tobias
9565,2005-07-31 02:32:00,3621,485,2005-08-04 05:45:00,1,790,2,7,Drama,6,0.99,22.99,Clyde Tobias
3579,2005-07-06 03:47:47,3309,485,2005-07-08 02:16:47,2,728,2,7,Drama,3,0.99,26.99,Clyde Tobias
10771,2005-08-01 20:49:35,1274,485,2005-08-10 16:58:35,1,282,1,7,Drama,5,0.99,20.99,Clyde Tobias
9535,2005-07-31 01:18:53,2413,485,2005-08-04 03:04:53,2,526,2,16,Travel,7,2.99,10.99,Clyde Tobias
9039,2005-07-30 06:24:28,4493,485,2005-08-08 00:28:28,1,981,2,16,Travel,7,0.99,13.99,Clyde Tobias
9189,2005-07-30 12:20:59,4529,485,2005-08-06 16:15:59,1,988,2,16,Travel,7,2.99,26.99,Clyde Tobias
1684,2005-06-16 11:57:34,806,485,2005-06-19 09:12:34,1,175,2,8,Family,3,2.99,27.99,Clyde Tobias
10772,2005-08-01 20:51:10,132,485,2005-08-10 15:50:10,1,26,2,14,Sci-Fi,3,0.99,15.99,Clyde Tobias
9053,2005-07-30 07:07:39,2535,485,2005-08-01 09:22:39,2,556,2,10,Games,6,4.99,26.99,Clyde Tobias
3899,2005-07-06 19:12:40,4020,485,2005-07-13 23:41:40,1,875,2,15,Sports,6,0.99,9.99,Clyde Tobias
4137,2005-07-07 08:17:06,2065,485,2005-07-11 10:52:06,2,448,1,13,New,3,2.99,25.99,Clyde Tobias
1009,2005-05-31 01:47:35,2523,485,2005-06-03 20:26:35,1,554,2,4,Classics,6,2.99,22.99,Clyde Tobias
7552,2005-07-27 22:03:41,2166,16,2005-07-28 22:24:41,1,468,1,3,Children,5,2.99,12.99,Sandra Martin
1934,2005-06-17 07:04:57,4000,16,2005-06-25 12:21:57,2,871,1,5,Comedy,6,4.99,19.99,Sandra Martin
8452,2005-07-29 07:45:00,4312,16,2005-08-05 09:46:00,2,939,2,5,Comedy,4,2.99,17.99,Sandra Martin
4263,2005-07-07 14:24:44,2975,16,2005-07-13 18:22:44,1,651,2,2,Animation,3,0.99,20.99,Sandra Martin
2960,2005-06-20 07:10:09,3970,16,2005-06-26 08:14:09,2,865,1,2,Animation,3,4.99,19.99,Sandra Martin
4219,2005-07-07 12:11:22,2800,16,2005-07-11 11:05:22,1,615,2,2,Animation,6,2.99,21.99,Sandra Martin
7489,2005-07-27 19:39:38,3732,16,2005-07-30 23:10:38,2,816,1,2,Animation,3,0.99,27.99,Sandra Martin
4517,2005-07-08 02:45:19,453,16,2005-07-12 03:04:19,2,100,1,9,Foreign,7,4.99,21.99,Sandra Martin
9610,2005-07-31 03:54:05,3110,16,2005-08-06 23:11:05,1,683,1,7,Drama,5,4.99,19.99,Sandra Martin
335,2005-05-27 03:07:10,1411,16,2005-06-05 00:15:10,2,309,1,8,Family,6,0.99,29.99,Sandra Martin
10687,2005-08-01 17:53:02,3191,16,2005-08-05 19:16:02,2,700,2,8,Family,4,2.99,13.99,Sandra Martin
1944,2005-06-17 07:50:53,318,16,2005-06-23 02:52:53,2,71,2,8,Family,3,4.99,25.99,Sandra Martin
593,2005-05-28 13:33:23,1810,16,2005-05-30 17:10:23,2,393,1,6,Documentary,6,2.99,19.99,Sandra Martin
1017,2005-05-31 02:53:36,1242,16,2005-06-03 05:04:36,1,274,2,6,Documentary,4,2.99,20.99,Sandra Martin
3548,2005-07-06 02:23:39,4498,16,2005-07-08 07:53:39,2,982,1,1,Action,4,0.99,23.99,Sandra Martin
3348,2005-06-21 11:16:42,2945,16,2005-06-27 13:50:42,2,646,2,10,Games,6,0.99,12.99,Sandra Martin
9158,2005-07-30 11:12:03,4017,16,2005-08-02 05:55:03,2,875,1,15,Sports,6,0.99,9.99,Sandra Martin
6100,2005-07-11 06:40:31,3485,16,2005-07-14 10:59:31,2,764,1,15,Sports,3,4.99,28.99,Sandra Martin
887,2005-05-30 07:10:00,2727,16,2005-06-01 06:48:00,2,598,1,15,Sports,6,0.99,22.99,Sandra Martin
10727,2005-08-01 19:15:08,2049,16,2005-08-03 13:52:08,1,445,1,4,Classics,5,2.99,11.99,Sandra Martin
8673,2005-07-29 15:50:14,2167,29,2005-08-03 18:30:14,1,468,1,3,Children,5,2.99,12.99,Angela Hernandez
5857,2005-07-10 17:59:29,1265,29,2005-07-18 18:13:29,1,280,2,3,Children,7,0.99,26.99,Angela Hernandez
2701,2005-06-19 13:33:06,1623,29,2005-06-28 15:11:06,2,354,2,3,Children,6,4.99,18.99,Angela Hernandez
2801,2005-06-19 19:18:09,4572,29,2005-06-20 20:11:09,2,999,2,3,Children,5,2.99,28.99,Angela Hernandez
2735,2005-06-19 15:42:07,4550,29,2005-06-22 17:28:07,1,993,1,3,Children,6,2.99,10.99,Angela Hernandez
4535,2005-07-08 03:40:46,561,29,2005-07-13 06:53:46,2,122,1,11,Horror,7,0.99,11.99,Angela Hernandez
5442,2005-07-09 21:55:19,3093,29,2005-07-19 01:18:19,2,680,1,5,Comedy,4,4.99,21.99,Angela Hernandez
4313,2005-07-07 17:36:56,91,29,2005-07-13 12:00:56,1,18,2,2,Animation,6,0.99,27.99,Angela Hernandez
9946,2005-07-31 15:48:54,2100,29,2005-08-03 12:42:54,2,456,1,2,Animation,6,4.99,18.99,Angela Hernandez
2673,2005-06-19 11:42:20,2487,29,2005-06-23 07:16:20,1,545,1,9,Foreign,4,0.99,14.99,Angela Hernandez
7237,2005-07-27 10:12:36,1904,29,2005-07-31 08:40:36,2,414,2,9,Foreign,3,2.99,23.99,Angela Hernandez
7453,2005-07-27 18:27:13,2992,29,2005-07-29 23:52:13,1,656,2,16,Travel,3,0.99,9.99,Angela Hernandez
3324,2005-06-21 08:49:16,2830,29,2005-06-22 12:31:16,1,621,1,8,Family,5,2.99,23.99,Angela Hernandez
194,2005-05-26 06:52:33,1337,29,2005-05-30 04:08:33,2,295,1,6,Documentary,3,0.99,14.99,Angela Hernandez
11079,2005-08-02 07:29:10,3185,29,2005-08-07 01:59:10,2,698,2,6,Documentary,3,2.99,29.99,Angela Hernandez
2655,2005-06-19 10:38:42,1649,29,2005-06-23 14:20:42,1,360,1,1,Action,4,0.99,24.99,Angela Hernandez
9392,2005-07-30 19:50:13,2797,29,2005-08-03 22:38:13,2,614,2,10,Games,5,4.99,11.99,Angela Hernandez
10899,2005-08-02 01:30:21,859,29,2005-08-06 05:01:21,2,189,2,10,Games,3,0.99,23.99,Angela Hernandez
10543,2005-08-01 12:36:09,624,29,2005-08-07 07:42:09,1,135,2,15,Sports,3,2.99,22.99,Angela Hernandez
7451,2005-07-27 18:18:41,2382,29,2005-08-03 13:55:41,2,519,2,15,Sports,3,2.99,27.99,Angela Hernandez
4262,2005-07-07 14:24:30,3122,29,2005-07-14 13:12:30,1,686,1,13,New,5,4.99,9.99,Angela Hernandez
2923,2005-06-20 04:16:07,109,29,2005-06-21 05:04:07,1,22,1,13,New,6,2.99,10.99,Angela Hernandez
9457,2005-07-30 22:23:05,2172,487,2005-07-31 23:07:05,2,468,2,3,Children,5,2.99,12.99,Hector Poindexter
10832,2005-08-01 23:24:53,4096,487,2005-08-06 23:18:53,1,892,1,2,Animation,3,4.99,18.99,Hector Poindexter
7949,2005-07-28 13:07:24,2145,487,2005-08-02 09:41:24,1,464,1,2,Animation,3,2.99,13.99,Hector Poindexter
8988,2005-07-30 04:38:49,777,487,2005-08-07 07:00:49,2,170,1,9,Foreign,5,4.99,28.99,Hector Poindexter
7097,2005-07-27 04:56:09,258,487,2005-07-31 05:47:09,1,57,2,16,Travel,4,2.99,18.99,Hector Poindexter
10555,2005-08-01 12:56:38,377,487,2005-08-10 18:19:38,1,83,2,8,Family,5,2.99,18.99,Hector Poindexter
10877,2005-08-02 00:32:04,3337,487,2005-08-07 19:44:04,2,734,1,6,Documentary,4,4.99,12.99,Hector Poindexter
8510,2005-07-29 09:41:38,7,487,2005-08-05 05:30:38,2,1,2,6,Documentary,6,0.99,20.99,Hector Poindexter
6928,2005-07-26 22:56:21,3605,487,2005-07-30 04:46:21,1,788,1,6,Documentary,5,2.99,15.99,Hector Poindexter
5634,2005-07-10 06:25:48,323,487,2005-07-17 09:07:48,2,72,1,6,Documentary,6,2.99,12.99,Hector Poindexter
10123,2005-07-31 21:30:46,4564,487,2005-08-06 16:28:46,1,996,1,6,Documentary,6,0.99,9.99,Hector Poindexter
10978,2005-08-02 04:12:27,1597,487,2005-08-10 08:19:27,2,350,1,14,Sci-Fi,3,4.99,21.99,Hector Poindexter
9490,2005-07-30 23:45:09,1302,487,2005-08-07 18:50:09,1,287,2,1,Action,5,0.99,19.99,Hector Poindexter
3100,2005-06-20 16:47:57,2428,487,2005-06-26 16:59:57,1,530,1,1,Action,5,2.99,27.99,Hector Poindexter
8814,2005-07-29 21:49:43,1492,487,2005-08-01 19:56:43,1,327,1,1,Action,3,4.99,24.99,Hector Poindexter
7788,2005-07-28 07:21:55,95,487,2005-08-03 06:33:55,1,19,1,1,Action,6,0.99,20.99,Hector Poindexter
3994,2005-07-06 23:39:01,902,487,2005-07-14 00:33:01,1,200,2,10,Games,7,0.99,27.99,Hector Poindexter
4854,2005-07-08 18:44:44,3644,487,2005-07-13 13:37:44,1,796,1,15,Sports,3,0.99,12.99,Hector Poindexter
10511,2005-08-01 11:32:16,3874,487,2005-08-04 09:38:16,1,847,2,13,New,7,2.99,10.99,Hector Poindexter
8689,2005-07-29 16:38:58,824,487,2005-08-01 17:09:58,2,180,2,4,Classics,4,2.99,27.99,Hector Poindexter
8867,2005-07-30 00:02:18,1388,497,2005-08-04 00:44:18,2,304,2,3,Children,3,2.99,28.99,Gilbert Sledge
8813,2005-07-29 21:47:55,3442,497,2005-08-05 01:16:55,1,755,1,3,Children,5,4.99,11.99,Gilbert Sledge
4516,2005-07-08 02:43:41,2314,497,2005-07-14 02:20:41,1,502,2,5,Comedy,4,2.99,21.99,Gilbert Sledge
4578,2005-07-08 06:00:17,1533,497,2005-07-10 06:58:17,2,335,1,5,Comedy,5,0.99,23.99,Gilbert Sledge
2298,2005-06-18 08:18:29,1227,497,2005-06-24 11:51:29,1,272,1,7,Drama,5,4.99,9.99,Gilbert Sledge
5239,2005-07-09 13:12:35,380,497,2005-07-10 13:37:35,1,84,1,16,Travel,7,4.99,13.99,Gilbert Sledge
2818,2005-06-19 20:05:52,2376,497,2005-06-22 01:01:52,2,518,2,16,Travel,5,4.99,15.99,Gilbert Sledge
4218,2005-07-07 12:10:24,152,497,2005-07-15 16:09:24,1,31,2,8,Family,5,4.99,16.99,Gilbert Sledge
2180,2005-06-18 00:47:43,3564,497,2005-06-25 04:12:43,2,778,2,8,Family,3,4.99,24.99,Gilbert Sledge
5030,2005-07-09 02:35:43,25,497,2005-07-17 02:05:43,1,5,2,8,Family,6,2.99,22.99,Gilbert Sledge
1100,2005-05-31 14:03:21,316,497,2005-06-06 16:08:21,1,71,2,8,Family,3,4.99,25.99,Gilbert Sledge
8011,2005-07-28 15:26:39,4274,497,2005-07-30 13:59:39,1,930,1,14,Sci-Fi,4,2.99,23.99,Gilbert Sledge
3696,2005-07-06 10:04:55,3244,497,2005-07-11 15:58:55,2,714,2,14,Sci-Fi,6,2.99,29.99,Gilbert Sledge
2406,2005-06-18 16:39:37,1321,497,2005-06-23 12:04:37,1,292,1,1,Action,3,0.99,20.99,Gilbert Sledge
9273,2005-07-30 15:05:36,1867,497,2005-08-08 09:07:36,1,408,1,10,Games,4,4.99,28.99,Gilbert Sledge
4795,2005-07-08 16:32:54,3409,497,2005-07-09 14:15:54,1,747,2,10,Games,5,0.99,9.99,Gilbert Sledge
8150,2005-07-28 20:50:41,3489,497,2005-08-02 00:43:41,1,764,2,15,Sports,3,4.99,28.99,Gilbert Sledge
7603,2005-07-27 23:54:44,124,497,2005-07-29 01:24:44,1,25,1,13,New,3,2.99,15.99,Gilbert Sledge
9850,2005-07-31 12:46:52,1461,497,2005-08-04 10:52:52,2,320,1,13,New,4,4.99,28.99,Gilbert Sledge
10760,2005-08-01 20:25:20,1311,497,2005-08-09 16:57:20,1,289,1,13,New,5,4.99,25.99,Gilbert Sledge
9628,2005-07-31 04:51:11,1387,565,2005-07-31 23:11:11,2,304,1,3,Children,3,2.99,28.99,Jaime Nettles
10025,2005-07-31 18:29:09,475,565,2005-08-07 14:20:09,2,104,2,9,Foreign,4,2.99,17.99,Jaime Nettles
6264,2005-07-11 15:42:35,4246,565,2005-07-12 11:29:35,2,923,2,7,Drama,7,2.99,12.99,Jaime Nettles
1460,2005-06-15 20:27:02,1405,565,2005-06-16 16:21:02,1,307,2,16,Travel,6,4.99,9.99,Jaime Nettles
5020,2005-07-09 02:07:56,4113,565,2005-07-09 23:59:56,1,894,2,16,Travel,6,0.99,23.99,Jaime Nettles
5124,2005-07-09 07:25:19,1857,565,2005-07-15 01:51:19,1,405,2,16,Travel,6,4.99,13.99,Jaime Nettles
1004,2005-05-31 00:48:36,1588,565,2005-06-01 20:56:36,1,348,2,8,Family,7,0.99,9.99,Jaime Nettles
458,2005-05-27 19:58:36,3350,565,2005-06-06 00:51:36,1,736,1,8,Family,4,0.99,21.99,Jaime Nettles
10776,2005-08-01 20:59:58,1598,565,2005-08-10 20:33:58,2,350,1,14,Sci-Fi,3,4.99,21.99,Jaime Nettles
6699,2005-07-12 12:45:21,3411,565,2005-07-15 12:59:21,1,748,1,1,Action,4,0.99,16.99,Jaime Nettles
3470,2005-07-05 22:49:24,883,565,2005-07-07 19:36:24,1,194,2,1,Action,6,0.99,22.99,Jaime Nettles
3838,2005-07-06 16:29:43,3404,565,2005-07-11 20:50:43,1,746,2,10,Games,3,0.99,10.99,Jaime Nettles
4413,2005-07-07 22:00:04,1062,565,2005-07-10 18:20:04,2,236,2,10,Games,4,2.99,19.99,Jaime Nettles
7242,2005-07-27 10:25:51,1966,565,2005-08-04 16:02:51,2,429,1,15,Sports,3,0.99,29.99,Jaime Nettles
2321,2005-06-18 09:42:42,1160,565,2005-06-25 14:28:42,1,256,2,15,Sports,6,4.99,20.99,Jaime Nettles
3300,2005-06-21 07:25:01,2505,565,2005-06-25 01:47:01,1,551,1,13,New,3,4.99,9.99,Jaime Nettles
6627,2005-07-12 09:16:46,626,565,2005-07-17 10:58:46,1,136,1,13,New,7,2.99,26.99,Jaime Nettles
10913,2005-08-02 02:04:03,3388,565,2005-08-09 03:21:03,1,744,1,4,Classics,4,0.99,23.99,Jaime Nettles
2187,2005-06-18 01:17:27,1385,477,2005-06-20 22:18:27,1,304,1,3,Children,3,2.99,28.99,Dan Paine
9446,2005-07-30 21:53:01,1880,477,2005-08-06 19:00:01,2,409,2,3,Children,3,4.99,9.99,Dan Paine
2676,2005-06-19 11:54:57,3938,477,2005-06-24 15:34:57,2,858,2,5,Comedy,5,4.99,21.99,Dan Paine
6265,2005-07-11 15:43:51,3931,477,2005-07-12 12:51:51,2,857,2,5,Comedy,3,2.99,24.99,Dan Paine
8515,2005-07-29 09:55:20,1071,477,2005-08-05 07:08:20,2,239,1,2,Animation,5,4.99,16.99,Dan Paine
4956,2005-07-08 23:17:10,1512,477,2005-07-18 00:14:10,1,330,2,2,Animation,7,4.99,22.99,Dan Paine
10912,2005-08-02 02:00:03,732,477,2005-08-06 05:55:03,1,160,1,2,Animation,4,0.99,12.99,Dan Paine
10500,2005-08-01 11:01:01,469,477,2005-08-06 08:59:01,2,103,2,16,Travel,7,4.99,27.99,Dan Paine
4237,2005-07-07 13:16:55,3773,477,2005-07-15 16:33:55,1,826,2,16,Travel,7,4.99,19.99,Dan Paine
7904,2005-07-28 11:25:39,316,477,2005-08-06 08:22:39,2,71,2,8,Family,3,4.99,25.99,Dan Paine
4283,2005-07-07 15:29:35,2807,477,2005-07-11 17:12:35,1,616,2,6,Documentary,4,2.99,19.99,Dan Paine
7302,2005-07-27 12:52:13,4539,477,2005-07-29 15:13:13,2,991,1,1,Action,4,2.99,26.99,Dan Paine
1714,2005-06-16 14:29:59,535,477,2005-06-24 17:27:59,2,117,1,10,Games,6,4.99,15.99,Dan Paine
2306,2005-06-18 08:33:23,208,477,2005-06-27 10:01:23,2,46,2,10,Games,3,4.99,13.99,Dan Paine
882,2005-05-30 06:16:06,3841,477,2005-06-02 11:57:06,1,841,2,15,Sports,5,2.99,9.99,Dan Paine
8821,2005-07-29 22:18:12,52,477,2005-08-05 22:00:12,1,10,2,15,Sports,6,4.99,24.99,Dan Paine
8857,2005-07-29 23:44:22,1348,477,2005-07-31 21:32:22,2,297,2,4,Classics,6,2.99,29.99,Dan Paine
9886,2005-07-31 14:00:13,1386,519,2005-08-08 19:30:13,1,304,1,3,Children,3,2.99,28.99,Ron Deluca
4564,2005-07-08 05:09:38,2494,519,2005-07-11 05:37:38,2,547,2,3,Children,3,0.99,19.99,Ron Deluca
5547,2005-07-10 02:52:47,1432,519,2005-07-16 02:10:47,1,313,2,11,Horror,5,4.99,11.99,Ron Deluca
2997,2005-06-20 09:23:45,1449,519,2005-06-29 08:15:45,1,317,2,5,Comedy,4,0.99,25.99,Ron Deluca
2505,2005-06-18 23:28:27,1670,519,2005-06-26 01:36:27,1,365,1,5,Comedy,4,4.99,21.99,Ron Deluca
1056,2005-05-31 07:48:07,1591,519,2005-06-05 08:51:07,2,349,1,2,Animation,4,2.99,27.99,Ron Deluca
9905,2005-07-31 14:37:03,2839,519,2005-08-01 15:55:03,2,623,1,9,Foreign,4,0.99,9.99,Ron Deluca
10097,2005-07-31 20:39:38,784,519,2005-08-08 22:22:38,1,172,1,7,Drama,7,4.99,12.99,Ron Deluca
9441,2005-07-30 21:43:28,3982,519,2005-08-08 16:57:28,1,868,1,16,Travel,5,0.99,27.99,Ron Deluca
9534,2005-07-31 01:18:27,4457,519,2005-08-06 00:28:27,1,973,2,6,Documentary,3,4.99,27.99,Ron Deluca
6063,2005-07-11 04:16:51,1715,519,2005-07-13 08:35:51,2,374,1,14,Sci-Fi,3,0.99,29.99,Ron Deluca
9645,2005-07-31 05:42:49,3413,519,2005-08-04 00:08:49,1,748,1,1,Action,4,0.99,16.99,Ron Deluca
4773,2005-07-08 15:41:39,3025,519,2005-07-13 18:16:39,1,664,2,1,Action,6,2.99,12.99,Ron Deluca
10697,2005-08-01 18:20:23,3115,519,2005-08-07 21:18:23,1,684,2,10,Games,4,2.99,11.99,Ron Deluca
1941,2005-06-17 07:42:45,1063,519,2005-06-20 07:12:45,1,236,2,10,Games,4,2.99,19.99,Ron Deluca
6599,2005-07-12 07:41:14,4348,519,2005-07-21 02:45:14,2,948,1,13,New,6,0.99,22.99,Ron Deluca
9417,2005-07-30 20:54:55,2509,519,2005-08-04 00:54:55,2,551,2,13,New,3,4.99,9.99,Ron Deluca
5236,2005-07-09 12:56:29,1215,519,2005-07-13 08:26:29,1,270,1,13,New,7,0.99,29.99,Ron Deluca
8062,2005-07-28 17:15:06,1384,317,2005-07-30 16:56:06,2,304,1,3,Children,3,2.99,28.99,Edward Baugh
5548,2005-07-10 02:56:45,2973,317,2005-07-13 01:33:45,2,651,2,2,Animation,3,0.99,20.99,Edward Baugh
8327,2005-07-29 04:00:52,2928,317,2005-07-31 08:27:52,1,644,1,2,Animation,7,2.99,29.99,Edward Baugh
9770,2005-07-31 09:52:40,1226,317,2005-08-09 06:44:40,1,272,1,7,Drama,5,4.99,9.99,Edward Baugh
10364,2005-08-01 06:06:49,1842,317,2005-08-09 06:05:49,2,401,1,7,Drama,6,0.99,10.99,Edward Baugh
9513,2005-07-31 00:28:30,396,317,2005-08-01 00:22:30,2,88,2,16,Travel,7,4.99,17.99,Edward Baugh
4138,2005-07-07 08:17:13,1588,317,2005-07-14 05:18:13,2,348,2,8,Family,7,0.99,9.99,Edward Baugh
107,2005-05-25 18:28:09,2833,317,2005-06-03 22:46:09,2,621,2,8,Family,5,2.99,23.99,Edward Baugh
3251,2005-06-21 03:20:37,1414,317,2005-06-23 04:54:37,2,309,2,8,Family,6,0.99,29.99,Edward Baugh
5942,2005-07-10 22:47:17,2861,317,2005-07-17 01:54:17,2,627,2,6,Documentary,4,4.99,9.99,Edward Baugh
3029,2005-06-20 11:51:30,327,317,2005-06-25 16:42:30,1,73,1,14,Sci-Fi,5,2.99,22.99,Edward Baugh
4177,2005-07-07 10:12:36,4106,317,2005-07-15 15:48:36,2,893,2,14,Sci-Fi,4,4.99,11.99,Edward Baugh
7309,2005-07-27 13:00:29,633,317,2005-07-29 12:15:29,2,138,1,14,Sci-Fi,5,2.99,29.99,Edward Baugh
4700,2005-07-08 11:37:21,3889,317,2005-07-12 15:41:21,1,850,1,1,Action,7,0.99,27.99,Edward Baugh
9110,2005-07-30 09:05:42,1474,317,2005-08-03 05:15:42,1,322,2,15,Sports,5,2.99,29.99,Edward Baugh
2287,2005-06-18 07:04:36,1473,317,2005-06-27 03:00:36,2,322,1,15,Sports,5,2.99,29.99,Edward Baugh
8458,2005-07-29 08:05:09,3857,317,2005-08-02 03:42:09,1,844,2,15,Sports,6,4.99,16.99,Edward Baugh
86,2005-05-25 13:36:12,2275,266,2005-05-30 14:53:12,1,491,2,3,Children,4,0.99,18.99,Nora Herrera
8492,2005-07-29 09:04:17,4553,266,2005-08-02 08:48:17,2,993,2,3,Children,6,2.99,10.99,Nora Herrera
9109,2005-07-30 08:58:24,787,266,2005-08-07 06:56:24,1,172,2,7,Drama,7,4.99,12.99,Nora Herrera
5577,2005-07-10 03:58:40,3779,266,2005-07-14 03:36:40,1,827,2,7,Drama,5,4.99,22.99,Nora Herrera
10747,2005-08-01 19:59:41,4527,266,2005-08-10 00:00:41,2,988,1,16,Travel,7,2.99,26.99,Nora Herrera
3002,2005-06-20 09:56:12,2749,266,2005-06-24 12:15:12,2,603,1,8,Family,6,4.99,27.99,Nora Herrera
5362,2005-07-09 18:16:08,24,266,2005-07-18 18:27:08,1,5,2,8,Family,6,2.99,22.99,Nora Herrera
3059,2005-06-20 13:38:41,2911,266,2005-06-21 10:13:41,2,639,2,8,Family,7,4.99,9.99,Nora Herrera
10910,2005-08-02 01:54:34,2428,266,2005-08-10 04:04:34,2,530,1,1,Action,5,2.99,27.99,Nora Herrera
651,2005-05-28 19:46:50,739,266,2005-05-30 16:29:50,1,162,1,1,Action,4,2.99,13.99,Nora Herrera
1280,2005-06-15 08:16:06,2597,266,2005-06-21 04:10:06,2,570,2,15,Sports,5,4.99,20.99,Nora Herrera
3585,2005-07-06 04:22:36,2726,266,2005-07-09 06:16:36,2,598,1,15,Sports,6,0.99,22.99,Nora Herrera
2065,2005-06-17 16:03:46,844,266,2005-06-22 16:41:46,2,184,2,4,Classics,3,2.99,24.99,Nora Herrera
1195,2005-06-15 01:37:38,2272,84,2005-06-17 21:50:38,1,491,2,3,Children,4,0.99,18.99,Sara Perry
10540,2005-08-01 12:24:42,4121,84,2005-08-03 08:39:42,2,896,1,3,Children,3,0.99,10.99,Sara Perry
5237,2005-07-09 12:56:58,2341,84,2005-07-11 15:41:58,1,509,2,3,Children,5,0.99,26.99,Sara Perry
8654,2005-07-29 15:04:27,3925,84,2005-08-07 18:37:27,1,856,2,11,Horror,5,4.99,11.99,Sara Perry
6259,2005-07-11 15:25:52,3007,84,2005-07-13 11:54:52,2,660,1,5,Comedy,7,2.99,11.99,Sara Perry
408,2005-05-27 13:57:39,1438,84,2005-05-28 11:57:39,1,314,2,2,Animation,3,0.99,13.99,Sara Perry
4838,2005-07-08 18:11:00,3733,84,2005-07-17 12:57:00,2,816,1,2,Animation,3,0.99,27.99,Sara Perry
8019,2005-07-28 15:37:43,1844,84,2005-08-04 15:40:43,2,402,1,2,Animation,3,0.99,15.99,Sara Perry
10872,2005-08-02 00:27:50,2470,84,2005-08-06 20:34:50,2,541,2,2,Animation,5,2.99,21.99,Sara Perry
9680,2005-07-31 06:41:46,3010,84,2005-08-01 11:02:46,2,661,1,9,Foreign,5,4.99,17.99,Sara Perry
6415,2005-07-11 23:27:52,4175,84,2005-07-19 22:29:52,2,908,1,9,Foreign,3,4.99,11.99,Sara Perry
1320,2005-06-15 10:42:13,4484,84,2005-06-17 13:44:13,1,979,2,7,Drama,6,4.99,10.99,Sara Perry
5971,2005-07-11 00:05:58,2191,84,2005-07-19 04:50:58,2,473,2,7,Drama,5,2.99,16.99,Sara Perry
2012,2005-06-17 11:57:15,3588,84,2005-06-24 17:18:15,1,785,1,16,Travel,6,4.99,20.99,Sara Perry
4079,2005-07-07 05:06:27,2202,84,2005-07-16 08:46:27,1,476,2,8,Family,5,2.99,9.99,Sara Perry
834,2005-05-29 23:24:30,3628,84,2005-05-30 22:00:30,2,791,2,6,Documentary,3,4.99,24.99,Sara Perry
2409,2005-06-18 16:53:33,656,84,2005-06-20 18:23:33,1,142,1,6,Documentary,3,0.99,24.99,Sara Perry
9074,2005-07-30 07:50:10,3244,84,2005-08-01 11:21:10,2,714,2,14,Sci-Fi,6,2.99,29.99,Sara Perry
5221,2005-07-09 12:02:23,2339,84,2005-07-16 15:43:23,1,508,2,10,Games,6,4.99,18.99,Sara Perry
2042,2005-06-17 14:31:02,3102,84,2005-06-18 14:43:02,1,681,2,15,Sports,4,0.99,20.99,Sara Perry
7854,2005-07-28 09:42:31,3531,84,2005-08-02 09:25:31,1,773,1,15,Sports,6,2.99,28.99,Sara Perry
739,2005-05-29 08:28:18,1183,84,2005-06-06 09:21:18,2,263,2,15,Sports,6,4.99,14.99,Sara Perry
1815,2005-06-16 21:16:07,1551,84,2005-06-17 16:37:07,2,341,1,4,Classics,5,0.99,13.99,Sara Perry
883,2005-05-30 06:21:05,2271,399,2005-06-07 04:50:05,2,491,1,3,Children,4,0.99,18.99,Danny Isom
5507,2005-07-10 00:49:04,716,399,2005-07-15 22:06:04,2,157,2,3,Children,7,0.99,29.99,Danny Isom
8461,2005-07-29 08:11:31,3373,399,2005-08-06 09:23:31,1,740,2,11,Horror,5,2.99,13.99,Danny Isom
4981,2005-07-09 00:29:29,3363,399,2005-07-16 19:06:29,2,738,1,9,Foreign,3,0.99,27.99,Danny Isom
9728,2005-07-31 08:40:54,3630,399,2005-08-03 04:14:54,2,792,2,9,Foreign,7,2.99,15.99,Danny Isom
6229,2005-07-11 13:59:50,3137,399,2005-07-20 09:26:50,1,689,1,9,Foreign,5,2.99,14.99,Danny Isom
10,2005-05-25 00:02:21,1824,399,2005-05-31 22:44:21,2,396,2,7,Drama,5,4.99,18.99,Danny Isom
6674,2005-07-12 11:51:54,2385,399,2005-07-13 16:57:54,1,521,1,7,Drama,7,4.99,28.99,Danny Isom
6006,2005-07-11 01:38:42,4201,399,2005-07-17 05:18:42,2,914,1,16,Travel,6,2.99,13.99,Danny Isom
3036,2005-06-20 12:18:31,4463,399,2005-06-29 09:52:31,1,975,2,8,Family,6,2.99,22.99,Danny Isom
694,2005-05-29 01:49:43,592,399,2005-06-05 06:52:43,1,129,2,6,Documentary,3,2.99,16.99,Danny Isom
2961,2005-06-20 07:29:15,4539,399,2005-06-24 08:05:15,1,991,1,1,Action,4,2.99,26.99,Danny Isom
10960,2005-08-02 03:46:18,3536,399,2005-08-11 01:29:18,1,773,2,15,Sports,6,2.99,28.99,Danny Isom
4957,2005-07-08 23:18:48,4082,399,2005-07-09 23:13:48,1,890,1,15,Sports,5,0.99,14.99,Danny Isom
10654,2005-08-01 16:31:35,2522,399,2005-08-05 12:04:35,2,554,2,4,Classics,6,2.99,22.99,Danny Isom
7727,2005-07-28 04:52:43,2274,123,2005-08-03 01:12:43,2,491,2,3,Children,4,0.99,18.99,Shannon Freeman
7535,2005-07-27 21:32:39,772,123,2005-08-05 23:42:39,1,168,1,3,Children,5,0.99,23.99,Shannon Freeman
7768,2005-07-28 06:44:03,2450,123,2005-07-29 09:46:03,1,535,1,11,Horror,6,0.99,21.99,Shannon Freeman
1490,2005-06-15 21:42:17,3515,123,2005-06-22 02:01:17,2,770,2,9,Foreign,5,2.99,13.99,Shannon Freeman
2594,2005-06-19 05:43:43,829,123,2005-06-25 03:41:43,2,181,2,16,Travel,7,2.99,10.99,Shannon Freeman
1951,2005-06-17 08:30:35,955,123,2005-06-20 10:43:35,2,213,1,8,Family,4,0.99,19.99,Shannon Freeman
4442,2005-07-07 23:05:30,461,123,2005-07-13 22:20:30,2,101,2,6,Documentary,3,0.99,26.99,Shannon Freeman
9529,2005-07-31 01:05:26,816,123,2005-08-02 22:30:26,2,177,2,14,Sci-Fi,4,4.99,20.99,Shannon Freeman
1775,2005-06-16 18:28:19,1922,123,2005-06-25 13:09:19,2,417,2,1,Action,5,0.99,29.99,Shannon Freeman
992,2005-05-30 23:47:56,3572,123,2005-06-05 19:01:56,1,782,1,15,Sports,6,2.99,26.99,Shannon Freeman
8699,2005-07-29 16:53:00,4080,123,2005-08-07 20:31:00,1,890,1,15,Sports,5,0.99,14.99,Shannon Freeman
1751,2005-06-16 17:00:14,138,123,2005-06-17 12:12:14,2,27,1,15,Sports,7,0.99,12.99,Shannon Freeman
10066,2005-07-31 19:30:01,4285,123,2005-08-01 14:45:01,2,933,1,13,New,4,4.99,11.99,Shannon Freeman
7852,2005-07-28 09:34:29,3462,123,2005-07-30 05:48:29,1,759,2,13,New,4,2.99,29.99,Shannon Freeman
7969,2005-07-28 13:57:37,2224,123,2005-08-04 19:31:37,1,481,1,13,New,4,2.99,22.99,Shannon Freeman
4860,2005-07-08 18:54:07,428,123,2005-07-17 15:09:07,2,95,1,13,New,5,4.99,18.99,Shannon Freeman
10295,2005-08-01 03:53:49,2355,123,2005-08-10 03:56:49,1,512,2,4,Classics,5,4.99,25.99,Shannon Freeman
3744,2005-07-06 12:10:02,3343,510,2005-07-08 11:49:02,2,735,1,3,Children,7,2.99,26.99,Ben Easter
1118,2005-05-31 16:23:02,213,510,2005-06-03 20:00:02,1,48,1,3,Children,3,4.99,24.99,Ben Easter
1435,2005-06-15 18:32:30,2769,510,2005-06-24 12:44:30,2,608,2,3,Children,6,2.99,11.99,Ben Easter
1925,2005-06-17 06:16:47,3995,510,2005-06-21 06:03:47,1,870,2,11,Horror,4,0.99,12.99,Ben Easter
8926,2005-07-30 02:10:31,3677,510,2005-08-03 23:56:31,1,804,2,11,Horror,7,4.99,13.99,Ben Easter
10131,2005-07-31 21:45:28,4169,510,2005-08-04 00:19:28,2,906,2,5,Comedy,4,0.99,27.99,Ben Easter
4014,2005-07-07 00:58:54,583,510,2005-07-12 02:40:54,1,127,1,5,Comedy,5,4.99,14.99,Ben Easter
3465,2005-06-21 22:10:01,1488,510,2005-06-30 21:35:01,1,326,2,2,Animation,6,2.99,18.99,Ben Easter
5851,2005-07-10 17:40:47,3944,510,2005-07-11 19:24:47,2,859,2,2,Animation,3,4.99,20.99,Ben Easter
1757,2005-06-16 17:32:24,4491,510,2005-06-18 13:12:24,1,981,1,16,Travel,7,0.99,13.99,Ben Easter
8763,2005-07-29 19:38:24,374,510,2005-08-04 16:51:24,1,83,1,8,Family,5,2.99,18.99,Ben Easter
2806,2005-06-19 19:30:48,2114,510,2005-06-20 19:42:48,2,458,2,8,Family,4,0.99,26.99,Ben Easter
10265,2005-08-01 03:05:04,3338,510,2005-08-08 08:09:04,1,734,1,6,Documentary,4,4.99,12.99,Ben Easter
2729,2005-06-19 15:06:15,4449,510,2005-06-27 17:58:15,2,972,2,14,Sci-Fi,4,4.99,24.99,Ben Easter
7794,2005-07-28 07:28:03,4509,510,2005-08-06 12:32:03,2,985,1,14,Sci-Fi,4,4.99,19.99,Ben Easter
7457,2005-07-27 18:35:17,3635,510,2005-07-30 12:41:17,2,793,1,1,Action,6,2.99,14.99,Ben Easter
3352,2005-06-21 11:26:29,578,510,2005-06-28 07:26:29,1,126,2,1,Action,3,4.99,16.99,Ben Easter
2817,2005-06-19 20:05:22,3476,510,2005-06-24 23:29:22,1,762,2,10,Games,6,0.99,29.99,Ben Easter
75,2005-05-25 11:13:34,3393,510,2005-06-03 12:58:34,1,745,1,15,Sports,5,4.99,23.99,Ben Easter
7678,2005-07-28 02:58:16,3398,510,2005-08-06 04:22:16,1,745,2,15,Sports,5,4.99,23.99,Ben Easter
6531,2005-07-12 04:35:24,4231,510,2005-07-16 05:37:24,2,920,1,13,New,3,0.99,16.99,Ben Easter
372,2005-05-27 08:13:58,4089,510,2005-06-04 03:50:58,2,891,1,4,Classics,3,0.99,13.99,Ben Easter
370,2005-05-27 07:49:43,3347,22,2005-06-05 06:39:43,2,735,2,3,Children,7,2.99,26.99,Laura Rodriguez
3419,2005-06-21 17:18:01,4022,22,2005-06-22 15:08:01,1,876,1,11,Horror,3,2.99,11.99,Laura Rodriguez
9410,2005-07-30 20:38:05,1789,22,2005-07-31 19:57:05,2,388,2,5,Comedy,5,0.99,16.99,Laura Rodriguez
7705,2005-07-28 04:02:58,1072,22,2005-08-05 01:19:58,2,239,1,2,Animation,5,4.99,16.99,Laura Rodriguez
5815,2005-07-10 15:48:19,2934,22,2005-07-13 12:09:19,1,644,2,2,Animation,7,2.99,29.99,Laura Rodriguez
820,2005-05-29 21:07:22,2584,22,2005-06-07 00:22:22,2,567,1,9,Foreign,3,2.99,26.99,Laura Rodriguez
5294,2005-07-09 15:23:42,3237,22,2005-07-15 15:28:42,2,710,2,8,Family,4,4.99,18.99,Laura Rodriguez
4215,2005-07-07 12:00:52,1239,22,2005-07-11 15:14:52,2,274,1,6,Documentary,4,2.99,20.99,Laura Rodriguez
556,2005-05-28 08:31:36,1814,22,2005-06-06 07:29:36,2,394,1,14,Sci-Fi,7,2.99,21.99,Laura Rodriguez
9580,2005-07-31 03:01:11,532,22,2005-08-05 06:01:11,1,117,1,10,Games,6,4.99,15.99,Laura Rodriguez
7087,2005-07-27 04:42:08,1159,22,2005-08-02 00:53:08,1,256,2,15,Sports,6,4.99,20.99,Laura Rodriguez
2992,2005-06-20 09:11:51,3347,439,2005-06-24 05:59:51,1,735,2,3,Children,7,2.99,26.99,Alexander Fennell
5801,2005-07-10 14:59:05,3511,439,2005-07-14 17:55:05,2,768,2,3,Children,3,4.99,11.99,Alexander Fennell
8343,2005-07-29 04:45:16,4267,439,2005-08-02 03:37:16,1,928,1,3,Children,5,2.99,16.99,Alexander Fennell
10744,2005-08-01 19:56:49,565,439,2005-08-09 16:33:49,2,122,2,11,Horror,7,0.99,11.99,Alexander Fennell
11042,2005-08-02 06:04:33,4149,439,2005-08-11 01:30:33,1,901,2,2,Animation,3,0.99,29.99,Alexander Fennell
3774,2005-07-06 13:25:07,4044,439,2005-07-15 12:56:07,2,880,2,2,Animation,6,2.99,9.99,Alexander Fennell
4528,2005-07-08 03:24:54,3209,439,2005-07-09 03:50:54,2,705,1,9,Foreign,4,2.99,9.99,Alexander Fennell
9275,2005-07-30 15:09:15,1916,439,2005-07-31 10:23:15,2,416,2,9,Foreign,6,0.99,10.99,Alexander Fennell
1264,2005-06-15 06:59:39,4176,439,2005-06-18 08:10:39,2,908,1,9,Foreign,3,4.99,11.99,Alexander Fennell
2621,2005-06-19 08:07:31,1746,439,2005-06-28 05:36:31,1,379,2,7,Drama,7,0.99,14.99,Alexander Fennell
5893,2005-07-10 20:05:30,1689,439,2005-07-14 23:05:30,1,368,1,7,Drama,7,2.99,20.99,Alexander Fennell
3294,2005-06-21 07:03:23,2390,439,2005-06-30 02:22:23,2,521,2,7,Drama,7,4.99,28.99,Alexander Fennell
2097,2005-06-17 18:40:04,569,439,2005-06-23 13:49:04,1,123,2,16,Travel,6,4.99,22.99,Alexander Fennell
10905,2005-08-02 01:45:59,2835,439,2005-08-04 22:28:59,1,621,2,8,Family,5,2.99,23.99,Alexander Fennell
4813,2005-07-08 17:09:56,2752,439,2005-07-09 22:29:56,1,603,2,8,Family,6,4.99,27.99,Alexander Fennell
367,2005-05-27 07:37:02,3437,439,2005-05-30 05:43:02,2,753,2,8,Family,3,0.99,20.99,Alexander Fennell
9322,2005-07-30 17:21:39,223,439,2005-08-06 16:58:39,2,50,1,8,Family,3,2.99,20.99,Alexander Fennell
6672,2005-07-12 11:49:16,375,439,2005-07-13 07:03:16,2,83,1,8,Family,5,2.99,18.99,Alexander Fennell
6577,2005-07-12 06:15:05,4191,439,2005-07-15 06:23:05,1,912,1,14,Sci-Fi,3,2.99,9.99,Alexander Fennell
1557,2005-06-16 02:28:35,2617,439,2005-06-16 22:11:35,2,574,1,1,Action,3,0.99,19.99,Alexander Fennell
8703,2005-07-29 17:12:44,1065,439,2005-07-30 19:38:44,1,237,1,15,Sports,3,2.99,21.99,Alexander Fennell
126,2005-05-25 21:07:59,2047,439,2005-05-28 18:51:59,1,445,1,4,Classics,5,2.99,11.99,Alexander Fennell
786,2005-05-29 15:17:28,2637,439,2005-06-07 10:07:28,2,578,2,4,Classics,4,4.99,16.99,Alexander Fennell
8624,2005-07-29 13:55:36,4402,439,2005-08-02 12:23:36,2,962,1,4,Classics,7,2.99,18.99,Alexander Fennell
5321,2005-07-09 16:26:33,3347,245,2005-07-15 15:05:33,2,735,2,3,Children,7,2.99,26.99,Courtney Day
7233,2005-07-27 10:08:36,213,245,2005-07-31 16:00:36,1,48,1,3,Children,3,4.99,24.99,Courtney Day
9169,2005-07-30 11:35:00,1567,245,2005-08-06 16:16:00,2,344,1,3,Children,3,0.99,28.99,Courtney Day
719,2005-05-29 05:16:05,267,245,2005-06-01 07:53:05,2,59,2,3,Children,4,2.99,20.99,Courtney Day
948,2005-05-30 15:44:27,585,245,2005-06-08 17:30:27,2,127,2,5,Comedy,5,4.99,14.99,Courtney Day
8811,2005-07-29 21:46:21,2041,245,2005-08-07 16:51:21,2,444,1,5,Comedy,3,4.99,22.99,Courtney Day
6795,2005-07-12 16:41:00,1489,245,2005-07-21 20:52:00,1,326,2,2,Animation,6,2.99,18.99,Courtney Day
8701,2005-07-29 17:02:35,3158,245,2005-08-07 19:55:35,2,693,2,2,Animation,5,2.99,16.99,Courtney Day
2122,2005-06-17 20:48:27,2932,245,2005-06-23 00:58:27,2,644,2,2,Animation,7,2.99,29.99,Courtney Day
79,2005-05-25 12:11:07,3299,245,2005-06-03 10:54:07,2,726,2,9,Foreign,7,2.99,29.99,Courtney Day
3157,2005-06-20 21:07:54,1899,245,2005-06-23 16:01:54,1,414,1,9,Foreign,3,2.99,23.99,Courtney Day
6242,2005-07-11 14:45:04,670,245,2005-07-12 18:34:04,2,146,1,7,Drama,6,2.99,24.99,Courtney Day
7397,2005-07-27 16:05:00,4474,245,2005-08-01 20:29:00,1,977,2,16,Travel,3,2.99,25.99,Courtney Day
519,2005-05-28 03:22:33,3564,245,2005-06-03 05:06:33,1,778,2,8,Family,3,4.99,24.99,Courtney Day
7358,2005-07-27 14:49:44,175,245,2005-07-28 20:00:44,1,39,1,14,Sci-Fi,5,0.99,10.99,Courtney Day
6962,2005-07-27 00:10:58,4500,245,2005-07-30 02:11:58,2,982,2,1,Action,4,0.99,23.99,Courtney Day
9088,2005-07-30 08:21:02,3407,245,2005-08-01 09:55:02,1,747,1,10,Games,5,0.99,9.99,Courtney Day
1377,2005-06-15 15:02:03,3410,245,2005-06-22 14:54:03,2,747,2,10,Games,5,0.99,9.99,Courtney Day
11061,2005-08-02 06:50:18,809,245,2005-08-07 07:41:18,2,176,1,15,Sports,6,0.99,21.99,Courtney Day
7230,2005-07-27 10:01:41,1152,245,2005-08-02 11:00:41,1,254,2,15,Sports,4,2.99,11.99,Courtney Day
9813,2005-07-31 11:29:23,1706,245,2005-08-07 08:01:23,2,372,1,15,Sports,5,4.99,26.99,Courtney Day
3634,2005-07-06 06:51:14,3688,245,2005-07-10 02:30:14,1,806,2,13,New,4,2.99,25.99,Courtney Day
10087,2005-07-31 20:15:22,1393,245,2005-08-07 01:33:22,1,305,1,13,New,6,2.99,24.99,Courtney Day
241,2005-05-26 12:49:01,4438,245,2005-05-28 11:43:01,2,970,2,4,Classics,7,0.99,11.99,Courtney Day
725,2005-05-29 06:03:41,4088,245,2005-06-03 08:52:41,2,891,1,4,Classics,3,0.99,13.99,Courtney Day
5764,2005-07-10 12:58:16,1556,245,2005-07-19 07:28:16,1,341,2,4,Classics,5,0.99,13.99,Courtney Day
3136,2005-06-20 19:39:08,3349,377,2005-06-22 23:35:08,2,735,2,3,Children,7,2.99,26.99,Howard Fortner
7697,2005-07-28 03:43:45,3966,377,2005-08-03 07:55:45,2,864,1,3,Children,5,0.99,21.99,Howard Fortner
10738,2005-08-01 19:39:08,544,377,2005-08-10 20:37:08,1,119,1,5,Comedy,6,0.99,22.99,Howard Fortner
3080,2005-06-20 15:22:32,118,377,2005-06-24 11:08:32,1,23,2,2,Animation,3,0.99,9.99,Howard Fortner
9461,2005-07-30 22:29:13,1679,377,2005-08-05 20:55:13,2,366,2,7,Drama,3,0.99,29.99,Howard Fortner
10013,2005-07-31 18:08:21,2364,377,2005-08-08 13:22:21,2,514,2,7,Drama,6,2.99,17.99,Howard Fortner
8018,2005-07-28 15:36:48,4129,377,2005-08-06 20:04:48,1,897,2,7,Drama,3,4.99,27.99,Howard Fortner
3858,2005-07-06 17:17:57,829,377,2005-07-10 23:10:57,2,181,2,16,Travel,7,2.99,10.99,Howard Fortner
4077,2005-07-07 04:53:40,2445,377,2005-07-09 09:56:40,2,534,1,8,Family,5,0.99,18.99,Howard Fortner
4053,2005-07-07 03:39:22,2889,377,2005-07-09 22:32:22,1,634,2,8,Family,6,0.99,14.99,Howard Fortner
10943,2005-08-02 03:17:29,1036,377,2005-08-03 00:50:29,2,231,2,8,Family,7,2.99,27.99,Howard Fortner
9564,2005-07-31 02:31:37,383,377,2005-08-03 22:57:37,2,85,2,6,Documentary,4,0.99,29.99,Howard Fortner
6893,2005-07-12 21:20:11,2611,377,2005-07-21 18:55:11,2,572,2,14,Sci-Fi,4,2.99,9.99,Howard Fortner
10183,2005-08-01 00:08:01,4319,377,2005-08-09 20:41:01,1,941,1,10,Games,4,4.99,10.99,Howard Fortner
4225,2005-07-07 12:24:37,1766,377,2005-07-12 06:47:37,2,383,1,15,Sports,6,0.99,13.99,Howard Fortner
2556,2005-06-19 03:07:32,125,377,2005-06-23 23:09:32,1,25,1,13,New,3,2.99,15.99,Howard Fortner
3086,2005-06-20 15:42:40,4437,377,2005-06-25 19:21:40,1,970,2,4,Classics,7,0.99,11.99,Howard Fortner
3443,2005-06-21 20:19:00,1639,377,2005-06-30 15:39:00,1,358,1,4,Classics,5,0.99,29.99,Howard Fortner
8916,2005-07-30 01:42:21,3852,377,2005-08-03 05:28:21,1,843,2,4,Classics,4,4.99,15.99,Howard Fortner
7316,2005-07-27 13:19:03,3344,114,2005-07-28 07:43:03,2,735,1,3,Children,7,2.99,26.99,Grace Ellis
4025,2005-07-07 02:13:24,3908,114,2005-07-08 00:47:24,1,852,2,3,Children,4,0.99,27.99,Grace Ellis
205,2005-05-26 07:59:37,303,114,2005-05-29 09:43:37,2,68,2,3,Children,5,4.99,26.99,Grace Ellis
7462,2005-07-27 18:47:47,878,114,2005-07-29 20:46:47,2,193,2,2,Animation,5,2.99,20.99,Grace Ellis
7938,2005-07-28 12:39:11,2579,114,2005-08-04 16:56:11,1,565,1,9,Foreign,6,4.99,9.99,Grace Ellis
5418,2005-07-09 20:41:35,55,114,2005-07-14 00:15:35,1,11,1,9,Foreign,6,0.99,16.99,Grace Ellis
5625,2005-07-10 05:44:02,1751,114,2005-07-12 00:03:02,2,380,2,9,Foreign,7,2.99,11.99,Grace Ellis
7565,2005-07-27 22:33:59,1028,114,2005-07-30 03:03:59,2,230,1,7,Drama,7,2.99,20.99,Grace Ellis
8496,2005-07-29 09:05:33,765,114,2005-08-02 06:32:33,1,167,1,16,Travel,6,4.99,10.99,Grace Ellis
889,2005-05-30 07:14:53,1299,114,2005-05-31 07:56:53,2,286,2,16,Travel,7,2.99,16.99,Grace Ellis
6188,2005-07-11 11:31:47,189,114,2005-07-15 09:28:47,1,43,1,8,Family,6,2.99,15.99,Grace Ellis
9717,2005-07-31 08:24:41,4207,114,2005-08-04 02:51:41,1,915,1,1,Action,7,4.99,9.99,Grace Ellis
3144,2005-06-20 20:14:20,1300,114,2005-06-30 01:46:20,1,287,1,1,Action,5,0.99,19.99,Grace Ellis
2059,2005-06-17 15:36:12,739,114,2005-06-18 19:01:12,2,162,1,1,Action,4,2.99,13.99,Grace Ellis
5624,2005-07-10 05:43:16,1015,114,2005-07-12 05:33:16,1,227,2,10,Games,4,4.99,17.99,Grace Ellis
255,2005-05-26 14:52:15,3264,114,2005-05-27 12:45:15,1,719,1,15,Sports,7,4.99,11.99,Grace Ellis
3924,2005-07-06 20:38:02,187,114,2005-07-11 23:35:02,2,42,2,15,Sports,5,2.99,10.99,Grace Ellis
3484,2005-07-05 23:23:11,1934,114,2005-07-11 00:27:11,2,420,2,15,Sports,7,4.99,27.99,Grace Ellis
8590,2005-07-29 12:32:20,2505,114,2005-08-07 08:00:20,1,551,1,13,New,3,4.99,9.99,Grace Ellis
6754,2005-07-12 14:59:24,1460,114,2005-07-14 11:04:24,2,320,1,13,New,4,4.99,28.99,Grace Ellis
3094,2005-06-20 16:06:51,2048,114,2005-06-24 13:23:51,1,445,1,4,Classics,5,2.99,11.99,Grace Ellis
2680,2005-06-19 12:13:37,865,114,2005-06-27 15:15:37,1,190,2,4,Classics,5,4.99,23.99,Grace Ellis
6773,2005-07-12 15:55:39,3346,12,2005-07-18 17:52:39,2,735,2,3,Children,7,2.99,26.99,Nancy Thomas
988,2005-05-30 23:08:03,1364,12,2005-06-07 00:22:03,1,301,1,11,Horror,4,0.99,24.99,Nancy Thomas
2500,2005-06-18 23:07:12,4241,12,2005-06-26 17:27:12,1,922,1,11,Horror,7,4.99,22.99,Nancy Thomas
3870,2005-07-06 17:57:54,3357,12,2005-07-13 12:30:54,1,737,2,11,Horror,4,0.99,28.99,Nancy Thomas
9238,2005-07-30 13:49:43,3356,12,2005-08-08 08:25:43,2,737,2,11,Horror,4,0.99,28.99,Nancy Thomas
7008,2005-07-27 01:44:03,3659,12,2005-07-28 21:19:03,2,799,1,11,Horror,3,0.99,26.99,Nancy Thomas
1084,2005-05-31 11:10:17,4577,12,2005-06-01 11:15:17,1,1000,1,5,Comedy,3,4.99,18.99,Nancy Thomas
2623,2005-06-19 08:11:51,4477,12,2005-06-26 12:28:51,2,978,1,5,Comedy,3,0.99,12.99,Nancy Thomas
7279,2005-07-27 11:50:47,1424,12,2005-07-30 11:19:47,2,311,2,9,Foreign,4,0.99,14.99,Nancy Thomas
5242,2005-07-09 13:20:25,848,12,2005-07-18 07:38:25,1,186,1,7,Drama,6,0.99,17.99,Nancy Thomas
5111,2005-07-09 07:02:19,2875,12,2005-07-10 06:27:19,2,630,2,7,Drama,7,0.99,19.99,Nancy Thomas
1752,2005-06-16 17:02:55,3529,12,2005-06-23 19:09:55,2,772,2,7,Drama,4,2.99,24.99,Nancy Thomas
2434,2005-06-18 18:11:51,3739,12,2005-06-23 12:52:51,2,818,1,7,Drama,4,4.99,17.99,Nancy Thomas
10392,2005-08-01 06:50:26,3017,12,2005-08-10 10:52:26,1,662,2,7,Drama,3,4.99,9.99,Nancy Thomas
9627,2005-07-31 04:42:46,471,12,2005-08-08 00:42:46,2,103,2,16,Travel,7,4.99,27.99,Nancy Thomas
3411,2005-06-21 16:31:27,4250,12,2005-06-28 12:27:27,2,924,1,14,Sci-Fi,7,0.99,15.99,Nancy Thomas
9166,2005-07-30 11:26:28,308,12,2005-08-04 12:32:28,1,69,2,14,Sci-Fi,3,2.99,21.99,Nancy Thomas
5074,2005-07-09 05:06:24,1379,12,2005-07-12 04:37:24,1,303,1,1,Action,6,0.99,27.99,Nancy Thomas
8985,2005-07-30 04:34:51,3179,12,2005-08-06 00:45:51,2,697,2,1,Action,7,0.99,16.99,Nancy Thomas
5071,2005-07-09 05:00:39,4358,12,2005-07-09 23:08:39,1,949,2,10,Games,6,0.99,27.99,Nancy Thomas
9708,2005-07-31 07:45:33,3264,12,2005-08-08 08:56:33,1,719,1,15,Sports,7,4.99,11.99,Nancy Thomas
3135,2005-06-20 19:33:52,1122,12,2005-06-29 18:20:52,1,249,1,4,Classics,7,0.99,26.99,Nancy Thomas
6198,2005-07-11 12:12:17,3345,470,2005-07-18 07:40:17,2,735,1,3,Children,7,2.99,26.99,Gordon Allard
6009,2005-07-11 01:51:58,494,470,2005-07-18 07:12:58,2,110,1,3,Children,4,0.99,25.99,Gordon Allard
7663,2005-07-28 02:19:48,832,470,2005-07-30 21:43:48,2,182,1,5,Comedy,7,4.99,9.99,Gordon Allard
9687,2005-07-31 06:52:54,3540,470,2005-08-01 03:40:54,2,774,1,5,Comedy,3,2.99,22.99,Gordon Allard
1256,2005-06-15 06:13:57,1437,470,2005-06-16 06:54:57,2,314,2,2,Animation,3,0.99,13.99,Gordon Allard
9422,2005-07-30 21:08:41,1843,470,2005-08-07 15:55:41,1,402,1,2,Animation,3,0.99,15.99,Gordon Allard
10236,2005-08-01 02:05:34,3754,470,2005-08-01 23:40:34,1,821,2,9,Foreign,6,0.99,17.99,Gordon Allard
8476,2005-07-29 08:39:12,3741,470,2005-08-06 03:03:12,1,818,1,7,Drama,4,4.99,17.99,Gordon Allard
5082,2005-07-09 05:28:38,1584,470,2005-07-10 02:46:38,2,347,1,16,Travel,7,4.99,17.99,Gordon Allard
10944,2005-08-02 03:20:03,2373,470,2005-08-04 04:13:03,2,518,1,16,Travel,5,4.99,15.99,Gordon Allard
4373,2005-07-07 20:10:59,3593,470,2005-07-12 21:30:59,2,785,2,16,Travel,6,4.99,20.99,Gordon Allard
4502,2005-07-08 02:12:04,225,470,2005-07-15 02:19:04,2,50,2,8,Family,3,2.99,20.99,Gordon Allard
60,2005-05-25 08:58:25,330,470,2005-05-30 14:14:25,1,73,2,14,Sci-Fi,5,2.99,22.99,Gordon Allard
6927,2005-07-26 22:56:00,4511,470,2005-08-05 03:16:00,2,985,1,14,Sci-Fi,4,4.99,19.99,Gordon Allard
8890,2005-07-30 00:42:06,3656,470,2005-08-05 21:04:06,1,798,2,14,Sci-Fi,4,4.99,11.99,Gordon Allard
1283,2005-06-15 08:27:30,3177,470,2005-06-16 09:46:30,2,697,2,1,Action,7,0.99,16.99,Gordon Allard
3764,2005-07-06 13:01:03,3115,470,2005-07-13 15:26:03,1,684,2,10,Games,4,2.99,11.99,Gordon Allard
10006,2005-07-31 17:54:35,2538,470,2005-08-02 20:40:35,2,556,2,10,Games,6,4.99,26.99,Gordon Allard
3841,2005-07-06 16:34:00,4228,470,2005-07-08 15:12:00,2,919,1,10,Games,3,4.99,17.99,Gordon Allard
3922,2005-07-06 20:32:27,2878,470,2005-07-14 19:00:27,1,631,1,15,Sports,4,0.99,11.99,Gordon Allard
6703,2005-07-12 12:50:19,46,470,2005-07-16 13:41:19,1,10,1,15,Sports,6,4.99,24.99,Gordon Allard
1594,2005-06-16 05:15:12,3858,470,2005-06-25 00:38:12,1,844,2,15,Sports,6,4.99,16.99,Gordon Allard
6942,2005-07-26 23:27:40,1203,470,2005-07-31 03:17:40,2,267,1,13,New,4,4.99,14.99,Gordon Allard
10504,2005-08-01 11:10:55,3345,530,2005-08-10 10:16:55,1,735,1,3,Children,7,2.99,26.99,Darryl Ashcraft
7075,2005-07-27 04:11:40,4414,530,2005-08-03 08:16:40,2,965,1,11,Horror,6,0.99,28.99,Darryl Ashcraft
8208,2005-07-28 23:26:35,1362,530,2005-08-01 23:00:35,2,300,2,2,Animation,5,4.99,21.99,Darryl Ashcraft
7031,2005-07-27 03:02:07,1435,530,2005-08-02 07:14:07,1,314,1,2,Animation,3,0.99,13.99,Darryl Ashcraft
8736,2005-07-29 18:31:15,1726,530,2005-07-30 16:24:15,2,376,2,9,Foreign,4,0.99,20.99,Darryl Ashcraft
1273,2005-06-15 07:52:35,361,530,2005-06-21 04:55:35,1,79,2,7,Drama,5,0.99,10.99,Darryl Ashcraft
3669,2005-07-06 08:38:29,1299,530,2005-07-10 05:28:29,1,286,2,16,Travel,7,2.99,16.99,Darryl Ashcraft
851,2005-05-30 01:35:15,2780,530,2005-06-06 07:27:15,1,610,1,8,Family,7,0.99,17.99,Darryl Ashcraft
1516,2005-06-15 23:11:10,3702,530,2005-06-17 20:37:10,1,810,1,8,Family,5,0.99,21.99,Darryl Ashcraft
3887,2005-07-06 18:46:34,1695,530,2005-07-07 13:15:34,1,369,2,14,Sci-Fi,4,4.99,22.99,Darryl Ashcraft
2158,2005-06-17 23:36:27,243,530,2005-06-19 19:25:27,2,55,1,14,Sci-Fi,6,2.99,27.99,Darryl Ashcraft
10211,2005-08-01 01:01:16,810,530,2005-08-10 01:31:16,1,176,2,15,Sports,6,0.99,21.99,Darryl Ashcraft
9914,2005-07-31 14:51:19,3147,530,2005-08-05 09:51:19,1,691,1,15,Sports,6,4.99,29.99,Darryl Ashcraft
5663,2005-07-10 08:01:33,3078,530,2005-07-15 03:36:33,2,677,1,13,New,6,0.99,25.99,Darryl Ashcraft
7218,2005-07-27 09:34:24,2458,530,2005-08-01 07:00:24,1,536,2,4,Classics,3,2.99,18.99,Darryl Ashcraft
1869,2005-06-17 02:08:00,871,351,2005-06-19 21:43:00,1,191,2,3,Children,6,0.99,27.99,Jack Foust
6664,2005-07-12 11:28:22,4578,351,2005-07-15 09:30:22,1,1000,2,5,Comedy,3,4.99,18.99,Jack Foust
10119,2005-07-31 21:20:59,54,351,2005-08-02 23:14:59,2,11,1,9,Foreign,6,0.99,16.99,Jack Foust
4756,2005-07-08 14:24:00,3068,351,2005-07-12 16:16:00,1,674,1,9,Foreign,3,0.99,11.99,Jack Foust
8512,2005-07-29 09:48:03,4132,351,2005-07-31 13:40:03,1,897,2,7,Drama,3,4.99,27.99,Jack Foust
1792,2005-06-16 20:04:50,3800,351,2005-06-26 00:57:50,1,832,1,8,Family,5,0.99,16.99,Jack Foust
5280,2005-07-09 14:55:07,1177,351,2005-07-12 10:05:07,2,262,2,8,Family,5,0.99,17.99,Jack Foust
2759,2005-06-19 17:10:24,687,351,2005-06-24 21:56:24,2,150,2,6,Documentary,7,2.99,9.99,Jack Foust
1137,2005-05-31 19:20:14,3259,351,2005-06-07 16:10:14,1,717,1,1,Action,6,0.99,23.99,Jack Foust
4544,2005-07-08 04:11:04,4471,351,2005-07-09 22:48:04,1,976,2,10,Games,6,0.99,12.99,Jack Foust
5912,2005-07-10 20:58:22,1187,351,2005-07-17 01:15:22,2,264,2,10,Games,6,2.99,13.99,Jack Foust
7630,2005-07-28 01:01:03,2798,351,2005-07-31 01:08:03,2,614,2,10,Games,5,4.99,11.99,Jack Foust
3836,2005-07-06 16:26:04,1148,351,2005-07-10 15:08:04,1,254,1,15,Sports,4,2.99,11.99,Jack Foust
4761,2005-07-08 14:51:45,3556,351,2005-07-14 20:28:45,1,777,2,15,Sports,5,4.99,10.99,Jack Foust
10501,2005-08-01 11:04:46,1792,351,2005-08-02 12:10:46,2,389,2,15,Sports,3,2.99,9.99,Jack Foust
9707,2005-07-31 07:44:18,203,351,2005-08-08 12:45:18,1,45,1,13,New,5,4.99,14.99,Jack Foust
6777,2005-07-12 16:04:40,4089,351,2005-07-20 15:05:40,2,891,1,4,Classics,3,0.99,13.99,Jack Foust
6180,2005-07-11 11:06:50,4401,351,2005-07-19 09:03:50,2,962,1,4,Classics,7,2.99,18.99,Jack Foust
5462,2005-07-09 22:56:53,871,583,2005-07-11 21:50:53,2,191,2,3,Children,6,0.99,27.99,Marshall Thorn
5747,2005-07-10 12:15:33,4562,583,2005-07-18 10:11:33,1,995,2,11,Horror,5,4.99,11.99,Marshall Thorn
3991,2005-07-06 23:33:41,587,583,2005-07-16 01:31:41,1,127,2,5,Comedy,5,4.99,14.99,Marshall Thorn
10800,2005-08-01 22:07:44,507,583,2005-08-05 22:45:44,1,112,2,9,Foreign,4,4.99,22.99,Marshall Thorn
4464,2005-07-08 00:07:18,4484,583,2005-07-08 22:14:18,2,979,2,7,Drama,6,4.99,10.99,Marshall Thorn
10586,2005-08-01 14:00:59,3306,583,2005-08-06 10:00:59,2,728,1,7,Drama,3,0.99,26.99,Marshall Thorn
5478,2005-07-09 23:45:15,3213,583,2005-07-15 22:48:15,1,706,2,7,Drama,5,4.99,22.99,Marshall Thorn
2429,2005-06-18 17:48:28,3238,583,2005-06-27 15:52:28,1,710,2,8,Family,4,4.99,18.99,Marshall Thorn
3779,2005-07-06 13:46:36,634,583,2005-07-10 15:49:36,2,138,1,14,Sci-Fi,5,2.99,29.99,Marshall Thorn
8568,2005-07-29 11:38:22,1599,583,2005-08-04 13:22:22,2,350,1,14,Sci-Fi,3,4.99,21.99,Marshall Thorn
2879,2005-06-20 01:24:10,1920,583,2005-06-28 20:12:10,2,417,1,1,Action,5,0.99,29.99,Marshall Thorn
9808,2005-07-31 11:17:22,3259,583,2005-08-07 15:54:22,1,717,1,1,Action,6,0.99,23.99,Marshall Thorn
9550,2005-07-31 01:57:34,2233,583,2005-08-08 23:33:34,1,483,1,10,Games,3,2.99,29.99,Marshall Thorn
2663,2005-06-19 10:54:00,1012,583,2005-06-20 16:48:00,1,227,1,10,Games,4,4.99,17.99,Marshall Thorn
2845,2005-06-19 22:46:37,3948,583,2005-06-23 03:31:37,1,861,2,10,Games,3,4.99,12.99,Marshall Thorn
1428,2005-06-15 18:19:30,3689,583,2005-06-22 23:05:30,2,807,1,10,Games,4,0.99,25.99,Marshall Thorn
10301,2005-08-01 04:09:37,3072,583,2005-08-04 23:14:37,2,676,1,15,Sports,7,4.99,16.99,Marshall Thorn
11002,2005-08-02 05:02:56,3073,583,2005-08-05 07:04:56,2,676,2,15,Sports,7,4.99,16.99,Marshall Thorn
6684,2005-07-12 12:14:42,2817,583,2005-07-21 11:07:42,2,619,1,15,Sports,3,0.99,20.99,Marshall Thorn
7401,2005-07-27 16:17:55,2759,583,2005-08-04 15:48:55,1,606,1,15,Sports,3,0.99,15.99,Marshall Thorn
3842,2005-07-06 16:34:32,3119,583,2005-07-08 11:55:32,2,686,1,13,New,5,4.99,9.99,Marshall Thorn
3424,2005-06-21 17:42:51,1279,583,2005-06-24 23:22:51,2,283,1,13,New,6,0.99,10.99,Marshall Thorn
7067,2005-07-27 03:55:10,870,60,2005-08-01 02:56:10,1,191,2,3,Children,6,0.99,27.99,Mildred Bailey
934,2005-05-30 13:24:46,3595,60,2005-06-08 16:44:46,2,786,1,3,Children,7,0.99,14.99,Mildred Bailey
3473,2005-07-05 22:57:34,2735,60,2005-07-12 23:53:34,1,600,1,11,Horror,5,0.99,16.99,Mildred Bailey
3849,2005-07-06 16:49:43,3660,60,2005-07-12 17:20:43,1,800,1,11,Horror,7,2.99,19.99,Mildred Bailey
706,2005-05-29 03:05:49,2278,60,2005-06-04 22:48:49,1,493,2,9,Foreign,5,0.99,18.99,Mildred Bailey
9761,2005-07-31 09:31:54,3778,60,2005-08-03 11:02:54,2,827,2,7,Drama,5,4.99,22.99,Mildred Bailey
1482,2005-06-15 21:18:16,3980,60,2005-06-16 17:07:16,1,867,1,8,Family,5,4.99,10.99,Mildred Bailey
6282,2005-07-11 16:46:22,4453,60,2005-07-15 13:19:22,1,973,1,6,Documentary,3,4.99,27.99,Mildred Bailey
9356,2005-07-30 18:36:24,4188,60,2005-08-03 14:10:24,1,911,2,1,Action,7,4.99,14.99,Mildred Bailey
2394,2005-06-18 15:42:30,2669,60,2005-06-26 16:12:30,1,586,1,1,Action,4,0.99,27.99,Mildred Bailey
10680,2005-08-01 17:28:05,2498,60,2005-08-04 19:34:05,1,549,1,1,Action,4,0.99,28.99,Mildred Bailey
7494,2005-07-27 19:56:31,2259,60,2005-07-30 14:28:31,1,488,2,15,Sports,3,0.99,23.99,Mildred Bailey
7331,2005-07-27 13:57:50,2090,60,2005-07-31 08:59:50,1,453,1,15,Sports,3,2.99,17.99,Mildred Bailey
318,2005-05-26 23:37:39,2559,60,2005-06-03 04:31:39,2,561,1,13,New,6,2.99,26.99,Mildred Bailey
7094,2005-07-27 04:47:33,867,373,2005-07-31 04:07:33,2,191,1,3,Children,6,0.99,27.99,Louis Leone
6944,2005-07-26 23:34:02,1168,373,2005-08-05 01:27:02,1,258,2,11,Horror,6,0.99,11.99,Louis Leone
6311,2005-07-11 18:18:52,1789,373,2005-07-16 17:52:52,2,388,2,5,Comedy,5,0.99,16.99,Louis Leone
3667,2005-07-06 08:36:34,447,373,2005-07-15 04:25:34,2,99,1,5,Comedy,7,2.99,14.99,Louis Leone
7615,2005-07-28 00:15:24,3884,373,2005-07-31 02:00:24,1,849,1,2,Animation,6,0.99,28.99,Louis Leone
11066,2005-08-02 06:58:32,4213,373,2005-08-10 01:27:32,2,916,1,2,Animation,3,2.99,10.99,Louis Leone
10010,2005-07-31 18:01:36,2655,373,2005-08-07 20:27:36,2,582,2,2,Animation,3,2.99,19.99,Louis Leone
7206,2005-07-27 09:07:05,3752,373,2005-07-31 03:13:05,2,820,2,2,Animation,3,2.99,11.99,Louis Leone
6202,2005-07-11 12:24:25,1424,373,2005-07-18 08:13:25,1,311,2,9,Foreign,4,0.99,14.99,Louis Leone
5120,2005-07-09 07:14:23,4431,373,2005-07-14 04:00:23,2,969,1,7,Drama,4,4.99,29.99,Louis Leone
10758,2005-08-01 20:22:51,191,373,2005-08-10 16:11:51,1,43,1,8,Family,6,2.99,15.99,Louis Leone
10221,2005-08-01 01:16:50,3051,373,2005-08-03 05:35:50,2,670,1,6,Documentary,4,4.99,17.99,Louis Leone
8611,2005-07-29 13:26:21,610,373,2005-08-07 18:20:21,2,132,2,14,Sci-Fi,6,0.99,25.99,Louis Leone
9480,2005-07-30 23:26:03,597,373,2005-08-04 21:18:03,2,130,2,1,Action,7,0.99,24.99,Louis Leone
257,2005-05-26 15:27:05,2570,373,2005-05-29 16:25:05,2,563,1,10,Games,6,4.99,16.99,Louis Leone
3609,2005-07-06 05:36:22,1064,373,2005-07-10 05:55:22,1,236,2,10,Games,4,2.99,19.99,Louis Leone
9966,2005-07-31 16:26:46,4137,373,2005-08-03 14:29:46,1,898,2,15,Sports,4,4.99,18.99,Louis Leone
3161,2005-06-20 21:21:01,1326,373,2005-06-21 18:22:01,2,293,1,15,Sports,6,2.99,17.99,Louis Leone
9327,2005-07-30 17:31:03,345,373,2005-08-08 19:16:03,1,77,1,13,New,5,4.99,15.99,Louis Leone
1472,2005-06-15 20:54:55,4233,373,2005-06-24 21:52:55,2,920,2,13,New,3,0.99,16.99,Louis Leone
9397,2005-07-30 20:07:29,1550,373,2005-08-05 00:36:29,1,340,1,13,New,6,4.99,14.99,Louis Leone
4325,2005-07-07 17:59:24,3728,373,2005-07-16 17:10:24,2,815,1,4,Classics,4,2.99,14.99,Louis Leone
8851,2005-07-29 23:26:19,212,445,2005-08-05 03:59:19,2,48,1,3,Children,3,4.99,24.99,Micheal Forman
10007,2005-07-31 17:54:58,293,445,2005-08-05 17:24:58,2,66,1,3,Children,6,0.99,27.99,Micheal Forman
7971,2005-07-28 14:00:47,1910,445,2005-08-02 10:01:47,1,415,2,11,Horror,3,2.99,23.99,Micheal Forman
4193,2005-07-07 10:57:21,3791,445,2005-07-09 07:33:21,2,830,2,11,Horror,7,0.99,23.99,Micheal Forman
5225,2005-07-09 12:10:16,703,445,2005-07-12 09:55:16,2,154,1,2,Animation,6,2.99,12.99,Micheal Forman
10334,2005-08-01 04:58:42,3387,445,2005-08-09 02:00:42,1,743,2,2,Animation,7,0.99,27.99,Micheal Forman
6346,2005-07-11 20:08:34,4066,445,2005-07-16 16:35:34,2,886,1,2,Animation,5,0.99,9.99,Micheal Forman
7351,2005-07-27 14:37:36,2147,445,2005-07-30 09:58:36,2,464,1,2,Animation,3,2.99,13.99,Micheal Forman
481,2005-05-27 22:49:27,72,445,2005-05-30 17:46:27,2,15,1,9,Foreign,5,2.99,10.99,Micheal Forman
8911,2005-07-30 01:30:57,2159,445,2005-08-02 20:01:57,1,467,1,9,Foreign,6,0.99,10.99,Micheal Forman
10341,2005-08-01 05:10:02,3304,445,2005-08-07 11:01:02,1,727,2,8,Family,6,0.99,12.99,Micheal Forman
4041,2005-07-07 03:03:33,2217,445,2005-07-09 07:57:33,2,479,2,8,Family,7,0.99,12.99,Micheal Forman
9625,2005-07-31 04:30:48,1703,445,2005-08-03 01:12:48,1,371,1,1,Action,5,4.99,17.99,Micheal Forman
960,2005-05-30 18:13:23,1966,445,2005-06-04 00:12:23,2,429,1,15,Sports,3,0.99,29.99,Micheal Forman
10936,2005-08-02 02:55:04,463,445,2005-08-11 07:56:04,1,102,2,15,Sports,4,4.99,20.99,Micheal Forman
3230,2005-06-21 02:23:16,215,83,2005-06-22 01:37:16,2,48,2,3,Children,3,4.99,24.99,Louise Jenkins
6861,2005-07-12 19:56:52,354,83,2005-07-13 16:02:52,1,78,2,2,Animation,7,2.99,12.99,Louise Jenkins
3754,2005-07-06 12:35:44,4042,83,2005-07-08 16:28:44,1,880,1,2,Animation,6,2.99,9.99,Louise Jenkins
9867,2005-07-31 13:17:04,2485,83,2005-08-05 07:17:04,2,545,1,9,Foreign,4,0.99,14.99,Louise Jenkins
989,2005-05-30 23:11:51,4388,83,2005-06-03 20:36:51,2,958,2,7,Drama,6,2.99,19.99,Louise Jenkins
8729,2005-07-29 18:23:02,3342,83,2005-07-31 16:09:02,2,734,2,6,Documentary,4,4.99,12.99,Louise Jenkins
5394,2005-07-09 19:36:15,1828,83,2005-07-18 18:10:15,2,397,1,14,Sci-Fi,5,2.99,26.99,Louise Jenkins
6194,2005-07-11 11:51:00,1049,83,2005-07-15 12:34:00,2,234,1,14,Sci-Fi,6,2.99,27.99,Louise Jenkins
222,2005-05-26 10:14:38,2745,83,2005-05-31 08:36:38,2,602,2,14,Sci-Fi,5,0.99,14.99,Louise Jenkins
1354,2005-06-15 13:13:49,1294,83,2005-06-23 13:08:49,2,285,2,14,Sci-Fi,3,0.99,18.99,Louise Jenkins
1591,2005-06-16 05:12:37,1648,83,2005-06-25 06:28:37,2,360,1,1,Action,4,0.99,24.99,Louise Jenkins
1617,2005-06-16 07:06:06,1382,83,2005-06-25 03:35:06,1,303,2,1,Action,6,0.99,27.99,Louise Jenkins
950,2005-05-30 16:06:08,491,83,2005-06-01 11:43:08,1,109,2,13,New,3,0.99,17.99,Louise Jenkins
3722,2005-07-06 11:10:27,604,83,2005-07-13 12:56:27,2,131,2,4,Classics,5,4.99,12.99,Louise Jenkins
5218,2005-07-09 11:57:12,1121,83,2005-07-13 06:34:12,2,249,1,4,Classics,7,0.99,26.99,Louise Jenkins
7721,2005-07-28 04:42:58,2228,83,2005-07-31 07:52:58,1,482,1,4,Classics,3,0.99,12.99,Louise Jenkins
7149,2005-07-27 07:10:40,3902,242,2005-08-03 07:37:40,2,852,1,3,Children,4,0.99,27.99,Glenda Frazier
8491,2005-07-29 09:02:13,1806,242,2005-08-03 04:32:13,1,392,1,3,Children,5,4.99,13.99,Glenda Frazier
1384,2005-06-15 15:22:03,4242,242,2005-06-18 18:11:03,1,922,2,11,Horror,7,4.99,22.99,Glenda Frazier
9423,2005-07-30 21:10:14,3145,242,2005-08-07 16:34:14,2,690,2,2,Animation,7,2.99,25.99,Glenda Frazier
2942,2005-06-20 05:27:31,999,242,2005-06-29 00:35:31,1,223,2,2,Animation,7,2.99,24.99,Glenda Frazier
3471,2005-07-05 22:51:44,1724,242,2005-07-13 01:38:44,2,376,1,9,Foreign,4,0.99,20.99,Glenda Frazier
1702,2005-06-16 13:21:05,1822,242,2005-06-19 10:13:05,2,396,2,7,Drama,5,4.99,18.99,Glenda Frazier
283,2005-05-26 19:05:05,3530,242,2005-05-31 19:19:05,1,772,2,7,Drama,4,2.99,24.99,Glenda Frazier
1483,2005-06-15 21:21:58,1926,242,2005-06-24 00:44:58,2,418,1,7,Drama,5,0.99,27.99,Glenda Frazier
1304,2005-06-15 09:56:02,1304,242,2005-06-24 07:00:02,1,288,1,16,Travel,7,2.99,20.99,Glenda Frazier
108,2005-05-25 18:30:05,3289,242,2005-05-30 19:40:05,1,724,2,8,Family,5,2.99,15.99,Glenda Frazier
4426,2005-07-07 22:28:32,364,242,2005-07-16 02:04:32,1,80,1,8,Family,7,2.99,21.99,Glenda Frazier
10382,2005-08-01 06:36:45,4455,242,2005-08-02 06:06:45,1,973,2,6,Documentary,3,4.99,27.99,Glenda Frazier
9730,2005-07-31 08:50:08,2605,242,2005-08-08 12:21:08,2,572,1,14,Sci-Fi,4,2.99,9.99,Glenda Frazier
10650,2005-08-01 16:18:45,2306,242,2005-08-09 16:29:45,1,501,1,1,Action,3,4.99,9.99,Glenda Frazier
3604,2005-07-06 05:25:22,1380,242,2005-07-07 23:52:22,1,303,1,1,Action,6,0.99,27.99,Glenda Frazier
4895,2005-07-08 20:22:05,2620,242,2005-07-12 20:49:05,1,574,2,1,Action,3,0.99,19.99,Glenda Frazier
10367,2005-08-01 06:12:19,3408,242,2005-08-04 12:11:19,2,747,2,10,Games,5,0.99,9.99,Glenda Frazier
2691,2005-06-19 13:06:50,3469,242,2005-06-26 15:56:50,1,760,2,13,New,5,2.99,21.99,Glenda Frazier
5666,2005-07-10 08:10:29,2225,242,2005-07-17 04:54:29,2,481,2,13,New,4,2.99,22.99,Glenda Frazier
881,2005-05-30 06:15:36,602,242,2005-06-02 10:21:36,1,131,1,4,Classics,5,4.99,12.99,Glenda Frazier
11020,2005-08-02 05:29:48,1645,242,2005-08-06 05:36:48,2,358,2,4,Classics,5,0.99,29.99,Glenda Frazier
7851,2005-07-28 09:31:58,3596,253,2005-08-04 09:58:58,2,786,1,3,Children,7,0.99,14.99,Terry Carlson
2142,2005-06-17 21:55:43,1787,253,2005-06-26 19:41:43,2,388,2,5,Comedy,5,0.99,16.99,Terry Carlson
1378,2005-06-15 15:03:15,4372,253,2005-06-19 16:50:15,1,953,1,2,Animation,3,0.99,9.99,Terry Carlson
2454,2005-06-18 19:32:51,314,253,2005-06-24 20:03:51,2,70,2,2,Animation,7,4.99,26.99,Terry Carlson
986,2005-05-30 22:22:52,4045,253,2005-06-01 02:24:52,1,880,2,2,Animation,6,2.99,9.99,Terry Carlson
2636,2005-06-19 09:13:06,2102,253,2005-06-25 07:47:06,2,456,2,2,Animation,6,4.99,18.99,Terry Carlson
10404,2005-08-01 07:31:25,2580,253,2005-08-07 09:23:25,1,565,1,9,Foreign,6,4.99,9.99,Terry Carlson
10881,2005-08-02 00:38:14,781,253,2005-08-09 22:02:14,2,170,2,9,Foreign,5,4.99,28.99,Terry Carlson
5602,2005-07-10 05:02:22,3544,253,2005-07-14 23:40:22,2,775,1,7,Drama,4,4.99,18.99,Terry Carlson
566,2005-05-28 09:51:39,4330,253,2005-06-05 09:35:39,1,944,2,7,Drama,6,4.99,29.99,Terry Carlson
2081,2005-06-17 17:05:02,917,253,2005-06-26 20:26:02,1,204,1,7,Drama,4,0.99,25.99,Terry Carlson
9606,2005-07-31 03:50:46,1357,253,2005-08-01 05:29:46,2,299,1,16,Travel,4,0.99,9.99,Terry Carlson
8752,2005-07-29 19:15:07,4202,253,2005-07-31 13:27:07,1,914,1,16,Travel,6,2.99,13.99,Terry Carlson
7689,2005-07-28 03:21:24,1803,253,2005-07-31 08:01:24,2,391,2,8,Family,6,2.99,25.99,Terry Carlson
3658,2005-07-06 08:01:08,3453,253,2005-07-15 06:36:08,1,757,1,6,Documentary,4,2.99,28.99,Terry Carlson
5505,2005-07-10 00:38:48,896,253,2005-07-12 03:12:48,2,199,2,6,Documentary,4,2.99,29.99,Terry Carlson
648,2005-05-28 19:25:54,3476,253,2005-06-03 15:57:54,2,762,2,10,Games,6,0.99,29.99,Terry Carlson
1606,2005-06-16 06:18:31,4290,253,2005-06-25 09:15:31,1,934,2,10,Games,7,4.99,20.99,Terry Carlson
7887,2005-07-28 10:40:12,2820,253,2005-08-02 06:09:12,1,619,2,15,Sports,3,0.99,20.99,Terry Carlson
9618,2005-07-31 04:16:14,2688,253,2005-08-07 02:43:14,2,590,1,13,New,3,2.99,17.99,Terry Carlson
10660,2005-08-01 16:48:01,2518,253,2005-08-07 14:42:01,2,554,1,4,Classics,6,2.99,22.99,Terry Carlson
8562,2005-07-29 11:32:13,3595,255,2005-07-30 08:23:13,2,786,1,3,Children,7,0.99,14.99,Irma Pearson
3442,2005-06-21 20:06:51,1896,255,2005-06-25 17:35:51,2,413,1,5,Comedy,7,2.99,16.99,Irma Pearson
7475,2005-07-27 19:07:43,1670,255,2005-08-04 22:12:43,2,365,1,5,Comedy,4,4.99,21.99,Irma Pearson
1420,2005-06-15 17:56:14,4149,255,2005-06-24 15:45:14,2,901,2,2,Animation,3,0.99,29.99,Irma Pearson
4547,2005-07-08 04:20:19,3386,255,2005-07-09 00:28:19,2,743,2,2,Animation,7,0.99,27.99,Irma Pearson
1235,2005-06-15 04:31:28,1000,255,2005-06-22 10:08:28,1,223,2,2,Animation,7,2.99,24.99,Irma Pearson
7646,2005-07-28 01:31:45,1615,255,2005-07-31 07:16:45,1,353,1,9,Foreign,6,2.99,22.99,Irma Pearson
5706,2005-07-10 10:21:46,3701,255,2005-07-16 04:37:46,2,810,1,8,Family,5,0.99,21.99,Irma Pearson
9061,2005-07-30 07:21:52,1933,255,2005-08-08 10:52:52,1,420,2,15,Sports,7,4.99,27.99,Irma Pearson
5943,2005-07-10 22:48:13,3019,255,2005-07-16 01:33:13,1,663,1,4,Classics,7,0.99,29.99,Irma Pearson
1681,2005-06-16 11:38:17,530,255,2005-06-19 13:05:17,1,116,2,4,Classics,4,2.99,10.99,Irma Pearson
2720,2005-06-19 14:51:55,3597,504,2005-06-27 13:06:55,1,786,2,3,Children,7,0.99,14.99,Nathaniel Adam
838,2005-05-30 00:27:57,2859,504,2005-06-06 22:19:57,2,626,2,3,Children,5,2.99,12.99,Nathaniel Adam
10397,2005-08-01 07:11:27,4168,504,2005-08-03 07:51:27,1,906,2,5,Comedy,4,0.99,27.99,Nathaniel Adam
136,2005-05-25 22:02:30,2296,504,2005-05-31 18:06:30,1,500,1,9,Foreign,5,4.99,11.99,Nathaniel Adam
3713,2005-07-06 10:49:30,1823,504,2005-07-13 10:44:30,1,396,2,7,Drama,5,4.99,18.99,Nathaniel Adam
8393,2005-07-29 06:02:11,3369,504,2005-08-07 03:23:11,1,739,1,7,Drama,4,4.99,17.99,Nathaniel Adam
3712,2005-07-06 10:47:35,3741,504,2005-07-15 09:39:35,1,818,1,7,Drama,4,4.99,17.99,Nathaniel Adam
4329,2005-07-07 18:04:16,638,504,2005-07-15 17:58:16,2,139,1,8,Family,7,4.99,21.99,Nathaniel Adam
7807,2005-07-28 07:58:27,2204,504,2005-08-01 02:48:27,2,476,2,8,Family,5,2.99,9.99,Nathaniel Adam
2938,2005-06-20 05:17:22,1795,504,2005-06-26 09:38:22,1,390,1,14,Sci-Fi,4,4.99,20.99,Nathaniel Adam
5153,2005-07-09 08:35:05,2826,504,2005-07-18 14:21:05,1,620,2,14,Sci-Fi,5,2.99,23.99,Nathaniel Adam
10509,2005-08-01 11:25:28,96,504,2005-08-10 09:19:28,2,19,1,1,Action,6,0.99,20.99,Nathaniel Adam
470,2005-05-27 21:17:08,1613,504,2005-06-04 17:47:08,1,352,2,10,Games,4,0.99,22.99,Nathaniel Adam
7875,2005-07-28 10:23:48,3693,504,2005-08-02 12:09:48,1,807,2,10,Games,4,0.99,25.99,Nathaniel Adam
7567,2005-07-27 22:38:05,1066,504,2005-07-30 17:20:05,1,237,1,15,Sports,3,2.99,21.99,Nathaniel Adam
7342,2005-07-27 14:25:17,4083,504,2005-08-04 10:02:17,2,890,2,15,Sports,5,0.99,14.99,Nathaniel Adam
7944,2005-07-28 12:51:22,3148,504,2005-07-30 12:19:22,1,691,1,15,Sports,6,4.99,29.99,Nathaniel Adam
4757,2005-07-08 14:36:51,1278,504,2005-07-12 15:28:51,1,283,1,13,New,6,0.99,10.99,Nathaniel Adam
5724,2005-07-10 11:18:12,3597,289,2005-07-16 14:53:12,2,786,2,3,Children,7,0.99,14.99,Violet Rodriquez
3588,2005-07-06 04:29:13,3154,289,2005-07-07 23:49:13,1,693,1,2,Animation,5,2.99,16.99,Violet Rodriquez
4622,2005-07-08 08:02:42,2710,289,2005-07-10 07:46:42,2,595,1,9,Foreign,7,0.99,20.99,Violet Rodriquez
5089,2005-07-09 05:45:40,451,289,2005-07-15 05:31:40,1,100,1,9,Foreign,7,4.99,21.99,Violet Rodriquez
7162,2005-07-27 07:32:45,2251,289,2005-07-30 03:48:45,1,486,2,9,Foreign,7,4.99,14.99,Violet Rodriquez
7325,2005-07-27 13:46:55,1727,289,2005-07-28 14:21:55,1,376,2,9,Foreign,4,0.99,20.99,Violet Rodriquez
6536,2005-07-12 04:44:25,3521,289,2005-07-18 01:52:25,2,771,2,7,Drama,3,4.99,23.99,Violet Rodriquez
2316,2005-06-18 09:04:59,372,289,2005-06-20 09:39:59,2,82,1,8,Family,3,0.99,13.99,Violet Rodriquez
9498,2005-07-30 23:56:55,1035,289,2005-08-03 18:34:55,2,231,2,8,Family,7,2.99,27.99,Violet Rodriquez
2948,2005-06-20 06:02:35,4254,289,2005-06-29 09:12:35,2,925,1,6,Documentary,3,0.99,27.99,Violet Rodriquez
6007,2005-07-11 01:43:06,4393,289,2005-07-17 04:46:06,1,960,2,6,Documentary,5,2.99,15.99,Violet Rodriquez
5584,2005-07-10 04:15:25,2606,289,2005-07-16 22:54:25,2,572,1,14,Sci-Fi,4,2.99,9.99,Violet Rodriquez
2387,2005-06-18 15:24:19,692,289,2005-06-25 17:41:19,2,151,2,14,Sci-Fi,5,4.99,26.99,Violet Rodriquez
2784,2005-06-19 18:40:29,2305,289,2005-06-28 15:27:29,1,501,1,1,Action,3,4.99,9.99,Violet Rodriquez
5342,2005-07-09 17:20:03,3828,289,2005-07-18 12:44:03,2,838,2,1,Action,5,4.99,25.99,Violet Rodriquez
10297,2005-08-01 04:05:04,2795,289,2005-08-09 06:08:04,1,614,1,10,Games,5,4.99,11.99,Violet Rodriquez
7151,2005-07-27 07:14:31,1259,289,2005-08-01 01:35:31,2,279,1,15,Sports,7,4.99,11.99,Violet Rodriquez
3123,2005-06-20 18:26:14,1656,289,2005-06-29 17:17:14,1,361,2,15,Sports,5,2.99,25.99,Violet Rodriquez
1880,2005-06-17 03:08:59,1133,289,2005-06-19 07:16:59,1,251,2,13,New,6,4.99,19.99,Violet Rodriquez
6275,2005-07-11 16:12:11,3599,333,2005-07-17 20:19:11,2,786,2,3,Children,7,0.99,14.99,Andrew Purdy
4,2005-05-24 23:04:41,2452,333,2005-06-03 01:43:41,2,535,1,11,Horror,6,0.99,21.99,Andrew Purdy
8719,2005-07-29 17:45:45,995,333,2005-08-01 13:53:45,1,222,2,11,Horror,4,4.99,27.99,Andrew Purdy
9148,2005-07-30 10:39:10,1407,333,2005-08-04 07:17:10,2,308,1,5,Comedy,3,2.99,13.99,Andrew Purdy
9338,2005-07-30 18:03:13,1482,333,2005-08-08 23:57:13,2,324,1,5,Comedy,3,4.99,11.99,Andrew Purdy
2149,2005-06-17 22:50:00,3365,333,2005-06-26 18:40:00,1,738,2,9,Foreign,3,0.99,27.99,Andrew Purdy
1667,2005-06-16 10:18:59,2362,333,2005-06-22 14:45:59,2,514,2,7,Drama,6,2.99,17.99,Andrew Purdy
5645,2005-07-10 06:58:21,1586,333,2005-07-18 04:19:21,2,348,2,8,Family,7,0.99,9.99,Andrew Purdy
3110,2005-06-20 17:40:12,2008,333,2005-06-24 17:09:12,1,437,2,8,Family,7,2.99,13.99,Andrew Purdy
6958,2005-07-27 00:02:41,657,333,2005-07-28 00:53:41,2,142,2,6,Documentary,3,0.99,24.99,Andrew Purdy
10062,2005-07-31 19:24:55,1815,333,2005-08-03 22:51:55,2,394,1,14,Sci-Fi,7,2.99,21.99,Andrew Purdy
5892,2005-07-10 20:02:42,4322,333,2005-07-11 20:02:42,1,941,2,10,Games,4,4.99,10.99,Andrew Purdy
10844,2005-08-01 23:46:58,1516,333,2005-08-09 19:42:58,2,331,1,10,Games,6,2.99,25.99,Andrew Purdy
6931,2005-07-26 23:02:57,2794,333,2005-07-28 04:48:57,2,614,1,10,Games,5,4.99,11.99,Andrew Purdy
10035,2005-07-31 18:46:46,2694,333,2005-08-04 20:33:46,1,591,2,10,Games,6,4.99,20.99,Andrew Purdy
5032,2005-07-09 02:39:47,2257,333,2005-07-10 07:45:47,1,488,2,15,Sports,3,0.99,23.99,Andrew Purdy
7076,2005-07-27 04:12:14,2821,333,2005-08-05 00:44:14,1,619,2,15,Sports,3,0.99,20.99,Andrew Purdy
7246,2005-07-27 10:30:41,2003,333,2005-07-30 05:44:41,1,436,2,13,New,4,0.99,14.99,Andrew Purdy
2929,2005-06-20 04:47:39,3389,333,2005-06-25 23:16:39,2,744,1,4,Classics,4,0.99,23.99,Andrew Purdy
9885,2005-07-31 13:59:32,3600,461,2005-08-07 12:30:32,2,786,2,3,Children,7,0.99,14.99,Derek Blakely
3698,2005-07-06 10:09:20,1263,461,2005-07-08 15:49:20,1,280,1,3,Children,7,0.99,26.99,Derek Blakely
5650,2005-07-10 07:17:01,2793,461,2005-07-15 11:59:01,1,613,1,5,Comedy,5,0.99,19.99,Derek Blakely
7334,2005-07-27 13:59:58,3006,461,2005-07-29 11:33:58,1,660,1,5,Comedy,7,2.99,11.99,Derek Blakely
11063,2005-08-02 06:53:48,2261,461,2005-08-05 03:38:48,2,489,1,2,Animation,4,0.99,14.99,Derek Blakely
10113,2005-07-31 21:10:03,3974,461,2005-08-02 21:13:03,2,865,2,2,Animation,3,4.99,19.99,Derek Blakely
7664,2005-07-28 02:24:23,1989,461,2005-07-29 23:01:23,1,433,2,2,Animation,4,2.99,23.99,Derek Blakely
5809,2005-07-10 15:19:30,1748,461,2005-07-13 12:31:30,2,380,1,9,Foreign,7,2.99,11.99,Derek Blakely
8164,2005-07-28 21:17:19,1674,461,2005-07-30 21:12:19,2,366,1,7,Drama,3,0.99,29.99,Derek Blakely
8133,2005-07-28 20:01:06,849,461,2005-08-01 20:01:06,1,186,2,7,Drama,6,0.99,17.99,Derek Blakely
3319,2005-06-21 08:25:46,2482,461,2005-06-27 03:54:46,2,544,2,6,Documentary,4,2.99,11.99,Derek Blakely
3127,2005-06-20 18:39:43,1292,461,2005-06-28 17:55:43,1,285,2,14,Sci-Fi,3,0.99,18.99,Derek Blakely
684,2005-05-29 00:13:15,3242,461,2005-06-04 21:26:15,2,711,2,14,Sci-Fi,4,4.99,18.99,Derek Blakely
4586,2005-07-08 06:12:33,1374,461,2005-07-13 11:06:33,2,302,2,10,Games,5,2.99,29.99,Derek Blakely
10260,2005-08-01 02:58:07,2864,461,2005-08-05 02:06:07,2,628,1,15,Sports,5,2.99,24.99,Derek Blakely
9499,2005-07-30 23:58:30,602,461,2005-08-01 00:55:30,2,131,1,4,Classics,5,4.99,12.99,Derek Blakely
10665,2005-08-01 16:56:17,3594,133,2005-08-03 18:58:17,1,786,1,3,Children,7,0.99,14.99,Pauline Henry
4506,2005-07-08 02:22:18,1484,133,2005-07-13 04:54:18,2,324,2,5,Comedy,3,4.99,11.99,Pauline Henry
4829,2005-07-08 17:54:18,2661,133,2005-07-11 23:41:18,1,584,1,9,Foreign,6,2.99,26.99,Pauline Henry
6157,2005-07-11 09:48:16,4481,133,2005-07-16 05:00:16,2,979,1,7,Drama,6,4.99,10.99,Pauline Henry
3006,2005-06-20 10:10:29,1677,133,2005-06-22 07:26:29,2,366,1,7,Drama,3,0.99,29.99,Pauline Henry
7400,2005-07-27 16:16:37,2874,133,2005-07-31 12:34:37,2,630,2,7,Drama,7,0.99,19.99,Pauline Henry
9175,2005-07-30 11:47:48,358,133,2005-08-02 08:13:48,1,79,1,7,Drama,5,0.99,10.99,Pauline Henry
5063,2005-07-09 04:37:31,1027,133,2005-07-13 09:56:31,2,230,1,7,Drama,7,2.99,20.99,Pauline Henry
9671,2005-07-31 06:33:41,920,133,2005-08-02 07:50:41,1,204,2,7,Drama,4,0.99,25.99,Pauline Henry
2665,2005-06-19 11:12:35,4531,133,2005-06-26 11:55:35,2,989,1,16,Travel,4,4.99,22.99,Pauline Henry
1522,2005-06-16 00:17:39,235,133,2005-06-22 05:38:39,1,53,1,8,Family,5,2.99,25.99,Pauline Henry
3365,2005-06-21 12:55:48,657,133,2005-06-23 13:38:48,2,142,2,6,Documentary,3,0.99,24.99,Pauline Henry
9139,2005-07-30 10:11:52,2809,133,2005-08-03 12:44:52,1,616,2,6,Documentary,4,2.99,19.99,Pauline Henry
8389,2005-07-29 05:50:09,1241,133,2005-08-06 05:15:09,2,274,2,6,Documentary,4,2.99,20.99,Pauline Henry
275,2005-05-26 17:09:53,1718,133,2005-06-04 22:35:53,1,374,2,14,Sci-Fi,3,0.99,29.99,Pauline Henry
447,2005-05-27 18:57:02,3890,133,2005-06-05 18:38:02,1,850,1,1,Action,7,0.99,27.99,Pauline Henry
4681,2005-07-08 10:36:03,1025,133,2005-07-16 09:21:03,2,229,2,1,Action,6,4.99,12.99,Pauline Henry
7177,2005-07-27 08:07:39,3818,133,2005-07-30 03:17:39,2,835,2,10,Games,6,2.99,13.99,Pauline Henry
6609,2005-07-12 08:19:41,3332,133,2005-07-19 08:19:41,2,733,1,15,Sports,4,0.99,29.99,Pauline Henry
4566,2005-07-08 05:18:50,4302,133,2005-07-15 01:53:50,1,937,2,13,New,7,2.99,14.99,Pauline Henry
10020,2005-07-31 18:21:08,302,526,2005-08-02 14:03:08,2,68,2,3,Children,5,4.99,26.99,Karl Seal
1255,2005-06-15 06:13:45,1433,526,2005-06-16 03:59:45,2,313,2,11,Horror,5,4.99,11.99,Karl Seal
6316,2005-07-11 18:44:52,1910,526,2005-07-19 23:35:52,2,415,2,11,Horror,3,2.99,23.99,Karl Seal
10199,2005-08-01 00:38:55,3665,526,2005-08-05 03:41:55,1,800,2,11,Horror,7,2.99,19.99,Karl Seal
8232,2005-07-29 00:14:37,3255,526,2005-08-06 00:57:37,1,716,2,11,Horror,6,2.99,26.99,Karl Seal
2398,2005-06-18 15:56:53,3001,526,2005-06-27 14:25:53,2,658,2,11,Horror,7,2.99,19.99,Karl Seal
9577,2005-07-31 02:53:33,2423,526,2005-08-07 05:56:33,1,529,1,5,Comedy,3,2.99,12.99,Karl Seal
7883,2005-07-28 10:37:20,447,526,2005-08-02 05:08:20,1,99,1,5,Comedy,7,2.99,14.99,Karl Seal
6650,2005-07-12 10:57:10,1589,526,2005-07-14 07:24:10,1,349,1,2,Animation,4,2.99,27.99,Karl Seal
3339,2005-06-21 10:37:11,312,526,2005-06-30 05:04:11,2,70,1,2,Animation,7,4.99,26.99,Karl Seal
1865,2005-06-17 01:49:36,2657,526,2005-06-23 21:13:36,1,583,1,2,Animation,3,4.99,26.99,Karl Seal
8053,2005-07-28 16:59:41,1511,526,2005-08-03 22:28:41,2,330,2,2,Animation,7,4.99,22.99,Karl Seal
8441,2005-07-29 07:33:05,1000,526,2005-08-04 04:00:05,2,223,2,2,Animation,7,2.99,24.99,Karl Seal
11046,2005-08-02 06:08:34,2105,526,2005-08-06 08:45:34,2,456,2,2,Animation,6,4.99,18.99,Karl Seal
679,2005-05-28 23:24:57,907,526,2005-06-06 21:59:57,2,201,1,9,Foreign,7,2.99,18.99,Karl Seal
1972,2005-06-17 09:25:49,2758,526,2005-06-24 09:59:49,2,605,2,9,Foreign,7,2.99,13.99,Karl Seal
2828,2005-06-19 20:51:33,3230,526,2005-06-25 17:38:33,1,709,2,7,Drama,7,2.99,19.99,Karl Seal
6671,2005-07-12 11:48:48,955,526,2005-07-19 16:55:48,2,213,1,8,Family,4,0.99,19.99,Karl Seal
3619,2005-07-06 05:59:44,3350,526,2005-07-11 08:58:44,2,736,1,8,Family,4,0.99,21.99,Karl Seal
1015,2005-05-31 02:44:57,3702,526,2005-06-07 23:01:57,2,810,1,8,Family,5,0.99,21.99,Karl Seal
1848,2005-06-17 00:07:07,3797,526,2005-06-21 21:41:07,2,832,1,8,Family,5,0.99,16.99,Karl Seal
7343,2005-07-27 14:27:13,1177,526,2005-07-30 09:27:13,2,262,2,8,Family,5,0.99,17.99,Karl Seal
5056,2005-07-09 04:13:45,2599,526,2005-07-10 06:17:45,2,571,1,6,Documentary,6,2.99,26.99,Karl Seal
2932,2005-06-20 04:51:19,4418,526,2005-06-29 08:31:19,1,966,2,6,Documentary,3,0.99,14.99,Karl Seal
7270,2005-07-27 11:29:02,1888,526,2005-08-05 08:04:02,1,412,1,6,Documentary,6,4.99,25.99,Karl Seal
1981,2005-06-17 10:03:34,3186,526,2005-06-20 13:14:34,2,698,2,6,Documentary,3,2.99,29.99,Karl Seal
7399,2005-07-27 16:16:02,1682,526,2005-08-03 18:02:02,2,367,1,14,Sci-Fi,6,0.99,20.99,Karl Seal
7543,2005-07-27 21:44:28,1289,526,2005-08-04 21:42:28,2,285,1,14,Sci-Fi,3,0.99,18.99,Karl Seal
4423,2005-07-07 22:11:28,2721,526,2005-07-14 18:49:28,2,597,2,10,Games,5,4.99,12.99,Karl Seal
3905,2005-07-06 19:33:34,3817,526,2005-07-15 17:55:34,1,835,2,10,Games,6,2.99,13.99,Karl Seal
6404,2005-07-11 22:49:50,1183,526,2005-07-14 18:29:50,2,263,2,15,Sports,6,4.99,14.99,Karl Seal
5121,2005-07-09 07:18:31,3321,526,2005-07-15 01:48:31,1,730,2,13,New,3,0.99,28.99,Karl Seal
495,2005-05-28 00:40:48,1007,526,2005-05-29 06:07:48,1,226,1,13,New,4,4.99,20.99,Karl Seal
1369,2005-06-15 14:29:14,679,221,2005-06-16 13:01:14,1,149,1,3,Children,7,0.99,21.99,Bessie Morrison
9320,2005-07-30 17:16:39,909,221,2005-08-06 18:43:39,2,202,1,5,Comedy,5,4.99,26.99,Bessie Morrison
7531,2005-07-27 21:19:34,2393,221,2005-08-06 01:07:34,2,522,2,5,Comedy,4,2.99,9.99,Bessie Morrison
4649,2005-07-08 09:32:05,1116,221,2005-07-15 08:37:05,2,247,2,5,Comedy,3,0.99,19.99,Bessie Morrison
9453,2005-07-30 22:20:04,1988,221,2005-08-08 02:27:04,1,433,2,2,Animation,4,2.99,23.99,Bessie Morrison
7129,2005-07-27 06:18:01,1930,221,2005-07-28 02:38:01,1,418,2,7,Drama,5,0.99,27.99,Bessie Morrison
5058,2005-07-09 04:20:35,917,221,2005-07-18 08:09:35,2,204,1,7,Drama,4,0.99,25.99,Bessie Morrison
2331,2005-06-18 10:50:09,1546,221,2005-06-25 14:30:09,1,339,2,16,Travel,5,0.99,17.99,Bessie Morrison
7101,2005-07-27 05:06:34,2006,221,2005-07-29 06:12:34,1,437,1,8,Family,7,2.99,13.99,Bessie Morrison
2660,2005-06-19 10:50:02,4341,221,2005-06-28 12:49:02,1,946,2,8,Family,3,4.99,14.99,Bessie Morrison
4293,2005-07-07 15:53:47,984,221,2005-07-10 18:11:47,1,219,1,6,Documentary,6,4.99,20.99,Bessie Morrison
5920,2005-07-10 21:33:58,1893,221,2005-07-17 19:41:58,2,412,2,6,Documentary,6,4.99,25.99,Bessie Morrison
4693,2005-07-08 11:07:36,1694,221,2005-07-14 08:40:36,1,369,2,14,Sci-Fi,4,4.99,22.99,Bessie Morrison
226,2005-05-26 10:44:04,4181,221,2005-05-31 13:26:04,2,911,1,1,Action,7,4.99,14.99,Bessie Morrison
8486,2005-07-29 08:53:38,1759,221,2005-08-01 14:12:38,2,382,1,10,Games,3,0.99,21.99,Bessie Morrison
9853,2005-07-31 12:58:20,1782,221,2005-08-04 10:47:20,1,387,2,10,Games,7,0.99,27.99,Bessie Morrison
2473,2005-06-18 20:42:45,3876,221,2005-06-19 20:17:45,1,847,2,13,New,7,2.99,10.99,Bessie Morrison
3200,2005-06-21 00:22:47,4117,221,2005-06-27 05:52:47,2,895,1,4,Classics,3,2.99,21.99,Bessie Morrison
10574,2005-08-01 13:36:51,679,287,2005-08-10 13:25:51,2,149,1,3,Children,7,0.99,21.99,Becky Miles
8994,2005-07-30 04:51:32,1527,287,2005-08-07 09:41:32,1,334,1,11,Horror,6,4.99,21.99,Becky Miles
1247,2005-06-15 05:16:40,4049,287,2005-06-23 11:01:40,1,881,2,11,Horror,5,4.99,13.99,Becky Miles
6397,2005-07-11 22:34:02,2423,287,2005-07-13 23:01:02,1,529,1,5,Comedy,3,2.99,12.99,Becky Miles
10807,2005-08-01 22:26:10,1673,287,2005-08-05 21:55:10,1,365,2,5,Comedy,4,4.99,21.99,Becky Miles
2286,2005-06-18 07:02:32,618,287,2005-06-27 12:33:32,1,134,2,2,Animation,4,4.99,21.99,Becky Miles
5593,2005-07-10 04:33:13,702,287,2005-07-17 08:44:13,2,154,1,2,Animation,6,2.99,12.99,Becky Miles
9716,2005-07-31 08:23:53,3385,287,2005-08-08 12:03:53,2,743,2,2,Animation,7,0.99,27.99,Becky Miles
4877,2005-07-08 19:31:02,1846,287,2005-07-15 19:05:02,1,402,2,2,Animation,3,0.99,15.99,Becky Miles
7402,2005-07-27 16:19:40,2707,287,2005-08-05 14:48:40,2,595,1,9,Foreign,7,0.99,20.99,Becky Miles
5346,2005-07-09 17:29:01,2488,287,2005-07-14 12:47:01,2,545,2,9,Foreign,4,0.99,14.99,Becky Miles
964,2005-05-30 18:53:21,657,287,2005-06-04 22:32:21,2,142,2,6,Documentary,3,0.99,24.99,Becky Miles
498,2005-05-28 01:01:21,458,287,2005-05-30 21:20:21,2,101,1,6,Documentary,3,0.99,26.99,Becky Miles
655,2005-05-28 20:16:20,331,287,2005-05-31 16:46:20,2,73,2,14,Sci-Fi,5,2.99,22.99,Becky Miles
7777,2005-07-28 07:04:42,4422,287,2005-07-29 01:57:42,1,967,1,14,Sci-Fi,5,2.99,26.99,Becky Miles
2612,2005-06-19 07:19:41,1691,287,2005-06-25 11:10:41,1,369,1,14,Sci-Fi,4,4.99,22.99,Becky Miles
6379,2005-07-11 21:51:25,522,287,2005-07-17 03:38:25,2,115,2,1,Action,5,2.99,27.99,Becky Miles
10027,2005-07-31 18:33:51,525,287,2005-08-09 18:40:51,1,115,2,1,Action,5,2.99,27.99,Becky Miles
5761,2005-07-10 12:45:36,1763,287,2005-07-13 10:05:36,2,382,2,10,Games,3,0.99,21.99,Becky Miles
1642,2005-06-16 08:54:15,3875,287,2005-06-18 12:36:15,1,847,2,13,New,7,2.99,10.99,Becky Miles
1523,2005-06-16 00:18:40,681,349,2005-06-17 02:50:40,2,149,2,3,Children,7,0.99,21.99,Joe Gilliland
5433,2005-07-09 21:22:00,2679,349,2005-07-10 21:18:00,2,588,2,3,Children,4,4.99,11.99,Joe Gilliland
2987,2005-06-20 08:55:50,1531,349,2005-06-28 13:02:50,2,334,2,11,Horror,6,4.99,21.99,Joe Gilliland
3067,2005-06-20 13:59:21,3094,349,2005-06-28 19:09:21,2,680,2,5,Comedy,4,4.99,21.99,Joe Gilliland
4881,2005-07-08 19:40:34,4346,349,2005-07-09 17:08:34,2,947,1,9,Foreign,5,0.99,16.99,Joe Gilliland
9262,2005-07-30 14:45:02,2322,349,2005-08-05 15:18:02,2,504,1,7,Drama,5,0.99,25.99,Joe Gilliland
7046,2005-07-27 03:27:56,3740,349,2005-07-30 00:54:56,2,818,1,7,Drama,4,4.99,17.99,Joe Gilliland
4190,2005-07-07 10:52:39,826,349,2005-07-11 13:19:39,1,181,1,16,Travel,7,2.99,10.99,Joe Gilliland
7702,2005-07-28 03:56:05,253,349,2005-07-31 03:29:05,1,57,1,16,Travel,4,2.99,18.99,Joe Gilliland
8297,2005-07-29 02:45:46,3774,349,2005-07-31 20:49:46,1,826,2,16,Travel,7,4.99,19.99,Joe Gilliland
9670,2005-07-31 06:33:33,3709,349,2005-08-07 04:51:33,1,811,1,16,Travel,4,2.99,29.99,Joe Gilliland
9731,2005-07-31 08:54:47,3713,349,2005-08-05 03:47:47,1,812,2,6,Documentary,7,0.99,13.99,Joe Gilliland
3488,2005-07-05 23:32:49,898,349,2005-07-15 02:01:49,2,200,1,10,Games,7,0.99,27.99,Joe Gilliland
10987,2005-08-02 04:36:52,968,349,2005-08-04 00:03:52,1,215,2,10,Games,4,4.99,27.99,Joe Gilliland
1197,2005-06-15 01:42:46,3812,349,2005-06-20 00:22:46,1,835,1,10,Games,6,2.99,13.99,Joe Gilliland
7002,2005-07-27 01:26:14,4157,349,2005-08-01 20:10:14,1,902,2,15,Sports,6,4.99,22.99,Joe Gilliland
4494,2005-07-08 01:42:45,1655,349,2005-07-16 22:29:45,2,361,2,15,Sports,5,2.99,25.99,Joe Gilliland
890,2005-05-30 07:43:04,1464,349,2005-06-01 11:26:04,1,320,2,13,New,4,4.99,28.99,Joe Gilliland
1895,2005-06-17 04:25:12,680,30,2005-06-26 08:44:12,1,149,1,3,Children,7,0.99,21.99,Melissa King
2730,2005-06-19 15:10:09,1264,30,2005-06-28 13:05:09,1,280,2,3,Children,7,0.99,26.99,Melissa King
9551,2005-07-31 02:04:58,1260,30,2005-08-06 04:07:58,2,280,1,3,Children,7,0.99,26.99,Melissa King
8641,2005-07-29 14:37:30,3199,30,2005-08-02 19:32:30,2,702,2,11,Horror,4,2.99,12.99,Melissa King
9641,2005-07-31 05:33:48,1085,30,2005-08-04 07:43:48,1,242,1,5,Comedy,4,0.99,13.99,Melissa King
7394,2005-07-27 16:03:08,2399,30,2005-08-04 11:27:08,2,524,2,5,Comedy,6,0.99,13.99,Melissa King
5972,2005-07-11 00:08:54,4577,30,2005-07-17 21:01:54,1,1000,1,5,Comedy,3,4.99,18.99,Melissa King
1874,2005-06-17 02:39:20,3884,30,2005-06-24 04:41:20,2,849,1,2,Animation,6,0.99,28.99,Melissa King
3964,2005-07-06 22:23:02,1853,30,2005-07-07 22:21:02,1,403,2,7,Drama,5,4.99,18.99,Melissa King
9309,2005-07-30 16:55:53,3616,30,2005-08-07 11:23:53,1,790,1,7,Drama,6,0.99,22.99,Melissa King
8083,2005-07-28 18:09:48,2187,30,2005-08-04 21:47:48,2,473,1,7,Drama,5,2.99,16.99,Melissa King
5028,2005-07-09 02:34:45,4531,30,2005-07-14 20:45:45,2,989,1,16,Travel,4,4.99,22.99,Melissa King
4642,2005-07-08 09:13:28,1962,30,2005-07-10 06:17:28,2,428,1,8,Family,6,2.99,21.99,Melissa King
7769,2005-07-28 06:45:23,3250,30,2005-07-30 12:18:23,1,715,2,8,Family,3,4.99,25.99,Melissa King
4471,2005-07-08 00:21:29,263,30,2005-07-11 18:48:29,2,58,2,6,Documentary,6,2.99,16.99,Melissa King
6249,2005-07-11 15:02:02,4334,30,2005-07-14 11:37:02,2,945,1,6,Documentary,5,0.99,22.99,Melissa King
5289,2005-07-09 15:14:08,4336,30,2005-07-12 12:51:08,2,945,1,6,Documentary,5,0.99,22.99,Melissa King
10235,2005-08-01 01:57:48,2850,30,2005-08-10 07:38:48,2,625,1,14,Sci-Fi,3,0.99,18.99,Melissa King
9998,2005-07-31 17:40:35,2549,30,2005-08-04 18:15:35,1,559,1,14,Sci-Fi,7,2.99,22.99,Melissa King
8038,2005-07-28 16:32:55,1225,30,2005-07-30 21:08:55,1,271,2,1,Action,5,4.99,12.99,Melissa King
5108,2005-07-09 06:44:30,4229,30,2005-07-17 04:24:30,1,919,1,10,Games,3,4.99,17.99,Melissa King
2154,2005-06-17 22:59:42,1655,30,2005-06-24 04:11:42,1,361,2,15,Sports,5,2.99,25.99,Melissa King
6359,2005-07-11 21:06:17,1656,30,2005-07-16 02:51:17,2,361,2,15,Sports,5,2.99,25.99,Melissa King
8030,2005-07-28 16:12:53,2633,30,2005-07-31 17:15:53,1,578,1,4,Classics,4,4.99,16.99,Melissa King
5528,2005-07-10 02:09:21,680,551,2005-07-17 06:22:21,2,149,1,3,Children,7,0.99,21.99,Clayton Barbee
3996,2005-07-06 23:46:43,2857,551,2005-07-14 22:34:43,2,626,2,3,Children,5,2.99,12.99,Clayton Barbee
5201,2005-07-09 10:52:53,2453,551,2005-07-16 12:41:53,2,535,1,11,Horror,6,0.99,21.99,Clayton Barbee
8986,2005-07-30 04:37:20,3992,551,2005-07-31 23:54:20,1,870,1,11,Horror,4,0.99,12.99,Clayton Barbee
155,2005-05-26 01:15:05,288,551,2005-06-01 00:03:05,1,65,2,11,Horror,3,4.99,20.99,Clayton Barbee
2776,2005-06-19 18:16:24,1726,551,2005-06-26 14:43:24,2,376,2,9,Foreign,4,0.99,20.99,Clayton Barbee
6041,2005-07-11 03:14:58,2815,551,2005-07-13 00:48:58,2,618,2,7,Drama,3,0.99,21.99,Clayton Barbee
969,2005-05-30 19:23:48,443,551,2005-05-31 21:14:48,1,98,1,7,Drama,4,4.99,12.99,Clayton Barbee
9765,2005-07-31 09:44:40,472,551,2005-08-05 10:57:40,1,103,2,16,Travel,7,4.99,27.99,Clayton Barbee
1005,2005-05-31 00:53:25,4006,551,2005-06-04 01:21:25,2,872,2,16,Travel,3,2.99,27.99,Clayton Barbee
795,2005-05-29 16:57:39,609,551,2005-06-01 11:33:39,2,132,1,14,Sci-Fi,6,0.99,25.99,Clayton Barbee
2069,2005-06-17 16:19:39,2746,551,2005-06-26 16:48:39,1,602,2,14,Sci-Fi,5,0.99,14.99,Clayton Barbee
728,2005-05-29 06:12:38,242,551,2005-06-03 07:41:38,1,55,1,14,Sci-Fi,6,2.99,27.99,Clayton Barbee
7095,2005-07-27 04:51:15,1008,551,2005-08-05 10:25:15,2,226,2,13,New,4,4.99,20.99,Clayton Barbee
9287,2005-07-30 15:35:39,2048,551,2005-08-02 10:15:39,1,445,1,4,Classics,5,2.99,11.99,Clayton Barbee
10605,2005-08-01 14:36:26,680,341,2005-08-06 12:04:26,2,149,1,3,Children,7,0.99,21.99,Peter Menard
1520,2005-06-15 23:57:20,3419,341,2005-06-24 23:46:20,1,749,1,11,Horror,6,4.99,19.99,Peter Menard
7473,2005-07-27 19:05:40,401,341,2005-08-05 14:47:40,1,89,1,2,Animation,7,0.99,22.99,Peter Menard
3938,2005-07-06 21:15:45,1991,341,2005-07-13 20:02:45,2,434,1,16,Travel,3,0.99,25.99,Peter Menard
4624,2005-07-08 08:12:17,1548,341,2005-07-15 12:24:17,2,339,2,16,Travel,5,0.99,17.99,Peter Menard
1778,2005-06-16 18:54:48,2512,341,2005-06-22 16:08:48,2,552,2,6,Documentary,5,0.99,15.99,Peter Menard
3382,2005-06-21 14:05:23,131,341,2005-06-29 19:13:23,2,26,1,14,Sci-Fi,3,0.99,15.99,Peter Menard
5487,2005-07-10 00:01:50,1144,341,2005-07-10 20:43:50,1,253,1,1,Action,5,4.99,18.99,Peter Menard
3130,2005-06-20 19:03:22,2569,341,2005-06-29 18:05:22,2,563,1,10,Games,6,4.99,16.99,Peter Menard
8661,2005-07-29 15:28:24,3409,341,2005-08-05 20:04:24,2,747,2,10,Games,5,0.99,9.99,Peter Menard
5931,2005-07-10 22:04:19,2259,341,2005-07-13 00:45:19,2,488,2,15,Sports,3,0.99,23.99,Peter Menard
1318,2005-06-15 10:34:26,2760,341,2005-06-20 16:20:26,1,606,1,15,Sports,3,0.99,15.99,Peter Menard
8728,2005-07-29 18:12:49,973,341,2005-08-06 22:45:49,1,216,2,13,New,3,4.99,16.99,Peter Menard
1849,2005-06-17 00:13:19,2507,341,2005-06-23 18:37:19,2,551,1,13,New,3,4.99,9.99,Peter Menard
2829,2005-06-19 21:11:30,2047,341,2005-06-24 18:10:30,1,445,1,4,Classics,5,2.99,11.99,Peter Menard
10967,2005-08-02 04:02:16,683,149,2005-08-09 07:57:16,1,149,2,3,Children,7,0.99,21.99,Valerie Black
5091,2005-07-09 05:52:54,4572,149,2005-07-10 02:49:54,1,999,2,3,Children,5,2.99,28.99,Valerie Black
4837,2005-07-08 18:09:12,1944,149,2005-07-11 16:40:12,1,423,2,3,Children,7,0.99,29.99,Valerie Black
7989,2005-07-28 14:39:05,3196,149,2005-08-05 13:58:05,2,702,2,11,Horror,4,2.99,12.99,Valerie Black
10737,2005-08-01 19:31:24,1773,149,2005-08-10 19:17:24,1,385,1,5,Comedy,6,4.99,26.99,Valerie Black
764,2005-05-29 11:37:35,1069,149,2005-05-31 16:47:35,1,239,1,2,Animation,5,4.99,16.99,Valerie Black
3894,2005-07-06 19:01:39,2087,149,2005-07-12 21:35:39,2,452,2,9,Foreign,4,0.99,15.99,Valerie Black
7559,2005-07-27 22:20:03,661,149,2005-08-06 00:26:03,2,143,1,7,Drama,6,0.99,17.99,Valerie Black
3939,2005-07-06 21:16:32,3627,149,2005-07-11 03:12:32,2,791,2,6,Documentary,3,4.99,24.99,Valerie Black
2752,2005-06-19 16:44:18,386,149,2005-06-22 12:40:18,2,85,2,6,Documentary,4,0.99,29.99,Valerie Black
2194,2005-06-18 01:41:37,1827,149,2005-06-25 04:27:37,1,397,1,14,Sci-Fi,5,2.99,26.99,Valerie Black
10154,2005-07-31 22:30:49,2745,149,2005-08-07 03:05:49,2,602,2,14,Sci-Fi,5,0.99,14.99,Valerie Black
4766,2005-07-08 15:16:04,1057,149,2005-07-15 11:04:04,2,235,2,14,Sci-Fi,6,2.99,13.99,Valerie Black
1800,2005-06-16 20:18:46,2058,149,2005-06-20 17:12:46,1,447,1,10,Games,5,2.99,28.99,Valerie Black
1996,2005-06-17 11:17:45,3074,149,2005-06-26 09:42:45,1,676,2,15,Sports,7,4.99,16.99,Valerie Black
5298,2005-07-09 15:36:17,3491,149,2005-07-18 19:07:17,2,764,2,15,Sports,3,4.99,28.99,Valerie Black
2305,2005-06-18 08:31:18,622,149,2005-06-24 06:18:18,2,135,2,15,Sports,3,2.99,22.99,Valerie Black
6356,2005-07-11 20:57:48,2645,149,2005-07-12 22:40:48,2,580,1,13,New,3,4.99,12.99,Valerie Black
1521,2005-06-15 23:58:53,4299,149,2005-06-18 03:10:53,1,937,1,13,New,7,2.99,14.99,Valerie Black
6940,2005-07-26 23:18:35,3876,149,2005-08-05 01:44:35,2,847,2,13,New,7,2.99,10.99,Valerie Black
2383,2005-06-18 15:17:59,2459,149,2005-06-26 18:42:59,2,537,2,4,Classics,3,2.99,29.99,Valerie Black
8285,2005-07-29 02:00:18,678,56,2005-08-03 20:43:18,2,149,1,3,Children,7,0.99,21.99,Gloria Cook
496,2005-05-28 00:43:41,1785,56,2005-06-04 03:56:41,1,388,1,5,Comedy,5,0.99,16.99,Gloria Cook
341,2005-05-27 04:01:42,4168,56,2005-06-05 08:51:42,1,906,2,5,Comedy,4,0.99,27.99,Gloria Cook
7385,2005-07-27 15:49:46,2996,56,2005-07-28 13:50:46,2,657,1,5,Comedy,5,2.99,12.99,Gloria Cook
10356,2005-08-01 05:49:17,313,56,2005-08-10 05:57:17,1,70,1,2,Animation,7,4.99,26.99,Gloria Cook
10946,2005-08-02 03:20:39,4271,56,2005-08-05 02:59:39,1,929,1,9,Foreign,5,4.99,21.99,Gloria Cook
569,2005-05-28 10:12:41,4534,56,2005-06-03 10:08:41,2,989,2,16,Travel,4,4.99,22.99,Gloria Cook
2485,2005-06-18 21:26:03,1562,56,2005-06-21 22:09:03,2,342,1,16,Travel,7,4.99,28.99,Gloria Cook
2989,2005-06-20 08:59:37,1586,56,2005-06-22 03:27:37,2,348,2,8,Family,7,0.99,9.99,Gloria Cook
3718,2005-07-06 10:57:56,2624,56,2005-07-12 12:54:56,1,575,2,6,Documentary,3,4.99,27.99,Gloria Cook
5142,2005-07-09 08:05:23,369,56,2005-07-13 12:37:23,2,81,1,14,Sci-Fi,6,4.99,29.99,Gloria Cook
130,2005-05-25 21:21:56,3990,56,2005-05-30 22:41:56,2,869,2,1,Action,4,2.99,22.99,Gloria Cook
1795,2005-06-16 20:09:01,536,56,2005-06-24 17:50:01,2,117,2,10,Games,6,4.99,15.99,Gloria Cook
3771,2005-07-06 13:19:34,1373,56,2005-07-10 10:27:34,2,302,1,10,Games,5,2.99,29.99,Gloria Cook
4702,2005-07-08 11:41:36,2593,56,2005-07-10 06:55:36,1,570,1,15,Sports,5,4.99,20.99,Gloria Cook
7696,2005-07-28 03:41:35,3463,56,2005-08-06 05:48:35,2,759,2,13,New,4,2.99,29.99,Gloria Cook
2140,2005-06-17 21:40:29,2395,56,2005-06-19 00:42:29,1,523,1,4,Classics,7,0.99,21.99,Gloria Cook
10678,2005-08-01 17:26:24,4438,56,2005-08-05 22:55:24,1,970,2,4,Classics,7,0.99,11.99,Gloria Cook
4097,2005-07-07 06:10:55,2454,56,2005-07-11 02:45:55,1,536,1,4,Classics,3,2.99,18.99,Gloria Cook
7942,2005-07-28 12:49:44,1636,56,2005-07-31 18:07:44,2,357,2,4,Classics,7,0.99,13.99,Gloria Cook
4038,2005-07-07 02:52:53,1264,27,2005-07-11 22:32:53,2,280,2,3,Children,7,0.99,26.99,Shirley Allen
7927,2005-07-28 12:13:42,1263,27,2005-08-05 12:02:42,1,280,1,3,Children,7,0.99,26.99,Shirley Allen
4510,2005-07-08 02:34:51,1085,27,2005-07-17 06:03:51,2,242,1,5,Comedy,4,0.99,13.99,Shirley Allen
1310,2005-06-15 10:11:42,2045,27,2005-06-16 15:00:42,1,444,2,5,Comedy,3,4.99,22.99,Shirley Allen
9908,2005-07-31 14:39:52,4408,27,2005-08-09 09:46:52,2,963,2,2,Animation,5,0.99,12.99,Shirley Allen
6562,2005-07-12 05:26:26,3969,27,2005-07-16 05:10:26,2,865,1,2,Animation,3,4.99,19.99,Shirley Allen
2512,2005-06-18 23:48:47,4515,27,2005-06-21 04:58:47,2,986,1,2,Animation,6,2.99,24.99,Shirley Allen
3038,2005-06-20 12:28:59,2919,27,2005-06-25 07:48:59,1,641,2,9,Foreign,4,0.99,21.99,Shirley Allen
1699,2005-06-16 13:05:09,4507,27,2005-06-17 09:53:09,2,984,1,9,Foreign,3,2.99,20.99,Shirley Allen
10852,2005-08-02 00:00:33,3862,27,2005-08-03 23:09:33,1,845,1,9,Foreign,7,4.99,9.99,Shirley Allen
9636,2005-07-31 05:12:59,1725,27,2005-08-09 07:31:59,2,376,1,9,Foreign,4,0.99,20.99,Shirley Allen
9673,2005-07-31 06:34:55,339,27,2005-08-09 09:15:55,2,75,2,16,Travel,6,4.99,14.99,Shirley Allen
9244,2005-07-30 14:06:53,3640,27,2005-08-03 19:46:53,1,795,1,8,Family,7,0.99,23.99,Shirley Allen
1960,2005-06-17 08:59:57,2202,27,2005-06-23 14:38:57,2,476,2,8,Family,5,2.99,9.99,Shirley Allen
1480,2005-06-15 21:17:17,2598,27,2005-06-23 22:01:17,1,571,1,6,Documentary,6,2.99,26.99,Shirley Allen
787,2005-05-29 16:03:03,3919,27,2005-06-07 11:07:03,2,855,2,6,Documentary,7,0.99,28.99,Shirley Allen
10794,2005-08-01 21:51:15,889,27,2005-08-10 18:51:15,2,199,1,6,Documentary,4,2.99,29.99,Shirley Allen
6115,2005-07-11 07:36:50,3415,27,2005-07-13 11:30:50,1,748,2,1,Action,4,0.99,16.99,Shirley Allen
5552,2005-07-10 03:01:19,2879,27,2005-07-13 06:53:19,2,631,2,15,Sports,4,0.99,11.99,Shirley Allen
2815,2005-06-19 20:03:29,3046,27,2005-06-25 22:50:29,2,668,2,15,Sports,7,4.99,25.99,Shirley Allen
5736,2005-07-10 11:45:48,1172,27,2005-07-13 16:40:48,1,260,2,15,Sports,3,4.99,9.99,Shirley Allen
3420,2005-06-21 17:22:36,2523,27,2005-06-28 12:34:36,1,554,2,4,Classics,6,2.99,22.99,Shirley Allen
6658,2005-07-12 11:13:21,172,27,2005-07-17 09:10:21,2,37,2,4,Classics,3,2.99,28.99,Shirley Allen
11068,2005-08-02 07:08:07,1262,52,2005-08-09 11:15:07,2,280,1,3,Children,7,0.99,26.99,Julie Sanchez
7438,2005-07-27 17:40:40,1364,52,2005-08-05 15:25:40,1,301,1,11,Horror,4,0.99,24.99,Julie Sanchez
1196,2005-06-15 01:38:31,994,52,2005-06-18 06:55:31,1,222,1,11,Horror,4,4.99,27.99,Julie Sanchez
5313,2005-07-09 16:04:45,1885,52,2005-07-17 18:53:45,2,410,2,5,Comedy,7,2.99,19.99,Julie Sanchez
10635,2005-08-01 15:37:58,547,52,2005-08-07 11:15:58,2,119,2,5,Comedy,6,0.99,22.99,Julie Sanchez
10591,2005-08-01 14:12:29,3360,52,2005-08-04 08:46:29,2,738,1,9,Foreign,3,0.99,27.99,Julie Sanchez
7627,2005-07-28 00:56:47,782,52,2005-08-02 04:16:47,1,170,2,9,Foreign,5,4.99,28.99,Julie Sanchez
874,2005-05-30 05:36:21,363,52,2005-06-01 09:32:21,1,79,2,7,Drama,5,0.99,10.99,Julie Sanchez
8686,2005-07-29 16:17:49,4160,52,2005-08-01 12:50:49,2,903,2,16,Travel,5,4.99,13.99,Julie Sanchez
9749,2005-07-31 09:18:33,658,52,2005-08-06 07:41:33,1,142,2,6,Documentary,3,0.99,24.99,Julie Sanchez
2862,2005-06-19 23:47:24,4260,52,2005-06-23 03:39:24,2,926,2,6,Documentary,5,2.99,11.99,Julie Sanchez
5607,2005-07-10 05:08:10,4257,52,2005-07-15 00:40:10,2,925,2,6,Documentary,3,0.99,27.99,Julie Sanchez
9797,2005-07-31 10:53:44,687,52,2005-08-09 05:51:44,1,150,2,6,Documentary,7,2.99,9.99,Julie Sanchez
5308,2005-07-09 15:58:38,1684,52,2005-07-15 13:55:38,2,367,1,14,Sci-Fi,6,0.99,20.99,Julie Sanchez
3997,2005-07-06 23:46:52,3895,52,2005-07-14 05:39:52,2,850,2,1,Action,7,0.99,27.99,Julie Sanchez
6394,2005-07-11 22:29:15,2574,52,2005-07-20 02:19:15,2,563,2,10,Games,6,4.99,16.99,Julie Sanchez
7284,2005-07-27 12:12:04,2336,52,2005-07-31 11:17:04,2,507,2,10,Games,4,0.99,13.99,Julie Sanchez
2232,2005-06-18 03:54:31,2463,52,2005-06-22 07:29:31,1,538,2,13,New,7,0.99,19.99,Julie Sanchez
9029,2005-07-30 06:03:11,2220,52,2005-08-04 01:42:11,1,480,2,4,Classics,3,2.99,29.99,Julie Sanchez
3196,2005-06-21 00:02:28,1575,52,2005-06-22 23:08:28,1,346,1,4,Classics,4,4.99,13.99,Julie Sanchez
9020,2005-07-30 05:31:27,1700,142,2005-08-08 06:44:27,2,370,1,3,Children,4,2.99,26.99,April Burns
8513,2005-07-29 09:52:59,3156,142,2005-07-31 12:05:59,1,693,2,2,Animation,5,2.99,16.99,April Burns
11,2005-05-25 00:09:02,4443,142,2005-06-02 20:56:02,2,971,1,9,Foreign,4,4.99,11.99,April Burns
3492,2005-07-05 23:44:37,980,142,2005-07-14 03:54:37,1,218,2,7,Drama,7,0.99,22.99,April Burns
4531,2005-07-08 03:27:59,3108,142,2005-07-10 22:48:59,1,683,1,7,Drama,5,4.99,19.99,April Burns
3214,2005-06-21 01:08:26,776,142,2005-06-23 03:24:26,2,169,2,16,Travel,3,2.99,19.99,April Burns
4497,2005-07-08 01:51:32,1995,142,2005-07-15 22:56:32,1,434,2,16,Travel,3,0.99,25.99,April Burns
1268,2005-06-15 07:29:30,3641,142,2005-06-23 12:36:30,1,795,1,8,Family,7,0.99,23.99,April Burns
575,2005-05-28 10:56:09,4451,142,2005-06-05 15:39:09,1,973,1,6,Documentary,3,4.99,27.99,April Burns
10934,2005-08-02 02:52:18,4458,142,2005-08-06 01:23:18,2,973,2,6,Documentary,3,4.99,27.99,April Burns
8623,2005-07-29 13:55:11,458,142,2005-08-05 11:16:11,1,101,1,6,Documentary,3,0.99,26.99,April Burns
6522,2005-07-12 04:11:58,3916,142,2005-07-15 08:32:58,1,855,1,6,Documentary,7,0.99,28.99,April Burns
148,2005-05-26 00:25:23,4252,142,2005-06-01 19:29:23,2,924,2,14,Sci-Fi,7,0.99,15.99,April Burns
9419,2005-07-30 21:04:59,4427,142,2005-08-06 15:47:59,2,968,1,1,Action,6,4.99,19.99,April Burns
7764,2005-07-28 06:40:05,3537,142,2005-07-30 02:51:05,2,773,2,15,Sports,6,2.99,28.99,April Burns
9131,2005-07-30 09:55:57,623,142,2005-08-01 14:21:57,1,135,2,15,Sports,3,2.99,22.99,April Burns
5249,2005-07-09 13:33:53,1950,389,2005-07-11 12:55:53,2,424,2,3,Children,6,0.99,12.99,Alan Kahn
5626,2005-07-10 05:49:35,3029,389,2005-07-15 08:05:35,1,665,1,11,Horror,4,2.99,22.99,Alan Kahn
3527,2005-07-06 01:11:08,4537,389,2005-07-08 01:21:08,1,990,2,11,Horror,3,0.99,13.99,Alan Kahn
10949,2005-08-02 03:24:04,2309,389,2005-08-06 08:36:04,2,502,1,5,Comedy,4,2.99,21.99,Alan Kahn
4443,2005-07-07 23:05:53,72,389,2005-07-16 01:46:53,1,15,1,9,Foreign,5,2.99,10.99,Alan Kahn
2552,2005-06-19 03:01:29,664,389,2005-06-28 04:13:29,1,143,2,7,Drama,6,0.99,17.99,Alan Kahn
7896,2005-07-28 11:00:58,3561,389,2005-08-04 14:30:58,2,778,1,8,Family,3,4.99,24.99,Alan Kahn
7029,2005-07-27 02:57:43,2862,389,2005-07-30 08:24:43,1,627,2,6,Documentary,4,4.99,9.99,Alan Kahn
1763,2005-06-16 17:51:01,1941,389,2005-06-20 17:27:01,1,422,2,14,Sci-Fi,7,4.99,25.99,Alan Kahn
1946,2005-06-17 07:58:39,2335,389,2005-06-25 06:49:39,2,507,2,10,Games,4,0.99,13.99,Alan Kahn
998,2005-05-31 00:16:57,3395,389,2005-06-01 22:41:57,1,745,1,15,Sports,5,4.99,23.99,Alan Kahn
6104,2005-07-11 07:01:35,3531,389,2005-07-17 02:29:35,1,773,1,15,Sports,6,2.99,28.99,Alan Kahn
8338,2005-07-29 04:40:39,2257,389,2005-08-07 04:40:39,2,488,2,15,Sports,3,0.99,23.99,Alan Kahn
6600,2005-07-12 07:41:48,3315,389,2005-07-18 12:36:48,2,730,1,13,New,3,0.99,28.99,Alan Kahn
7977,2005-07-28 14:15:54,3162,389,2005-08-01 18:58:54,2,694,1,4,Classics,6,4.99,15.99,Alan Kahn
10217,2005-08-01 01:07:27,1193,389,2005-08-09 00:42:27,1,266,1,4,Classics,4,0.99,27.99,Alan Kahn
8887,2005-07-30 00:36:54,4119,389,2005-08-04 19:07:54,1,895,2,4,Classics,3,2.99,21.99,Alan Kahn
10562,2005-08-01 13:05:52,1947,178,2005-08-02 17:05:52,1,424,1,3,Children,6,0.99,12.99,Marion Snyder
10125,2005-07-31 21:33:03,493,178,2005-08-01 19:10:03,1,110,1,3,Children,4,0.99,25.99,Marion Snyder
5015,2005-07-09 01:54:24,1564,178,2005-07-12 20:07:24,1,343,1,3,Children,6,2.99,14.99,Marion Snyder
10802,2005-08-01 22:18:32,3998,178,2005-08-10 18:41:32,2,870,2,11,Horror,4,0.99,12.99,Marion Snyder
9311,2005-07-30 16:58:31,1432,178,2005-08-07 15:23:31,1,313,2,11,Horror,5,4.99,11.99,Marion Snyder
5057,2005-07-09 04:20:29,1076,178,2005-07-14 23:59:29,1,239,2,2,Animation,5,4.99,16.99,Marion Snyder
5984,2005-07-11 00:44:36,2801,178,2005-07-15 00:04:36,1,615,2,2,Animation,6,2.99,21.99,Marion Snyder
2293,2005-06-18 07:45:03,3209,178,2005-06-24 08:12:03,1,705,1,9,Foreign,4,2.99,9.99,Marion Snyder
6566,2005-07-12 05:42:53,1822,178,2005-07-19 01:23:53,2,396,2,7,Drama,5,4.99,18.99,Marion Snyder
1458,2005-06-15 20:24:05,3546,178,2005-06-21 01:22:05,1,775,2,7,Drama,4,4.99,18.99,Marion Snyder
2124,2005-06-17 20:49:14,1273,178,2005-06-23 17:44:14,1,282,1,7,Drama,5,0.99,20.99,Marion Snyder
9004,2005-07-30 05:04:27,3775,178,2005-07-31 00:49:27,1,827,1,7,Drama,5,4.99,22.99,Marion Snyder
8388,2005-07-29 05:48:15,770,178,2005-08-05 06:24:15,2,167,2,16,Travel,6,4.99,10.99,Marion Snyder
4915,2005-07-08 21:31:22,2772,178,2005-07-13 16:45:22,2,609,1,16,Travel,7,2.99,23.99,Marion Snyder
1292,2005-06-15 09:03:52,4535,178,2005-06-21 07:53:52,1,989,2,16,Travel,4,4.99,22.99,Marion Snyder
6554,2005-07-12 05:07:26,2741,178,2005-07-21 06:06:26,2,601,2,16,Travel,4,0.99,20.99,Marion Snyder
2898,2005-06-20 02:38:06,3106,178,2005-06-29 08:18:06,2,682,1,8,Family,4,4.99,17.99,Marion Snyder
1745,2005-06-16 16:41:16,2812,178,2005-06-23 21:02:16,2,617,1,8,Family,4,0.99,24.99,Marion Snyder
2844,2005-06-19 22:40:12,4452,178,2005-06-24 03:58:12,2,973,1,6,Documentary,3,4.99,27.99,Marion Snyder
5094,2005-07-09 05:59:47,4451,178,2005-07-18 05:34:47,2,973,1,6,Documentary,3,4.99,27.99,Marion Snyder
6606,2005-07-12 08:03:40,2805,178,2005-07-13 09:05:40,1,616,1,6,Documentary,4,2.99,19.99,Marion Snyder
1568,2005-06-16 03:14:01,635,178,2005-06-19 21:17:01,2,138,2,14,Sci-Fi,5,2.99,29.99,Marion Snyder
8696,2005-07-29 16:45:18,2553,178,2005-08-07 18:51:18,1,559,2,14,Sci-Fi,7,2.99,22.99,Marion Snyder
8287,2005-07-29 02:03:58,812,178,2005-08-07 02:11:58,1,176,2,15,Sports,6,0.99,21.99,Marion Snyder
8069,2005-07-28 17:23:46,2822,178,2005-07-30 16:19:46,1,619,2,15,Sports,3,0.99,20.99,Marion Snyder
9879,2005-07-31 13:45:32,1935,178,2005-08-07 17:12:32,1,420,2,15,Sports,7,4.99,27.99,Marion Snyder
7959,2005-07-28 13:43:20,1549,178,2005-08-02 12:13:20,2,340,1,13,New,6,4.99,14.99,Marion Snyder
6347,2005-07-11 20:18:53,3160,178,2005-07-16 20:45:53,1,694,1,4,Classics,6,4.99,15.99,Marion Snyder
2516,2005-06-19 00:03:28,2678,87,2005-06-21 00:30:28,2,588,2,3,Children,4,4.99,11.99,Wanda Patterson
8323,2005-07-29 03:52:59,2766,87,2005-08-06 01:49:59,2,608,1,3,Children,6,2.99,11.99,Wanda Patterson
10205,2005-08-01 00:48:24,33,87,2005-08-06 23:53:24,1,7,1,5,Comedy,6,4.99,28.99,Wanda Patterson
5628,2005-07-10 05:56:40,4040,87,2005-07-17 11:13:40,1,880,1,2,Animation,6,2.99,9.99,Wanda Patterson
5084,2005-07-09 05:33:27,3113,87,2005-07-17 08:54:27,2,683,2,7,Drama,5,4.99,19.99,Wanda Patterson
1580,2005-06-16 04:12:25,2479,87,2005-06-20 06:53:25,1,543,1,16,Travel,5,4.99,20.99,Wanda Patterson
2408,2005-06-18 16:50:44,258,87,2005-06-19 20:11:44,1,57,2,16,Travel,4,2.99,18.99,Wanda Patterson
9348,2005-07-30 18:17:09,3128,87,2005-08-07 15:25:09,1,687,2,6,Documentary,6,0.99,15.99,Wanda Patterson
5700,2005-07-10 09:49:42,3961,87,2005-07-19 04:20:42,1,863,2,14,Sci-Fi,5,0.99,9.99,Wanda Patterson
9364,2005-07-30 18:44:44,306,87,2005-08-08 23:55:44,2,69,1,14,Sci-Fi,3,2.99,21.99,Wanda Patterson
8187,2005-07-28 22:33:53,945,87,2005-08-03 03:54:53,1,210,2,1,Action,3,4.99,13.99,Wanda Patterson
1904,2005-06-17 04:45:41,2472,87,2005-06-17 23:56:41,2,542,1,1,Action,3,2.99,28.99,Wanda Patterson
6638,2005-07-12 09:58:02,207,87,2005-07-13 09:40:02,1,46,2,10,Games,3,4.99,13.99,Wanda Patterson
3122,2005-06-20 18:25:57,2720,87,2005-06-29 16:08:57,1,596,2,10,Games,4,4.99,25.99,Wanda Patterson
674,2005-05-28 22:11:35,1150,87,2005-06-01 23:58:35,2,254,2,15,Sports,4,2.99,11.99,Wanda Patterson
10387,2005-08-01 06:42:31,1651,87,2005-08-08 07:44:31,1,361,1,15,Sports,5,2.99,25.99,Wanda Patterson
451,2005-05-27 19:27:54,205,87,2005-05-29 01:07:54,2,45,2,13,New,5,4.99,14.99,Wanda Patterson
7599,2005-07-27 23:38:46,3272,87,2005-07-28 22:52:46,1,720,2,13,New,3,2.99,20.99,Wanda Patterson
9060,2005-07-30 07:20:36,4360,87,2005-08-03 10:51:36,1,951,1,4,Classics,6,0.99,28.99,Wanda Patterson
8286,2005-07-29 02:02:46,4092,87,2005-08-06 06:00:46,1,891,2,4,Classics,3,0.99,13.99,Wanda Patterson
3536,2005-07-06 01:36:11,2328,339,2005-07-12 20:00:11,2,505,2,3,Children,6,2.99,24.99,Walter Perryman
4243,2005-07-07 13:39:58,4559,339,2005-07-12 19:27:58,1,995,1,11,Horror,5,4.99,11.99,Walter Perryman
3335,2005-06-21 10:09:08,3033,339,2005-06-27 11:33:08,1,665,2,11,Horror,4,2.99,22.99,Walter Perryman
7973,2005-07-28 14:10:06,3936,339,2005-07-29 11:26:06,2,858,2,5,Comedy,5,4.99,21.99,Walter Perryman
6682,2005-07-12 12:12:43,1984,339,2005-07-21 10:49:43,2,433,1,2,Animation,4,2.99,23.99,Walter Perryman
6425,2005-07-11 23:54:52,2487,339,2005-07-13 18:37:52,1,545,1,9,Foreign,4,0.99,14.99,Walter Perryman
3146,2005-06-20 20:21:48,2249,339,2005-06-29 22:57:48,2,486,1,9,Foreign,7,4.99,14.99,Walter Perryman
8968,2005-07-30 03:57:32,2280,339,2005-07-31 00:09:32,1,493,2,9,Foreign,5,0.99,18.99,Walter Perryman
9663,2005-07-31 06:10:48,2099,339,2005-08-01 11:40:48,2,455,1,9,Foreign,7,4.99,11.99,Walter Perryman
10338,2005-08-01 05:03:03,1295,339,2005-08-09 05:13:03,2,286,1,16,Travel,7,2.99,16.99,Walter Perryman
5720,2005-07-10 11:09:12,576,339,2005-07-16 07:31:12,1,125,2,16,Travel,5,2.99,19.99,Walter Perryman
9208,2005-07-30 12:54:03,2751,339,2005-08-06 17:22:03,2,603,1,8,Family,6,4.99,27.99,Walter Perryman
1536,2005-06-16 00:52:22,3248,339,2005-06-17 21:43:22,1,715,1,8,Family,3,4.99,25.99,Walter Perryman
1432,2005-06-15 18:27:24,523,339,2005-06-21 14:03:24,2,115,2,1,Action,5,2.99,27.99,Walter Perryman
4467,2005-07-08 00:13:52,4466,339,2005-07-09 00:52:52,1,976,1,10,Games,6,0.99,12.99,Walter Perryman
1629,2005-06-16 07:53:47,4375,339,2005-06-22 13:03:47,1,956,1,10,Games,7,4.99,23.99,Walter Perryman
876,2005-05-30 05:41:22,1471,339,2005-06-07 09:06:22,2,322,1,15,Sports,5,2.99,29.99,Walter Perryman
7244,2005-07-27 10:27:33,1329,339,2005-07-30 13:09:33,1,293,2,15,Sports,6,2.99,17.99,Walter Perryman
6072,2005-07-11 04:52:40,1790,339,2005-07-18 01:02:40,1,389,1,15,Sports,3,2.99,9.99,Walter Perryman
4967,2005-07-08 23:48:03,108,339,2005-07-15 23:51:03,2,22,1,13,New,6,2.99,10.99,Walter Perryman
9302,2005-07-30 16:34:57,2326,55,2005-07-31 11:08:57,2,505,2,3,Children,6,2.99,24.99,Doris Reed
1825,2005-06-16 21:53:05,2908,55,2005-06-20 17:22:05,2,638,2,5,Comedy,7,2.99,23.99,Doris Reed
555,2005-05-28 08:31:14,4397,55,2005-05-30 07:34:14,2,961,1,9,Foreign,7,4.99,22.99,Doris Reed
2062,2005-06-17 15:56:43,1749,55,2005-06-20 21:37:43,2,380,2,9,Foreign,7,2.99,11.99,Doris Reed
8288,2005-07-29 02:04:22,1822,55,2005-08-05 04:21:22,2,396,2,7,Drama,5,4.99,18.99,Doris Reed
6314,2005-07-11 18:32:44,4128,55,2005-07-17 23:58:44,1,897,1,7,Drama,3,4.99,27.99,Doris Reed
1048,2005-05-31 06:49:53,2811,55,2005-06-02 11:33:53,1,617,1,8,Family,4,0.99,24.99,Doris Reed
2976,2005-06-20 08:09:11,4210,55,2005-06-21 10:45:11,1,915,1,1,Action,7,4.99,9.99,Doris Reed
9798,2005-07-31 10:55:18,3759,55,2005-08-01 07:37:18,2,823,1,1,Action,4,2.99,21.99,Doris Reed
9596,2005-07-31 03:28:47,2847,55,2005-08-04 03:43:47,2,624,2,10,Games,3,4.99,25.99,Doris Reed
1027,2005-05-31 03:46:19,2718,55,2005-06-09 03:50:19,1,596,2,10,Games,4,4.99,25.99,Doris Reed
2904,2005-06-20 02:54:06,2195,55,2005-06-21 06:57:06,2,474,2,15,Sports,6,2.99,21.99,Doris Reed
4671,2005-07-08 10:15:32,2139,55,2005-07-14 08:19:32,2,463,1,15,Sports,4,2.99,21.99,Doris Reed
7050,2005-07-27 03:33:17,1135,55,2005-08-02 03:12:17,1,251,2,13,New,6,4.99,19.99,Doris Reed
3149,2005-06-20 20:34:55,3295,55,2005-06-21 18:51:55,1,725,2,4,Classics,6,4.99,25.99,Doris Reed
385,2005-05-27 10:23:25,1565,213,2005-05-30 15:27:25,2,344,1,3,Children,3,0.99,28.99,Gina Williamson
3989,2005-07-06 23:30:54,2366,213,2005-07-12 01:28:54,1,515,2,3,Children,7,4.99,14.99,Gina Williamson
3313,2005-06-21 08:11:18,4267,213,2005-06-23 04:28:18,2,928,1,3,Children,5,2.99,16.99,Gina Williamson
4655,2005-07-08 09:49:22,4078,213,2005-07-15 13:08:22,1,889,1,3,Children,3,4.99,28.99,Gina Williamson
2569,2005-06-19 04:19:04,30,213,2005-06-26 04:31:04,1,6,2,9,Foreign,3,2.99,17.99,Gina Williamson
8542,2005-07-29 11:01:50,792,213,2005-07-30 08:19:50,1,173,1,7,Drama,7,4.99,25.99,Gina Williamson
9340,2005-07-30 18:07:16,3228,213,2005-08-04 14:33:16,2,709,1,7,Drama,7,2.99,19.99,Gina Williamson
1936,2005-06-17 07:15:41,3037,213,2005-06-18 11:37:41,2,666,1,7,Drama,4,4.99,27.99,Gina Williamson
6725,2005-07-12 13:47:17,831,213,2005-07-17 13:31:17,1,181,2,16,Travel,7,2.99,10.99,Gina Williamson
2889,2005-06-20 01:54:08,151,213,2005-06-23 06:33:08,1,31,2,8,Family,5,4.99,16.99,Gina Williamson
9150,2005-07-30 10:49:32,2834,213,2005-08-08 15:43:32,1,621,2,8,Family,5,2.99,23.99,Gina Williamson
5431,2005-07-09 21:21:11,2780,213,2005-07-10 21:16:11,1,610,1,8,Family,7,0.99,17.99,Gina Williamson
3252,2005-06-21 03:25:26,2009,213,2005-06-24 00:38:26,2,437,2,8,Family,7,2.99,13.99,Gina Williamson
4236,2005-07-07 13:12:07,642,213,2005-07-08 15:00:07,2,139,2,8,Family,7,4.99,21.99,Gina Williamson
2322,2005-06-18 09:44:21,1893,213,2005-06-25 09:29:21,1,412,2,6,Documentary,6,4.99,25.99,Gina Williamson
2946,2005-06-20 05:50:40,3737,213,2005-06-21 00:42:40,2,817,1,14,Sci-Fi,7,4.99,27.99,Gina Williamson
1489,2005-06-15 21:41:38,699,213,2005-06-22 17:00:38,1,153,1,14,Sci-Fi,7,0.99,18.99,Gina Williamson
8444,2005-07-29 07:36:13,3329,213,2005-08-05 04:55:13,1,732,1,1,Action,5,0.99,17.99,Gina Williamson
2509,2005-06-18 23:44:08,4469,213,2005-06-20 01:36:08,2,976,2,10,Games,6,0.99,12.99,Gina Williamson
5159,2005-07-09 08:55:52,3479,213,2005-07-10 04:32:52,1,763,1,15,Sports,3,4.99,26.99,Gina Williamson
9477,2005-07-30 23:07:22,1932,213,2005-08-04 20:54:22,1,420,1,15,Sports,7,4.99,27.99,Gina Williamson
10449,2005-08-01 09:09:59,1395,213,2005-08-05 11:25:59,1,305,2,13,New,6,2.99,24.99,Gina Williamson
7528,2005-07-27 21:15:25,1218,213,2005-08-03 19:12:25,1,270,2,13,New,7,0.99,29.99,Gina Williamson
600,2005-05-28 14:08:19,1567,332,2005-06-03 11:57:19,2,344,1,3,Children,3,0.99,28.99,Stephen Qualls
10026,2005-07-31 18:31:51,39,332,2005-08-03 21:14:51,2,8,2,11,Horror,6,4.99,15.99,Stephen Qualls
5381,2005-07-09 19:11:11,3033,332,2005-07-13 17:10:11,2,665,2,11,Horror,4,2.99,22.99,Stephen Qualls
7418,2005-07-27 16:59:09,3029,332,2005-07-29 15:08:09,2,665,1,11,Horror,4,2.99,22.99,Stephen Qualls
1000,2005-05-31 00:25:56,1774,332,2005-06-08 19:42:56,2,385,1,5,Comedy,6,4.99,26.99,Stephen Qualls
4100,2005-07-07 06:20:52,2346,332,2005-07-15 05:58:52,2,510,1,2,Animation,6,4.99,29.99,Stephen Qualls
5277,2005-07-09 14:40:42,2026,332,2005-07-16 14:18:42,2,440,2,9,Foreign,6,0.99,21.99,Stephen Qualls
10439,2005-08-01 08:54:26,2711,332,2005-08-08 14:04:26,1,595,2,9,Foreign,7,0.99,20.99,Stephen Qualls
4302,2005-07-07 16:47:53,3669,332,2005-07-16 22:22:53,2,803,1,7,Drama,7,4.99,29.99,Stephen Qualls
10307,2005-08-01 04:21:54,975,332,2005-08-04 09:24:54,2,218,1,7,Drama,7,0.99,22.99,Stephen Qualls
9921,2005-07-31 14:59:21,1004,332,2005-08-01 12:40:21,2,225,1,7,Drama,3,0.99,19.99,Stephen Qualls
5388,2005-07-09 19:25:25,1546,332,2005-07-14 19:51:25,2,339,2,16,Travel,5,0.99,17.99,Stephen Qualls
9324,2005-07-30 17:28:52,1231,332,2005-08-06 19:02:52,1,273,1,8,Family,6,0.99,14.99,Stephen Qualls
9388,2005-07-30 19:27:22,2116,332,2005-08-08 15:31:22,2,458,2,8,Family,4,0.99,26.99,Stephen Qualls
7934,2005-07-28 12:33:10,2642,332,2005-08-04 07:40:10,2,579,2,1,Action,3,4.99,22.99,Stephen Qualls
7578,2005-07-27 22:58:17,4210,332,2005-07-29 23:14:17,1,915,1,1,Action,7,4.99,9.99,Stephen Qualls
8173,2005-07-28 21:35:44,4377,332,2005-08-06 19:15:44,2,956,1,10,Games,7,4.99,23.99,Stephen Qualls
5116,2005-07-09 07:10:12,2491,332,2005-07-14 09:16:12,2,546,2,10,Games,7,2.99,27.99,Stephen Qualls
7577,2005-07-27 22:56:07,2723,332,2005-08-05 21:23:07,2,597,2,10,Games,5,4.99,12.99,Stephen Qualls
7049,2005-07-27 03:32:41,3043,332,2005-08-04 08:32:41,2,667,2,15,Sports,3,2.99,20.99,Stephen Qualls
5440,2005-07-09 21:45:17,138,332,2005-07-11 22:43:17,2,27,1,15,Sports,7,0.99,12.99,Stephen Qualls
4512,2005-07-08 02:38:56,1569,424,2005-07-10 20:46:56,1,344,2,3,Children,3,0.99,28.99,Kyle Spurlock
4696,2005-07-08 11:12:27,1358,424,2005-07-14 05:41:27,1,300,1,2,Animation,5,4.99,21.99,Kyle Spurlock
6589,2005-07-12 07:06:29,1595,424,2005-07-14 12:06:29,2,349,2,2,Animation,4,2.99,27.99,Kyle Spurlock
3746,2005-07-06 12:10:51,3387,424,2005-07-07 11:36:51,2,743,2,2,Animation,7,0.99,27.99,Kyle Spurlock
10866,2005-08-02 00:22:49,117,424,2005-08-07 04:38:49,1,23,1,2,Animation,3,0.99,9.99,Kyle Spurlock
4559,2005-07-08 04:56:49,1911,424,2005-07-12 08:56:49,2,416,1,9,Foreign,6,0.99,10.99,Kyle Spurlock
3166,2005-06-20 21:32:32,1850,424,2005-06-27 20:29:32,1,403,1,7,Drama,5,4.99,18.99,Kyle Spurlock
9471,2005-07-30 23:02:36,2390,424,2005-08-04 17:49:36,1,521,2,7,Drama,7,4.99,28.99,Kyle Spurlock
9516,2005-07-31 00:40:58,3519,424,2005-08-07 02:13:58,2,771,1,7,Drama,3,4.99,23.99,Kyle Spurlock
3044,2005-06-20 12:38:49,3216,424,2005-06-25 07:49:49,1,706,2,7,Drama,5,4.99,22.99,Kyle Spurlock
7594,2005-07-27 23:30:41,3230,424,2005-08-02 04:29:41,1,709,2,7,Drama,7,2.99,19.99,Kyle Spurlock
8999,2005-07-30 04:55:46,3458,424,2005-08-01 00:16:46,2,758,2,7,Drama,5,2.99,11.99,Kyle Spurlock
403,2005-05-27 13:28:52,3983,424,2005-05-29 11:47:52,2,868,1,16,Travel,5,0.99,27.99,Kyle Spurlock
5611,2005-07-10 05:13:43,2832,424,2005-07-16 05:56:43,1,621,2,8,Family,5,2.99,23.99,Kyle Spurlock
8964,2005-07-30 03:49:35,280,424,2005-08-06 23:28:35,2,63,1,8,Family,6,0.99,21.99,Kyle Spurlock
10017,2005-07-31 18:13:22,1495,424,2005-08-05 16:03:22,1,327,2,1,Action,3,4.99,24.99,Kyle Spurlock
5568,2005-07-10 03:36:56,1130,424,2005-07-11 08:35:56,2,250,2,1,Action,4,0.99,26.99,Kyle Spurlock
10369,2005-08-01 06:13:44,2534,424,2005-08-07 09:46:44,1,556,1,10,Games,6,4.99,26.99,Kyle Spurlock
9878,2005-07-31 13:42:02,1753,424,2005-08-05 10:15:02,2,381,1,10,Games,7,4.99,25.99,Kyle Spurlock
8194,2005-07-28 22:51:44,1148,424,2005-07-29 17:13:44,1,254,1,15,Sports,4,2.99,11.99,Kyle Spurlock
3404,2005-06-21 15:57:52,2005,424,2005-06-24 20:58:52,2,436,2,13,New,4,0.99,14.99,Kyle Spurlock
8918,2005-07-30 01:56:22,2544,424,2005-08-04 01:58:22,2,558,2,13,New,3,2.99,18.99,Kyle Spurlock
6374,2005-07-11 21:36:10,266,244,2005-07-17 15:50:10,2,59,1,3,Children,4,2.99,20.99,Viola Hanson
8454,2005-07-29 07:49:04,159,244,2005-08-03 04:43:04,2,34,2,11,Horror,6,0.99,29.99,Viola Hanson
10969,2005-08-02 04:04:32,1898,244,2005-08-09 23:18:32,1,413,1,5,Comedy,7,2.99,16.99,Viola Hanson
2955,2005-06-20 06:46:35,2312,244,2005-06-25 05:34:35,2,502,1,5,Comedy,4,2.99,21.99,Viola Hanson
10152,2005-07-31 22:28:05,1114,244,2005-08-08 22:39:05,2,247,1,5,Comedy,3,0.99,19.99,Viola Hanson
797,2005-05-29 17:12:17,1446,244,2005-06-03 16:06:17,1,317,1,5,Comedy,4,0.99,25.99,Viola Hanson
1595,2005-06-16 05:23:46,1481,244,2005-06-20 00:37:46,1,324,1,5,Comedy,3,4.99,11.99,Viola Hanson
10684,2005-08-01 17:47:00,1985,244,2005-08-09 15:00:00,2,433,1,2,Animation,4,2.99,23.99,Viola Hanson
5461,2005-07-09 22:48:04,53,244,2005-07-10 17:56:04,2,11,1,9,Foreign,6,0.99,16.99,Viola Hanson
5692,2005-07-10 09:32:22,59,244,2005-07-15 15:20:22,2,11,2,9,Foreign,6,0.99,16.99,Viola Hanson
4814,2005-07-08 17:11:09,3497,244,2005-07-17 12:43:09,2,766,1,7,Drama,5,0.99,25.99,Viola Hanson
10001,2005-07-31 17:46:18,2188,244,2005-08-07 20:38:18,1,473,1,7,Drama,5,2.99,16.99,Viola Hanson
6683,2005-07-12 12:14:05,3433,244,2005-07-17 14:02:05,2,753,1,8,Family,3,0.99,20.99,Viola Hanson
592,2005-05-28 13:21:08,638,244,2005-05-29 16:55:08,1,139,1,8,Family,7,4.99,21.99,Viola Hanson
5387,2005-07-09 19:25:14,4452,244,2005-07-11 21:00:14,1,973,1,6,Documentary,3,4.99,27.99,Viola Hanson
8844,2005-07-29 23:05:08,327,244,2005-08-06 00:24:08,2,73,1,14,Sci-Fi,5,2.99,22.99,Viola Hanson
1189,2005-06-15 01:04:22,142,244,2005-06-24 06:48:22,1,29,1,1,Action,5,2.99,11.99,Viola Hanson
6608,2005-07-12 08:16:50,3577,244,2005-07-18 07:08:50,2,782,2,15,Sports,6,2.99,26.99,Viola Hanson
5779,2005-07-10 13:45:54,3266,244,2005-07-15 18:13:54,1,720,1,13,New,3,2.99,20.99,Viola Hanson
10047,2005-07-31 19:07:43,4195,244,2005-08-07 00:20:43,2,913,1,13,New,3,0.99,20.99,Viola Hanson
5803,2005-07-10 15:05:42,1982,244,2005-07-15 10:19:42,1,432,2,4,Classics,4,2.99,22.99,Viola Hanson
7692,2005-07-28 03:30:21,267,392,2005-07-30 22:25:21,1,59,2,3,Children,4,2.99,20.99,Sean Douglass
8254,2005-07-29 00:59:31,1787,392,2005-08-03 23:43:31,2,388,2,5,Comedy,5,0.99,16.99,Sean Douglass
7981,2005-07-28 14:18:25,90,392,2005-08-04 15:21:25,2,18,2,2,Animation,6,0.99,27.99,Sean Douglass
1764,2005-06-16 17:51:54,705,392,2005-06-21 20:36:54,2,154,2,2,Animation,6,2.99,12.99,Sean Douglass
8612,2005-07-29 13:28:20,3518,392,2005-08-06 14:39:20,2,771,1,7,Drama,3,4.99,23.99,Sean Douglass
3566,2005-07-06 03:08:51,2774,392,2005-07-12 05:04:51,1,609,1,16,Travel,7,2.99,23.99,Sean Douglass
2890,2005-06-20 02:00:45,3437,392,2005-06-27 21:12:45,1,753,2,8,Family,3,0.99,20.99,Sean Douglass
2289,2005-06-18 07:29:43,2030,392,2005-06-24 11:16:43,2,442,1,8,Family,6,2.99,24.99,Sean Douglass
1530,2005-06-16 00:38:07,2421,392,2005-06-24 02:45:07,2,528,1,8,Family,4,2.99,25.99,Sean Douglass
10085,2005-07-31 20:12:02,2556,392,2005-08-03 00:03:02,2,560,1,10,Games,6,0.99,21.99,Sean Douglass
6061,2005-07-11 04:06:25,1859,392,2005-07-11 23:11:25,1,406,1,10,Games,5,0.99,22.99,Sean Douglass
10435,2005-08-01 08:50:51,1934,392,2005-08-08 12:23:51,1,420,2,15,Sports,7,4.99,27.99,Sean Douglass
6406,2005-07-11 22:55:27,4439,392,2005-07-20 04:50:27,2,970,2,4,Classics,7,0.99,11.99,Sean Douglass
2486,2005-06-18 21:26:56,268,15,2005-06-22 23:42:56,1,59,2,3,Children,4,2.99,20.99,Helen Harris
3550,2005-07-06 02:29:21,2417,15,2005-07-13 05:26:21,2,527,2,11,Horror,4,4.99,24.99,Helen Harris
4127,2005-07-07 07:26:19,1774,15,2005-07-14 07:50:19,2,385,1,5,Comedy,6,4.99,26.99,Helen Harris
5975,2005-07-11 00:14:19,2997,15,2005-07-16 04:21:19,1,657,1,5,Comedy,5,2.99,12.99,Helen Harris
2937,2005-06-20 05:15:37,1998,15,2005-06-27 02:45:37,1,435,1,9,Foreign,6,4.99,28.99,Helen Harris
9987,2005-07-31 17:22:35,1619,15,2005-08-01 21:19:35,2,353,2,9,Foreign,6,2.99,22.99,Helen Harris
8927,2005-07-30 02:13:31,272,15,2005-08-01 01:34:31,1,61,1,7,Drama,5,4.99,28.99,Helen Harris
8615,2005-07-29 13:36:01,4453,15,2005-08-03 13:15:01,1,973,1,6,Documentary,3,4.99,27.99,Helen Harris
3182,2005-06-20 22:52:18,4017,15,2005-06-21 21:00:18,2,875,1,15,Sports,6,0.99,9.99,Helen Harris
8193,2005-07-28 22:50:50,2402,15,2005-08-01 04:14:50,2,525,1,4,Classics,4,0.99,29.99,Helen Harris
7105,2005-07-27 05:15:37,864,15,2005-07-28 05:49:37,2,190,2,4,Classics,5,4.99,23.99,Helen Harris
5717,2005-07-10 11:02:03,529,15,2005-07-13 13:00:03,1,116,2,4,Classics,4,2.99,10.99,Helen Harris
5162,2005-07-09 09:00:11,2765,43,2005-07-17 07:26:11,1,608,1,3,Children,6,2.99,11.99,Christine Roberts
5831,2005-07-10 16:34:02,830,43,2005-07-11 14:27:02,2,181,2,16,Travel,7,2.99,10.99,Christine Roberts
8376,2005-07-29 05:25:32,3588,43,2005-08-01 07:42:32,2,785,1,16,Travel,6,4.99,20.99,Christine Roberts
7868,2005-07-28 10:08:55,3589,43,2005-07-30 11:52:55,1,785,1,16,Travel,6,4.99,20.99,Christine Roberts
6680,2005-07-12 12:01:56,2887,43,2005-07-16 17:32:56,1,634,2,8,Family,6,0.99,14.99,Christine Roberts
7348,2005-07-27 14:32:32,3238,43,2005-07-28 17:05:32,1,710,2,8,Family,4,4.99,18.99,Christine Roberts
123,2005-05-25 20:26:42,1795,43,2005-05-26 19:41:42,1,390,1,14,Sci-Fi,4,4.99,20.99,Christine Roberts
6474,2005-07-12 01:36:46,310,43,2005-07-16 07:24:46,2,69,2,14,Sci-Fi,3,2.99,21.99,Christine Roberts
9204,2005-07-30 12:43:58,4378,43,2005-08-03 16:26:58,2,956,1,10,Games,7,4.99,23.99,Christine Roberts
652,2005-05-28 20:08:47,1201,43,2005-05-29 14:57:47,2,267,1,13,New,4,4.99,14.99,Christine Roberts
5941,2005-07-10 22:40:47,492,43,2005-07-17 00:19:47,2,109,2,13,New,3,0.99,17.99,Christine Roberts
5401,2005-07-09 19:59:10,431,43,2005-07-11 23:21:10,2,95,2,13,New,5,4.99,18.99,Christine Roberts
4498,2005-07-08 02:07:50,4299,43,2005-07-12 23:54:50,2,937,1,13,New,7,2.99,14.99,Christine Roberts
3683,2005-07-06 09:25:56,3020,43,2005-07-14 12:10:56,1,663,1,4,Classics,7,0.99,29.99,Christine Roberts
1544,2005-06-16 01:28:22,269,43,2005-06-17 06:57:22,2,60,1,4,Classics,3,4.99,22.99,Christine Roberts
5913,2005-07-10 20:58:55,2767,277,2005-07-13 15:18:55,1,608,2,3,Children,6,2.99,11.99,Olga Jimenez
6455,2005-07-12 01:01:58,4267,277,2005-07-16 02:42:58,2,928,1,3,Children,5,2.99,16.99,Olga Jimenez
4987,2005-07-09 00:45:41,996,277,2005-07-14 03:32:41,2,222,2,11,Horror,4,4.99,27.99,Olga Jimenez
3247,2005-06-21 03:12:15,1406,277,2005-06-27 00:44:15,1,308,1,5,Comedy,3,2.99,13.99,Olga Jimenez
8410,2005-07-29 06:41:36,3448,277,2005-08-02 08:38:36,1,756,2,5,Comedy,7,2.99,10.99,Olga Jimenez
6487,2005-07-12 02:17:00,4000,277,2005-07-19 00:57:00,2,871,1,5,Comedy,6,4.99,19.99,Olga Jimenez
1717,2005-06-16 14:47:16,3007,277,2005-06-19 10:11:16,2,660,1,5,Comedy,7,2.99,11.99,Olga Jimenez
5861,2005-07-10 18:14:22,3881,277,2005-07-14 15:32:22,1,849,1,2,Animation,6,0.99,28.99,Olga Jimenez
11074,2005-08-02 07:21:43,1439,277,2005-08-08 05:18:43,1,314,2,2,Animation,3,0.99,13.99,Olga Jimenez
4290,2005-07-07 15:47:10,4174,277,2005-07-15 15:03:10,1,907,1,7,Drama,4,0.99,10.99,Olga Jimenez
7423,2005-07-27 17:11:47,666,277,2005-07-29 12:29:47,2,145,2,8,Family,5,4.99,25.99,Olga Jimenez
1331,2005-06-15 11:34:33,3089,277,2005-06-21 09:46:33,1,679,1,8,Family,6,2.99,17.99,Olga Jimenez
3897,2005-07-06 19:11:43,14,277,2005-07-11 21:50:43,2,3,2,6,Documentary,7,2.99,18.99,Olga Jimenez
3274,2005-06-21 05:30:36,2156,277,2005-06-24 05:12:36,1,466,1,6,Documentary,6,4.99,20.99,Olga Jimenez
3740,2005-07-06 11:55:35,1829,277,2005-07-14 09:44:35,2,397,2,14,Sci-Fi,5,2.99,26.99,Olga Jimenez
9669,2005-07-31 06:31:36,4496,277,2005-08-08 03:05:36,2,982,1,1,Action,4,0.99,23.99,Olga Jimenez
2723,2005-06-19 14:55:23,4317,277,2005-06-20 14:28:23,1,941,1,10,Games,4,4.99,10.99,Olga Jimenez
308,2005-05-26 22:01:39,187,277,2005-06-04 20:24:39,2,42,2,15,Sports,5,2.99,10.99,Olga Jimenez
9901,2005-07-31 14:20:59,3332,277,2005-08-03 09:30:59,1,733,1,15,Sports,4,0.99,29.99,Olga Jimenez
2162,2005-06-17 23:45:47,1790,277,2005-06-21 21:03:47,1,389,1,15,Sports,3,2.99,9.99,Olga Jimenez
3344,2005-06-21 10:57:27,4401,277,2005-06-28 10:53:27,1,962,1,4,Classics,7,2.99,18.99,Olga Jimenez
7903,2005-07-28 11:20:36,2767,588,2005-07-31 09:16:36,1,608,2,3,Children,6,2.99,11.99,Marion Ocampo
3628,2005-07-06 06:19:43,3509,588,2005-07-07 02:23:43,1,768,1,3,Children,3,4.99,11.99,Marion Ocampo
2270,2005-06-18 06:29:01,3447,588,2005-06-26 07:21:01,2,755,2,3,Children,5,4.99,11.99,Marion Ocampo
7377,2005-07-27 15:31:28,1369,588,2005-08-02 19:59:28,2,301,2,11,Horror,4,0.99,24.99,Marion Ocampo
5203,2005-07-09 10:53:59,3661,588,2005-07-15 09:45:59,2,800,1,11,Horror,7,2.99,19.99,Marion Ocampo
1903,2005-06-17 04:37:20,1939,588,2005-06-26 09:05:20,2,421,2,9,Foreign,7,4.99,10.99,Marion Ocampo
6368,2005-07-11 21:19:01,3666,588,2005-07-13 17:56:01,2,803,1,7,Drama,7,4.99,29.99,Marion Ocampo
9370,2005-07-30 18:57:29,4433,588,2005-08-01 21:35:29,2,969,1,7,Drama,4,4.99,29.99,Marion Ocampo
8519,2005-07-29 10:09:43,1163,588,2005-08-03 08:14:43,2,257,2,16,Travel,3,0.99,14.99,Marion Ocampo
4207,2005-07-07 11:32:45,1119,588,2005-07-14 05:49:45,2,248,2,6,Documentary,6,4.99,20.99,Marion Ocampo
576,2005-05-28 10:56:10,1866,588,2005-06-04 13:15:10,2,407,1,6,Documentary,5,0.99,12.99,Marion Ocampo
1885,2005-06-17 03:35:59,740,588,2005-06-21 05:57:59,2,162,1,1,Action,4,2.99,13.99,Marion Ocampo
9326,2005-07-30 17:30:03,3772,588,2005-08-01 13:41:03,2,825,1,1,Action,6,2.99,22.99,Marion Ocampo
10373,2005-08-01 06:24:26,1754,588,2005-08-02 12:07:26,1,381,2,10,Games,7,4.99,25.99,Marion Ocampo
8421,2005-07-29 07:00:47,3399,588,2005-08-02 08:03:47,2,745,2,15,Sports,5,4.99,23.99,Marion Ocampo
2920,2005-06-20 04:12:46,487,588,2005-06-26 23:34:46,2,109,1,13,New,3,0.99,17.99,Marion Ocampo
2453,2005-06-18 19:30:53,2562,588,2005-06-20 17:22:53,1,561,1,13,New,6,2.99,26.99,Marion Ocampo
4101,2005-07-07 06:25:11,2891,588,2005-07-12 07:44:11,2,635,2,13,New,7,0.99,15.99,Marion Ocampo
8769,2005-07-29 19:45:33,2180,588,2005-08-05 22:09:33,2,471,1,4,Classics,7,2.99,23.99,Marion Ocampo
961,2005-05-30 18:16:44,3293,588,2005-06-04 23:40:44,2,725,1,4,Classics,6,4.99,25.99,Marion Ocampo
5335,2005-07-09 17:00:49,2353,588,2005-07-12 12:21:49,2,512,1,4,Classics,5,4.99,25.99,Marion Ocampo
8429,2005-07-29 07:11:49,2456,588,2005-07-31 02:45:49,1,536,1,4,Classics,3,2.99,18.99,Marion Ocampo
8218,2005-07-28 23:45:41,2769,578,2005-08-02 00:14:41,1,608,2,3,Children,6,2.99,11.99,Willard Lumpkin
6830,2005-07-12 18:42:55,1943,578,2005-07-17 17:58:55,1,423,1,3,Children,7,0.99,29.99,Willard Lumpkin
5445,2005-07-09 21:59:41,565,578,2005-07-15 00:40:41,1,122,2,11,Horror,7,0.99,11.99,Willard Lumpkin
1826,2005-06-16 21:53:52,421,578,2005-06-25 18:46:52,2,92,2,11,Horror,7,4.99,19.99,Willard Lumpkin
8179,2005-07-28 22:05:13,2902,578,2005-07-30 21:57:13,2,638,1,5,Comedy,7,2.99,23.99,Willard Lumpkin
10029,2005-07-31 18:37:47,505,578,2005-08-06 14:58:47,2,112,2,9,Foreign,4,4.99,22.99,Willard Lumpkin
10182,2005-08-01 00:08:01,4112,578,2005-08-09 18:14:01,2,894,2,16,Travel,6,0.99,23.99,Willard Lumpkin
4496,2005-07-08 01:44:19,150,578,2005-07-08 20:34:19,2,31,2,8,Family,5,4.99,16.99,Willard Lumpkin
660,2005-05-28 20:53:31,1414,578,2005-05-30 15:26:31,1,309,2,8,Family,6,0.99,29.99,Willard Lumpkin
3305,2005-06-21 07:46:57,2811,578,2005-06-27 06:16:57,1,617,1,8,Family,4,0.99,24.99,Willard Lumpkin
2615,2005-06-19 07:29:13,3810,578,2005-06-27 12:50:13,1,834,2,6,Documentary,4,0.99,26.99,Willard Lumpkin
5876,2005-07-10 19:07:15,4445,578,2005-07-14 17:29:15,2,972,1,14,Sci-Fi,4,4.99,24.99,Willard Lumpkin
6784,2005-07-12 16:28:49,197,578,2005-07-15 17:27:49,1,44,1,14,Sci-Fi,5,4.99,21.99,Willard Lumpkin
9970,2005-07-31 16:38:24,2846,578,2005-08-02 12:59:24,2,624,2,10,Games,3,4.99,25.99,Willard Lumpkin
10779,2005-08-01 21:11:54,2092,578,2005-08-09 21:00:54,2,453,2,15,Sports,3,2.99,17.99,Willard Lumpkin
7059,2005-07-27 03:51:02,129,578,2005-08-02 22:04:02,1,25,2,13,New,3,2.99,15.99,Willard Lumpkin
5377,2005-07-09 19:04:30,3118,578,2005-07-11 14:42:30,1,685,2,13,New,6,4.99,10.99,Willard Lumpkin
10553,2005-08-01 12:54:06,2768,415,2005-08-06 15:27:06,1,608,2,3,Children,6,2.99,11.99,Glenn Pullen
5733,2005-07-10 11:37:24,3806,415,2005-07-11 12:34:24,2,833,2,3,Children,5,0.99,20.99,Glenn Pullen
7624,2005-07-28 00:37:44,2756,415,2005-07-30 21:26:44,1,604,2,5,Comedy,4,0.99,10.99,Glenn Pullen
6491,2005-07-12 02:28:31,2803,415,2005-07-21 00:38:31,1,615,2,2,Animation,6,2.99,21.99,Glenn Pullen
7748,2005-07-28 05:52:23,3523,415,2005-07-31 01:35:23,2,771,2,7,Drama,3,4.99,23.99,Glenn Pullen
10263,2005-08-01 03:02:48,2420,415,2005-08-08 02:16:48,2,528,1,8,Family,4,2.99,25.99,Glenn Pullen
9852,2005-07-31 12:52:17,4257,415,2005-08-05 07:59:17,2,925,2,6,Documentary,3,0.99,27.99,Glenn Pullen
5665,2005-07-10 08:10:08,1175,415,2005-07-11 05:22:08,2,261,1,6,Documentary,5,0.99,13.99,Glenn Pullen
6505,2005-07-12 03:27:37,3986,415,2005-07-17 22:42:37,2,869,1,1,Action,4,2.99,22.99,Glenn Pullen
9586,2005-07-31 03:07:16,3987,415,2005-08-04 00:39:16,1,869,1,1,Action,4,2.99,22.99,Glenn Pullen
665,2005-05-28 21:38:39,1012,415,2005-05-29 21:37:39,1,227,1,10,Games,4,4.99,17.99,Glenn Pullen
4926,2005-07-08 22:01:48,4155,415,2005-07-18 03:27:48,1,902,1,15,Sports,6,4.99,22.99,Glenn Pullen
8317,2005-07-29 03:39:07,3898,415,2005-08-03 00:14:07,1,851,1,15,Sports,3,0.99,19.99,Glenn Pullen
1867,2005-06-17 02:01:37,3537,415,2005-06-25 04:52:37,2,773,2,15,Sports,6,2.99,28.99,Glenn Pullen
3211,2005-06-21 01:01:29,1150,415,2005-06-23 04:05:29,1,254,2,15,Sports,4,2.99,11.99,Glenn Pullen
7379,2005-07-27 15:36:43,424,415,2005-07-30 16:37:43,2,93,2,13,New,4,4.99,27.99,Glenn Pullen
9042,2005-07-30 06:33:55,2770,398,2005-08-04 09:31:55,2,608,2,3,Children,6,2.99,11.99,Antonio Meek
9771,2005-07-31 09:55:36,4123,398,2005-08-04 10:11:36,2,896,2,3,Children,3,0.99,10.99,Antonio Meek
3141,2005-06-20 19:55:47,1806,398,2005-06-30 00:31:47,1,392,1,3,Children,5,4.99,13.99,Antonio Meek
10230,2005-08-01 01:49:36,76,398,2005-08-05 01:29:36,2,15,2,9,Foreign,5,2.99,10.99,Antonio Meek
8119,2005-07-28 19:23:15,1542,398,2005-08-04 15:53:15,2,337,2,9,Foreign,6,2.99,11.99,Antonio Meek
486,2005-05-27 23:51:12,1822,398,2005-05-28 20:26:12,1,396,2,7,Drama,5,4.99,18.99,Antonio Meek
2087,2005-06-17 17:35:10,466,398,2005-06-26 13:52:10,1,103,1,16,Travel,7,4.99,27.99,Antonio Meek
1228,2005-06-15 03:50:36,4473,398,2005-06-17 22:41:36,1,977,2,16,Travel,3,2.99,25.99,Antonio Meek
5234,2005-07-09 12:44:47,4182,398,2005-07-17 10:02:47,1,911,1,1,Action,7,4.99,14.99,Antonio Meek
8204,2005-07-28 23:18:29,2472,398,2005-08-02 04:49:29,1,542,1,1,Action,3,2.99,28.99,Antonio Meek
9281,2005-07-30 15:15:51,3086,398,2005-08-05 12:58:51,1,678,1,15,Sports,3,2.99,23.99,Antonio Meek
8428,2005-07-29 07:10:14,2545,398,2005-08-06 02:29:14,2,558,2,13,New,3,2.99,18.99,Antonio Meek
8794,2005-07-29 20:59:38,3509,320,2005-07-31 00:15:38,2,768,1,3,Children,3,4.99,11.99,Anthony Schwab
2216,2005-06-18 03:08:17,1428,320,2005-06-19 08:13:17,1,313,1,11,Horror,5,4.99,11.99,Anthony Schwab
2883,2005-06-20 01:29:10,585,320,2005-06-28 06:12:10,1,127,2,5,Comedy,5,4.99,14.99,Anthony Schwab
9509,2005-07-31 00:22:42,818,320,2005-08-03 23:24:42,1,178,1,5,Comedy,6,0.99,25.99,Anthony Schwab
1484,2005-06-15 21:22:35,1589,320,2005-06-20 02:27:35,2,349,1,2,Animation,4,2.99,27.99,Anthony Schwab
3756,2005-07-06 12:40:38,30,320,2005-07-11 09:29:38,1,6,2,9,Foreign,3,2.99,17.99,Anthony Schwab
8235,2005-07-29 00:22:56,1581,320,2005-08-03 04:03:56,2,347,1,16,Travel,7,4.99,17.99,Anthony Schwab
1258,2005-06-15 06:21:30,4530,320,2005-06-18 05:43:30,2,989,1,16,Travel,4,4.99,22.99,Anthony Schwab
7064,2005-07-27 03:53:29,4204,320,2005-08-03 06:32:29,1,914,2,16,Travel,6,2.99,13.99,Anthony Schwab
4173,2005-07-07 09:57:26,4272,320,2005-07-10 04:05:26,1,930,1,14,Sci-Fi,4,2.99,23.99,Anthony Schwab
7930,2005-07-28 12:21:08,4181,320,2005-07-30 11:56:08,1,911,1,1,Action,7,4.99,14.99,Anthony Schwab
8238,2005-07-29 00:30:06,2941,320,2005-08-02 22:52:06,2,646,1,10,Games,6,0.99,12.99,Anthony Schwab
1567,2005-06-16 03:13:30,3098,320,2005-06-21 23:56:30,1,681,1,15,Sports,4,0.99,20.99,Anthony Schwab
8144,2005-07-28 20:30:55,3556,320,2005-07-31 18:10:55,2,777,2,15,Sports,5,4.99,10.99,Anthony Schwab
3519,2005-07-06 00:57:29,4314,320,2005-07-10 21:12:29,2,940,1,15,Sports,6,0.99,19.99,Anthony Schwab
7057,2005-07-27 03:50:03,1196,320,2005-08-04 04:36:03,1,266,2,4,Classics,4,0.99,27.99,Anthony Schwab
2646,2005-06-19 09:56:01,3511,275,2005-06-21 04:15:01,2,768,2,3,Children,3,4.99,11.99,Carole Barnett
10479,2005-08-01 10:11:25,4580,275,2005-08-06 04:52:25,1,1000,2,5,Comedy,3,4.99,18.99,Carole Barnett
7596,2005-07-27 23:33:57,2097,275,2005-08-01 20:46:57,2,455,1,9,Foreign,7,4.99,11.99,Carole Barnett
6301,2005-07-11 17:54:09,3528,275,2005-07-18 20:42:09,2,772,1,7,Drama,4,2.99,24.99,Carole Barnett
9258,2005-07-30 14:31:31,2007,275,2005-08-05 16:29:31,2,437,1,8,Family,7,2.99,13.99,Carole Barnett
1797,2005-06-16 20:13:03,3435,275,2005-06-22 22:56:03,1,753,2,8,Family,3,0.99,20.99,Carole Barnett
3355,2005-06-21 11:30:47,1960,275,2005-06-23 06:04:47,1,428,1,8,Family,6,2.99,21.99,Carole Barnett
4396,2005-07-07 21:14:19,750,275,2005-07-10 19:22:19,1,164,2,6,Documentary,4,0.99,20.99,Carole Barnett
336,2005-05-27 03:15:23,1811,275,2005-05-29 22:43:23,1,393,1,6,Documentary,6,2.99,19.99,Carole Barnett
6856,2005-07-12 19:50:16,4338,275,2005-07-14 22:25:16,1,945,2,6,Documentary,5,0.99,22.99,Carole Barnett
2414,2005-06-18 17:01:55,4500,275,2005-06-20 17:42:55,1,982,2,1,Action,4,0.99,23.99,Carole Barnett
4912,2005-07-08 21:26:11,2012,275,2005-07-18 02:19:11,1,438,1,10,Games,3,2.99,22.99,Carole Barnett
4634,2005-07-08 08:40:02,811,275,2005-07-12 04:45:02,2,176,2,15,Sports,6,0.99,21.99,Carole Barnett
8746,2005-07-29 19:03:15,2179,275,2005-07-30 17:06:15,1,471,1,4,Classics,7,2.99,23.99,Carole Barnett
7553,2005-07-27 22:11:36,1643,275,2005-08-03 17:52:36,1,358,2,4,Classics,5,0.99,29.99,Carole Barnett
9295,2005-07-30 16:18:39,494,102,2005-08-03 12:46:39,1,110,1,3,Children,4,0.99,25.99,Crystal Ford
2419,2005-06-18 17:21:24,1255,102,2005-06-26 18:25:24,1,277,1,11,Horror,4,4.99,24.99,Crystal Ford
7247,2005-07-27 10:32:58,1445,102,2005-07-29 05:00:58,2,317,1,5,Comedy,4,0.99,25.99,Crystal Ford
4777,2005-07-08 15:48:34,449,102,2005-07-16 15:25:34,1,99,2,5,Comedy,7,2.99,14.99,Crystal Ford
247,2005-05-26 14:01:05,4095,102,2005-05-28 13:38:05,2,892,1,2,Animation,3,4.99,18.99,Crystal Ford
5009,2005-07-09 01:32:17,1539,102,2005-07-18 03:39:17,2,337,1,9,Foreign,6,2.99,11.99,Crystal Ford
358,2005-05-27 06:43:59,1925,102,2005-05-29 11:28:59,2,418,1,7,Drama,5,0.99,27.99,Crystal Ford
5109,2005-07-09 06:48:49,2373,102,2005-07-14 01:17:49,1,518,1,16,Travel,5,4.99,15.99,Crystal Ford
3630,2005-07-06 06:27:15,2448,102,2005-07-12 10:36:15,1,534,2,8,Family,5,0.99,18.99,Crystal Ford
4089,2005-07-07 05:45:59,3431,102,2005-07-16 07:34:59,2,753,1,8,Family,3,0.99,20.99,Crystal Ford
7119,2005-07-27 05:55:32,1732,102,2005-07-29 03:19:32,1,377,2,8,Family,7,0.99,20.99,Crystal Ford
3520,2005-07-06 00:58:27,2872,102,2005-07-14 05:56:27,1,629,2,6,Documentary,7,0.99,9.99,Crystal Ford
10841,2005-08-01 23:39:21,4337,102,2005-08-07 20:47:21,1,945,2,6,Documentary,5,0.99,22.99,Crystal Ford
8186,2005-07-28 22:30:27,4255,102,2005-07-31 21:08:27,1,925,1,6,Documentary,3,0.99,27.99,Crystal Ford
9151,2005-07-30 10:50:53,3956,102,2005-08-07 08:19:53,1,863,1,14,Sci-Fi,5,0.99,9.99,Crystal Ford
9780,2005-07-31 10:10:22,3241,102,2005-08-02 11:43:22,1,711,2,14,Sci-Fi,4,4.99,18.99,Crystal Ford
1215,2005-06-15 03:21:00,242,102,2005-06-19 03:39:00,1,55,1,14,Sci-Fi,6,2.99,27.99,Crystal Ford
8664,2005-07-29 15:36:27,198,102,2005-08-04 20:11:27,1,44,2,14,Sci-Fi,5,4.99,21.99,Crystal Ford
5716,2005-07-10 10:59:23,3416,102,2005-07-16 12:25:23,2,748,2,1,Action,4,0.99,16.99,Crystal Ford
5509,2005-07-10 00:54:46,1142,102,2005-07-16 05:10:46,1,253,1,1,Action,5,4.99,18.99,Crystal Ford
3665,2005-07-06 08:23:08,922,102,2005-07-13 13:38:08,2,205,1,1,Action,3,0.99,22.99,Crystal Ford
4997,2005-07-09 01:06:03,186,102,2005-07-18 04:21:03,2,42,2,15,Sports,5,2.99,10.99,Crystal Ford
9192,2005-07-30 12:26:26,2372,102,2005-08-04 07:54:26,2,517,2,15,Sports,3,0.99,28.99,Crystal Ford
6434,2005-07-12 00:14:25,1478,102,2005-07-20 19:54:25,2,323,2,15,Sports,7,4.99,22.99,Crystal Ford
7439,2005-07-27 17:42:31,4091,102,2005-08-05 16:34:31,1,891,2,4,Classics,3,0.99,13.99,Crystal Ford
9617,2005-07-31 04:15:38,529,102,2005-08-02 04:24:38,1,116,2,4,Classics,4,2.99,10.99,Crystal Ford
562,2005-05-28 09:01:21,3390,102,2005-06-02 05:26:21,2,744,2,4,Classics,4,0.99,23.99,Crystal Ford
2934,2005-06-20 05:05:53,697,228,2005-06-22 02:44:53,1,152,1,3,Children,5,2.99,13.99,Allison Stanley
4909,2005-07-08 21:07:24,1451,228,2005-07-10 22:34:24,1,317,2,5,Comedy,4,0.99,25.99,Allison Stanley
5320,2005-07-09 16:23:32,3140,228,2005-07-18 18:16:32,1,690,1,2,Animation,7,2.99,25.99,Allison Stanley
1070,2005-05-31 09:39:56,3170,228,2005-06-05 10:23:56,1,696,2,2,Animation,6,0.99,20.99,Allison Stanley
492,2005-05-28 00:24:58,1999,228,2005-05-28 22:34:58,1,435,1,9,Foreign,6,4.99,28.99,Allison Stanley
6141,2005-07-11 08:52:16,2279,228,2005-07-17 03:00:16,1,493,2,9,Foreign,5,0.99,18.99,Allison Stanley
2863,2005-06-19 23:58:38,2410,228,2005-06-23 23:27:38,2,526,2,16,Travel,7,2.99,10.99,Allison Stanley
4636,2005-07-08 08:44:32,1858,228,2005-07-10 08:59:32,2,405,2,16,Travel,6,4.99,13.99,Allison Stanley
5151,2005-07-09 08:31:03,224,228,2005-07-10 08:18:03,2,50,1,8,Family,3,2.99,20.99,Allison Stanley
6948,2005-07-26 23:43:49,3088,228,2005-07-27 21:24:49,2,679,1,8,Family,6,2.99,17.99,Allison Stanley
3715,2005-07-06 10:51:48,4456,228,2005-07-11 06:08:48,1,973,2,6,Documentary,3,4.99,27.99,Allison Stanley
2284,2005-06-18 06:59:51,2682,228,2005-06-24 04:58:51,2,589,2,6,Documentary,3,0.99,20.99,Allison Stanley
4217,2005-07-07 12:08:59,3186,228,2005-07-11 15:07:59,2,698,2,6,Documentary,3,2.99,29.99,Allison Stanley
3433,2005-06-21 19:07:19,1077,228,2005-06-29 18:01:19,2,240,2,14,Sci-Fi,7,2.99,10.99,Allison Stanley
3796,2005-07-06 14:45:22,1649,228,2005-07-07 11:01:22,2,360,1,1,Action,4,0.99,24.99,Allison Stanley
10585,2005-08-01 14:00:42,2670,228,2005-08-09 11:42:42,2,586,1,1,Action,4,0.99,27.99,Allison Stanley
7601,2005-07-27 23:48:15,903,228,2005-07-29 02:45:15,1,200,2,10,Games,7,0.99,27.99,Allison Stanley
7509,2005-07-27 20:37:19,4134,228,2005-08-04 19:35:19,2,898,1,15,Sports,4,4.99,18.99,Allison Stanley
3710,2005-07-06 10:28:53,2596,228,2005-07-15 06:17:53,2,570,2,15,Sports,5,4.99,20.99,Allison Stanley
5902,2005-07-10 20:31:24,2727,228,2005-07-11 20:50:24,1,598,1,15,Sports,6,0.99,22.99,Allison Stanley
8147,2005-07-28 20:37:56,628,228,2005-07-30 18:26:56,1,136,1,13,New,7,2.99,26.99,Allison Stanley
3538,2005-07-06 01:37:07,4361,228,2005-07-11 06:02:07,2,951,1,4,Classics,6,0.99,28.99,Allison Stanley
4518,2005-07-08 02:48:36,697,592,2005-07-13 04:53:36,2,152,1,3,Children,5,2.99,13.99,Terrance Roush
4460,2005-07-07 23:50:14,4121,592,2005-07-09 21:55:14,1,896,1,3,Children,3,0.99,10.99,Terrance Roush
10383,2005-08-01 06:37:16,4166,592,2005-08-03 07:36:16,2,906,1,5,Comedy,4,0.99,27.99,Terrance Roush
10634,2005-08-01 15:37:48,445,592,2005-08-02 12:11:48,2,99,1,5,Comedy,7,2.99,14.99,Terrance Roush
9268,2005-07-30 15:02:30,3593,592,2005-08-05 12:50:30,1,785,2,16,Travel,6,4.99,20.99,Terrance Roush
2627,2005-06-19 08:32:00,2779,592,2005-06-24 04:31:00,2,610,1,8,Family,7,0.99,17.99,Terrance Roush
4129,2005-07-07 07:37:03,1413,592,2005-07-14 13:31:03,1,309,2,8,Family,6,0.99,29.99,Terrance Roush
9437,2005-07-30 21:36:04,1230,592,2005-08-08 01:26:04,1,273,1,8,Family,6,0.99,14.99,Terrance Roush
4145,2005-07-07 08:26:39,3050,592,2005-07-16 12:54:39,2,670,1,6,Documentary,4,4.99,17.99,Terrance Roush
3973,2005-07-06 22:58:31,2625,592,2005-07-16 03:27:31,2,575,2,6,Documentary,3,4.99,27.99,Terrance Roush
7173,2005-07-27 07:59:24,177,592,2005-07-28 02:23:24,2,39,2,14,Sci-Fi,5,0.99,10.99,Terrance Roush
8773,2005-07-29 19:55:34,131,592,2005-07-30 14:11:34,1,26,1,14,Sci-Fi,3,0.99,15.99,Terrance Roush
8730,2005-07-29 18:23:34,4191,592,2005-08-01 19:56:34,1,912,1,14,Sci-Fi,3,2.99,9.99,Terrance Roush
1163,2005-06-14 23:12:46,4209,592,2005-06-23 21:53:46,1,915,1,1,Action,7,4.99,9.99,Terrance Roush
9666,2005-07-31 06:20:58,4318,592,2005-08-06 06:09:58,2,941,1,10,Games,4,4.99,10.99,Terrance Roush
3560,2005-07-06 02:51:37,888,592,2005-07-10 01:35:37,2,197,1,15,Sports,4,2.99,27.99,Terrance Roush
7364,2005-07-27 14:58:40,3046,592,2005-08-03 09:01:40,2,668,2,15,Sports,7,4.99,25.99,Terrance Roush
6937,2005-07-26 23:15:50,1768,592,2005-07-27 19:14:50,1,383,2,15,Sports,6,0.99,13.99,Terrance Roush
1423,2005-06-15 18:08:12,1396,592,2005-06-24 19:13:12,1,305,2,13,New,6,2.99,24.99,Terrance Roush
3158,2005-06-20 21:08:19,3461,592,2005-06-29 18:59:19,1,759,2,13,New,4,2.99,29.99,Terrance Roush
7278,2005-07-27 11:50:34,531,592,2005-08-01 10:22:34,1,116,2,4,Classics,4,2.99,10.99,Terrance Roush
1479,2005-06-15 21:13:38,172,592,2005-06-17 01:26:38,2,37,2,4,Classics,3,2.99,28.99,Terrance Roush
8695,2005-07-29 16:44:55,694,280,2005-08-07 12:47:55,1,152,1,3,Children,5,2.99,13.99,Tracey Barrett
9103,2005-07-30 08:49:26,3806,280,2005-07-31 14:15:26,1,833,2,3,Children,5,0.99,20.99,Tracey Barrett
8744,2005-07-29 18:58:24,1086,280,2005-08-05 17:56:24,1,242,2,5,Comedy,4,0.99,13.99,Tracey Barrett
2656,2005-06-19 10:42:33,559,280,2005-06-24 08:31:33,2,121,2,2,Animation,4,2.99,15.99,Tracey Barrett
4616,2005-07-08 07:48:12,2580,280,2005-07-10 08:13:12,2,565,1,9,Foreign,6,4.99,9.99,Tracey Barrett
8365,2005-07-29 05:11:00,53,280,2005-07-30 05:30:00,2,11,1,9,Foreign,6,0.99,16.99,Tracey Barrett
6851,2005-07-12 19:32:14,664,280,2005-07-17 21:03:14,1,143,2,7,Drama,6,0.99,17.99,Tracey Barrett
8565,2005-07-29 11:35:23,3211,280,2005-08-06 08:28:23,1,706,1,7,Drama,5,4.99,22.99,Tracey Barrett
1014,2005-05-31 02:39:16,766,280,2005-06-01 06:03:16,2,167,1,16,Travel,6,4.99,10.99,Tracey Barrett
3097,2005-06-20 16:26:14,4337,280,2005-06-23 14:46:14,1,945,2,6,Documentary,5,0.99,22.99,Tracey Barrett
8912,2005-07-30 01:31:25,1686,280,2005-08-02 07:14:25,2,367,2,14,Sci-Fi,6,0.99,20.99,Tracey Barrett
7070,2005-07-27 04:01:08,4182,280,2005-07-30 08:10:08,2,911,1,1,Action,7,4.99,14.99,Tracey Barrett
3009,2005-06-20 10:24:44,2721,280,2005-06-23 13:39:44,1,597,2,10,Games,5,4.99,12.99,Tracey Barrett
10847,2005-08-01 23:49:33,1200,280,2005-08-10 05:37:33,2,267,1,13,New,4,4.99,14.99,Tracey Barrett
8319,2005-07-29 03:44:52,747,280,2005-08-01 00:35:52,2,163,2,13,New,4,0.99,29.99,Tracey Barrett
7901,2005-07-28 11:12:12,4435,280,2005-08-01 08:13:12,1,970,1,4,Classics,7,0.99,11.99,Tracey Barrett
9172,2005-07-30 11:36:38,695,437,2005-08-04 09:39:38,1,152,1,3,Children,5,2.99,13.99,Randall Neumann
192,2005-05-26 06:20:37,1897,437,2005-06-02 10:57:37,1,413,1,5,Comedy,7,2.99,16.99,Randall Neumann
5085,2005-07-09 05:36:49,4164,437,2005-07-13 09:26:49,1,905,1,5,Comedy,7,4.99,10.99,Randall Neumann
2792,2005-06-19 18:52:25,3057,437,2005-06-23 17:39:25,1,672,1,5,Comedy,7,2.99,17.99,Randall Neumann
3747,2005-07-06 12:11:14,1093,437,2005-07-09 17:14:14,2,243,2,2,Animation,3,4.99,22.99,Randall Neumann
10009,2005-07-31 18:00:28,4441,437,2005-08-08 22:24:28,2,971,1,9,Foreign,4,4.99,11.99,Randall Neumann
5167,2005-07-09 09:18:43,2485,437,2005-07-14 12:59:43,2,545,1,9,Foreign,4,0.99,14.99,Randall Neumann
8215,2005-07-28 23:43:56,2921,437,2005-08-03 19:30:56,2,641,2,9,Foreign,4,0.99,21.99,Randall Neumann
5864,2005-07-10 18:29:57,4380,437,2005-07-19 14:27:57,2,957,1,9,Foreign,7,4.99,26.99,Randall Neumann
4765,2005-07-08 15:08:45,469,437,2005-07-13 10:44:45,1,103,2,16,Travel,7,4.99,27.99,Randall Neumann
2239,2005-06-18 04:23:54,4419,437,2005-06-26 00:12:54,2,966,2,6,Documentary,3,0.99,14.99,Randall Neumann
3265,2005-06-21 04:23:13,3637,437,2005-06-28 03:37:13,1,794,1,1,Action,5,0.99,28.99,Randall Neumann
656,2005-05-28 20:18:24,2846,437,2005-05-30 16:19:24,1,624,2,10,Games,3,4.99,25.99,Randall Neumann
5744,2005-07-10 12:08:33,1372,437,2005-07-14 12:34:33,2,302,1,10,Games,5,2.99,29.99,Randall Neumann
9333,2005-07-30 17:53:45,1377,437,2005-07-31 22:35:45,2,302,2,10,Games,5,2.99,29.99,Randall Neumann
666,2005-05-28 21:48:51,3075,437,2005-06-05 16:45:51,2,676,2,15,Sports,7,4.99,16.99,Randall Neumann
10249,2005-08-01 02:35:39,135,437,2005-08-06 06:50:39,1,27,1,15,Sports,7,0.99,12.99,Randall Neumann
5989,2005-07-11 00:57:53,696,283,2005-07-15 02:24:53,1,152,1,3,Children,5,2.99,13.99,Felicia Sutton
6827,2005-07-12 18:33:45,1529,283,2005-07-13 19:09:45,1,334,2,11,Horror,6,4.99,21.99,Felicia Sutton
7504,2005-07-27 20:24:31,3354,283,2005-07-30 21:25:31,2,737,1,11,Horror,4,0.99,28.99,Felicia Sutton
3672,2005-07-06 09:01:56,3883,283,2005-07-11 14:18:56,1,849,1,2,Animation,6,0.99,28.99,Felicia Sutton
3590,2005-07-06 04:35:12,1510,283,2005-07-10 05:14:12,2,330,1,2,Animation,7,4.99,22.99,Felicia Sutton
2685,2005-06-19 12:35:21,1170,283,2005-06-22 16:58:21,1,259,1,2,Animation,4,2.99,15.99,Felicia Sutton
6075,2005-07-11 05:03:03,2160,283,2005-07-12 01:28:03,1,467,1,9,Foreign,6,0.99,10.99,Felicia Sutton
7816,2005-07-28 08:14:12,1422,283,2005-07-30 08:00:12,2,311,2,9,Foreign,4,0.99,14.99,Felicia Sutton
2333,2005-06-18 10:55:54,2323,283,2005-06-25 07:09:54,2,504,2,7,Drama,5,0.99,25.99,Felicia Sutton
1796,2005-06-16 20:10:43,3229,283,2005-06-20 19:12:43,1,709,2,7,Drama,7,2.99,19.99,Felicia Sutton
9353,2005-07-30 18:30:37,3581,283,2005-08-06 22:32:37,2,783,1,16,Travel,5,2.99,22.99,Felicia Sutton
3568,2005-07-06 03:11:57,2084,283,2005-07-15 03:14:57,1,451,2,16,Travel,7,4.99,12.99,Felicia Sutton
2849,2005-06-19 23:06:00,3628,283,2005-06-25 18:36:00,1,791,2,6,Documentary,3,4.99,24.99,Felicia Sutton
4876,2005-07-08 19:27:50,1959,283,2005-07-14 15:42:50,1,427,1,6,Documentary,5,0.99,19.99,Felicia Sutton
9572,2005-07-31 02:44:10,1453,283,2005-08-01 03:30:10,2,319,1,14,Sci-Fi,4,2.99,22.99,Felicia Sutton
9478,2005-07-30 23:12:53,1139,283,2005-08-04 02:41:53,1,252,2,1,Action,6,2.99,18.99,Felicia Sutton
6300,2005-07-11 17:50:09,1269,283,2005-07-18 13:11:09,1,281,2,10,Games,6,0.99,9.99,Felicia Sutton
3534,2005-07-06 01:32:27,2055,283,2005-07-08 23:14:27,1,446,2,15,Sports,5,4.99,19.99,Felicia Sutton
4683,2005-07-08 10:38:28,3464,283,2005-07-09 12:07:28,1,759,2,13,New,4,2.99,29.99,Felicia Sutton
9918,2005-07-31 14:55:22,2519,283,2005-08-04 09:02:22,2,554,1,4,Classics,6,2.99,22.99,Felicia Sutton
1749,2005-06-16 16:56:00,1554,283,2005-06-21 21:02:00,2,341,1,4,Classics,5,0.99,13.99,Felicia Sutton
6313,2005-07-11 18:29:52,2976,283,2005-07-14 21:34:52,1,652,1,4,Classics,3,0.99,14.99,Felicia Sutton
10192,2005-08-01 00:33:00,1632,569,2005-08-05 03:37:00,2,356,2,3,Children,5,2.99,10.99,Dave Gardiner
53,2005-05-25 07:19:16,1255,569,2005-05-27 05:19:16,2,277,1,11,Horror,4,4.99,24.99,Dave Gardiner
624,2005-05-28 16:13:22,3660,569,2005-06-06 20:35:22,1,800,1,11,Horror,7,2.99,19.99,Dave Gardiner
11030,2005-08-02 05:51:20,1437,569,2005-08-06 04:20:20,1,314,2,2,Animation,3,0.99,13.99,Dave Gardiner
4204,2005-07-07 11:24:18,1513,569,2005-07-15 12:42:18,1,330,2,2,Animation,7,4.99,22.99,Dave Gardiner
9399,2005-07-30 20:14:50,3668,569,2005-08-03 17:30:50,1,803,1,7,Drama,7,4.99,29.99,Dave Gardiner
487,2005-05-28 00:00:30,3774,569,2005-05-28 19:18:30,2,826,2,16,Travel,7,4.99,19.99,Dave Gardiner
647,2005-05-28 19:22:52,3435,569,2005-06-01 00:10:52,1,753,2,8,Family,3,0.99,20.99,Dave Gardiner
5003,2005-07-09 01:19:03,3438,569,2005-07-10 04:28:03,2,753,2,8,Family,3,0.99,20.99,Dave Gardiner
10884,2005-08-02 00:47:33,3702,569,2005-08-03 04:38:33,1,810,1,8,Family,5,0.99,21.99,Dave Gardiner
1668,2005-06-16 10:19:52,2483,569,2005-06-23 12:22:52,2,544,2,6,Documentary,4,2.99,11.99,Dave Gardiner
1463,2005-06-15 20:37:51,2984,569,2005-06-21 16:46:51,2,654,2,10,Games,4,4.99,19.99,Dave Gardiner
8910,2005-07-30 01:29:48,1039,569,2005-07-31 21:33:48,2,232,1,10,Games,7,2.99,29.99,Dave Gardiner
1037,2005-05-31 05:22:25,810,569,2005-06-09 04:52:25,1,176,2,15,Sports,6,0.99,21.99,Dave Gardiner
6046,2005-07-11 03:21:49,1935,569,2005-07-19 23:58:49,1,420,2,15,Sports,7,4.99,27.99,Dave Gardiner
9220,2005-07-30 13:17:27,2463,569,2005-08-07 11:34:27,2,538,2,13,New,7,0.99,19.99,Dave Gardiner
9960,2005-07-31 16:05:52,1022,569,2005-08-05 14:15:52,2,228,2,4,Classics,4,0.99,16.99,Dave Gardiner
8589,2005-07-29 12:28:17,1628,293,2005-08-05 11:40:17,1,356,1,3,Children,5,2.99,10.99,Mae Fletcher
7607,2005-07-28 00:05:53,3914,293,2005-07-31 04:13:53,1,854,2,11,Horror,4,4.99,22.99,Mae Fletcher
4542,2005-07-08 04:06:30,4169,293,2005-07-16 06:54:30,2,906,2,5,Comedy,4,0.99,27.99,Mae Fletcher
1589,2005-06-16 04:58:03,4307,293,2005-06-24 08:36:03,1,938,1,5,Comedy,3,4.99,14.99,Mae Fletcher
1829,2005-06-16 22:14:21,617,293,2005-06-21 16:51:21,1,134,2,2,Animation,4,4.99,21.99,Mae Fletcher
2386,2005-06-18 15:22:51,1361,293,2005-06-22 20:01:51,1,300,2,2,Animation,5,4.99,21.99,Mae Fletcher
9123,2005-07-30 09:39:15,3748,293,2005-08-02 08:12:15,2,820,1,2,Animation,3,2.99,11.99,Mae Fletcher
1860,2005-06-17 01:17:12,1853,293,2005-06-21 22:35:12,1,403,2,7,Drama,5,4.99,18.99,Mae Fletcher
4343,2005-07-07 18:48:54,1926,293,2005-07-12 15:19:54,1,418,1,7,Drama,5,0.99,27.99,Mae Fletcher
3025,2005-06-20 11:46:48,1309,293,2005-06-22 08:43:48,1,288,2,16,Travel,7,2.99,20.99,Mae Fletcher
924,2005-05-30 12:10:59,3279,293,2005-06-04 17:28:59,1,723,1,14,Sci-Fi,3,2.99,29.99,Mae Fletcher
3906,2005-07-06 19:35:55,1383,293,2005-07-15 22:35:55,1,303,2,1,Action,6,0.99,27.99,Mae Fletcher
5765,2005-07-10 13:03:02,2619,293,2005-07-16 09:31:02,1,574,2,1,Action,3,0.99,19.99,Mae Fletcher
445,2005-05-27 18:42:57,1757,293,2005-05-30 22:35:57,2,382,1,10,Games,3,0.99,21.99,Mae Fletcher
8745,2005-07-29 19:03:05,1766,293,2005-08-06 14:06:05,2,383,1,15,Sports,6,0.99,13.99,Mae Fletcher
3290,2005-06-21 06:45:34,2727,293,2005-06-28 09:44:34,1,598,1,15,Sports,6,0.99,22.99,Mae Fletcher
4944,2005-07-08 22:44:28,3648,293,2005-07-17 21:51:28,2,796,2,15,Sports,3,0.99,12.99,Mae Fletcher
6432,2005-07-12 00:09:41,970,293,2005-07-20 20:06:41,1,216,1,13,New,3,4.99,16.99,Mae Fletcher
3452,2005-06-21 21:11:27,2646,293,2005-06-24 16:31:27,1,580,1,13,New,3,4.99,12.99,Mae Fletcher
1034,2005-05-31 04:53:40,4117,293,2005-06-09 08:25:40,2,895,1,4,Classics,3,2.99,21.99,Mae Fletcher
3393,2005-06-21 15:14:27,1631,362,2005-06-25 19:54:27,2,356,2,3,Children,5,2.99,10.99,Nicholas Barfield
8714,2005-07-29 17:31:40,4547,362,2005-08-04 16:12:40,2,993,1,3,Children,6,2.99,10.99,Nicholas Barfield
4646,2005-07-08 09:23:26,618,362,2005-07-16 04:03:26,1,134,2,2,Animation,4,4.99,21.99,Nicholas Barfield
8364,2005-07-29 05:10:31,1361,362,2005-07-30 04:02:31,2,300,2,2,Animation,5,4.99,21.99,Nicholas Barfield
8081,2005-07-28 18:06:46,4404,362,2005-08-04 18:54:46,1,963,1,2,Animation,5,0.99,12.99,Nicholas Barfield
10546,2005-08-01 12:44:17,1589,362,2005-08-06 16:26:17,2,349,1,2,Animation,4,2.99,27.99,Nicholas Barfield
1529,2005-06-16 00:37:35,1688,362,2005-06-22 18:58:35,2,368,1,7,Drama,7,2.99,20.99,Nicholas Barfield
6576,2005-07-12 06:13:41,339,362,2005-07-16 03:22:41,1,75,2,16,Travel,6,4.99,14.99,Nicholas Barfield
8662,2005-07-29 15:31:33,3758,362,2005-07-30 09:39:33,2,822,2,8,Family,6,0.99,12.99,Nicholas Barfield
3197,2005-06-21 00:07:23,1811,362,2005-06-23 00:53:23,2,393,1,6,Documentary,6,2.99,19.99,Nicholas Barfield
8325,2005-07-29 03:57:27,932,362,2005-08-06 22:30:27,1,206,2,6,Documentary,6,0.99,25.99,Nicholas Barfield
7485,2005-07-27 19:29:09,631,362,2005-07-30 16:28:09,1,137,2,14,Sci-Fi,3,2.99,21.99,Nicholas Barfield
1615,2005-06-16 07:00:28,3894,362,2005-06-25 08:53:28,1,850,2,1,Action,7,0.99,27.99,Nicholas Barfield
6204,2005-07-11 12:29:22,2572,362,2005-07-13 10:41:22,2,563,1,10,Games,6,4.99,16.99,Nicholas Barfield
5227,2005-07-09 12:16:39,1862,362,2005-07-18 15:38:39,2,406,2,10,Games,5,0.99,22.99,Nicholas Barfield
1035,2005-05-31 05:01:09,949,362,2005-06-02 03:59:09,1,211,1,10,Games,7,4.99,20.99,Nicholas Barfield
5690,2005-07-10 09:26:49,1326,362,2005-07-19 07:17:49,2,293,1,15,Sports,6,2.99,17.99,Nicholas Barfield
5563,2005-07-10 03:21:02,2258,362,2005-07-14 07:40:02,1,488,2,15,Sports,3,0.99,23.99,Nicholas Barfield
9784,2005-07-31 10:21:32,2761,362,2005-08-07 09:20:32,2,606,2,15,Sports,3,0.99,15.99,Nicholas Barfield
6981,2005-07-27 00:51:38,154,362,2005-07-28 01:06:38,2,32,2,13,New,6,4.99,11.99,Nicholas Barfield
7172,2005-07-27 07:59:16,2405,362,2005-08-01 04:46:16,1,525,1,4,Classics,4,0.99,29.99,Nicholas Barfield
1429,2005-06-15 18:24:10,4116,362,2005-06-18 16:30:10,1,895,1,4,Classics,3,2.99,21.99,Nicholas Barfield
6945,2005-07-26 23:35:29,1627,560,2005-07-28 00:12:29,1,356,1,3,Children,5,2.99,10.99,Jordan Archuleta
5208,2005-07-09 11:16:56,1881,560,2005-07-10 07:21:56,2,410,1,5,Comedy,7,2.99,19.99,Jordan Archuleta
137,2005-05-25 22:25:18,2591,560,2005-06-01 02:30:18,2,569,1,2,Animation,7,2.99,18.99,Jordan Archuleta
4453,2005-07-07 23:32:39,89,560,2005-07-12 01:38:39,2,18,1,2,Animation,6,0.99,27.99,Jordan Archuleta
10702,2005-08-01 18:34:59,2802,560,2005-08-09 23:44:59,2,615,2,2,Animation,6,2.99,21.99,Jordan Archuleta
1572,2005-06-16 03:23:22,4179,560,2005-06-20 06:03:22,2,910,2,7,Drama,3,0.99,19.99,Jordan Archuleta
4375,2005-07-07 20:20:29,3035,560,2005-07-16 19:29:29,2,666,1,7,Drama,4,4.99,27.99,Jordan Archuleta
1271,2005-06-15 07:32:24,379,560,2005-06-21 05:12:24,1,84,1,16,Travel,7,4.99,13.99,Jordan Archuleta
3941,2005-07-06 21:20:37,382,560,2005-07-09 01:35:37,2,84,1,16,Travel,7,4.99,13.99,Jordan Archuleta
10733,2005-08-01 19:28:01,3980,560,2005-08-09 18:41:01,1,867,1,8,Family,5,4.99,10.99,Jordan Archuleta
9265,2005-07-30 14:55:25,3700,560,2005-08-02 11:34:25,1,810,1,8,Family,5,0.99,21.99,Jordan Archuleta
9895,2005-07-31 14:07:56,835,560,2005-08-05 14:56:56,1,183,1,8,Family,4,4.99,14.99,Jordan Archuleta
8753,2005-07-29 19:15:50,1345,560,2005-07-31 19:13:50,2,296,1,14,Sci-Fi,5,2.99,23.99,Jordan Archuleta
4298,2005-07-07 16:27:25,1055,560,2005-07-12 18:20:25,1,235,1,14,Sci-Fi,6,2.99,13.99,Jordan Archuleta
8906,2005-07-30 01:21:39,2667,560,2005-08-07 02:14:39,2,586,1,1,Action,4,0.99,27.99,Jordan Archuleta
7891,2005-07-28 10:43:56,3637,560,2005-08-05 14:04:56,2,794,1,1,Action,5,0.99,28.99,Jordan Archuleta
6410,2005-07-11 23:08:06,1127,560,2005-07-19 19:57:06,2,250,2,1,Action,4,0.99,26.99,Jordan Archuleta
10480,2005-08-01 10:13:41,553,560,2005-08-03 10:27:41,1,120,1,15,Sports,3,4.99,16.99,Jordan Archuleta
7202,2005-07-27 09:00:20,109,560,2005-08-04 03:09:20,1,22,1,13,New,6,2.99,10.99,Jordan Archuleta
8861,2005-07-29 23:47:29,759,560,2005-08-07 01:27:29,1,166,1,4,Classics,6,2.99,19.99,Jordan Archuleta
6035,2005-07-11 03:01:45,3474,176,2005-07-14 01:04:45,2,761,2,3,Children,7,2.99,23.99,June Carroll
10441,2005-08-01 08:55:56,4122,176,2005-08-03 10:26:56,2,896,1,3,Children,3,0.99,10.99,June Carroll
663,2005-05-28 21:23:02,3997,176,2005-06-02 17:39:02,2,870,2,11,Horror,4,0.99,12.99,June Carroll
1741,2005-06-16 16:31:37,3722,176,2005-06-25 21:38:37,1,814,1,5,Comedy,6,4.99,15.99,June Carroll
380,2005-05-27 09:34:39,1777,176,2005-06-04 11:45:39,1,385,2,5,Comedy,6,4.99,26.99,June Carroll
6354,2005-07-11 20:54:27,3203,176,2005-07-18 23:46:27,2,704,1,5,Comedy,3,2.99,25.99,June Carroll
2922,2005-06-20 04:13:47,1671,176,2005-06-22 04:38:47,2,365,1,5,Comedy,4,4.99,21.99,June Carroll
7521,2005-07-27 21:04:42,3144,176,2005-08-03 16:06:42,1,690,2,2,Animation,7,2.99,25.99,June Carroll
7210,2005-07-27 09:19:05,1984,176,2005-07-28 04:35:05,1,433,1,2,Animation,4,2.99,23.99,June Carroll
9145,2005-07-30 10:27:55,559,176,2005-08-07 14:41:55,2,121,2,2,Animation,4,2.99,15.99,June Carroll
2503,2005-06-18 23:17:19,2486,176,2005-06-23 03:57:19,2,545,1,9,Foreign,4,0.99,14.99,June Carroll
3643,2005-07-06 07:20:08,845,176,2005-07-11 07:01:08,1,185,1,9,Foreign,3,2.99,10.99,June Carroll
172,2005-05-26 03:17:42,2873,176,2005-05-29 04:11:42,2,630,2,7,Drama,7,0.99,19.99,June Carroll
7025,2005-07-27 02:40:29,3530,176,2005-07-29 23:02:29,2,772,2,7,Drama,4,2.99,24.99,June Carroll
2427,2005-06-18 17:45:00,4278,176,2005-06-27 20:07:00,2,931,2,16,Travel,7,0.99,9.99,June Carroll
1836,2005-06-16 23:13:05,2753,176,2005-06-24 01:40:05,2,603,2,8,Family,6,4.99,27.99,June Carroll
1291,2005-06-15 08:55:01,3090,176,2005-06-24 04:22:01,1,679,2,8,Family,6,2.99,17.99,June Carroll
3931,2005-07-06 21:03:46,182,176,2005-07-16 01:32:46,1,40,2,6,Documentary,4,0.99,22.99,June Carroll
553,2005-05-28 08:14:44,1349,176,2005-06-02 03:01:44,2,298,1,14,Sci-Fi,4,2.99,13.99,June Carroll
10862,2005-08-02 00:17:34,1077,176,2005-08-08 00:31:34,2,240,2,14,Sci-Fi,7,2.99,10.99,June Carroll
7751,2005-07-28 05:56:13,4425,176,2005-08-05 08:08:13,1,967,2,14,Sci-Fi,5,2.99,26.99,June Carroll
7017,2005-07-27 02:16:03,753,176,2005-07-31 07:49:03,1,165,1,14,Sci-Fi,7,4.99,27.99,June Carroll
4121,2005-07-07 07:13:50,2429,176,2005-07-13 04:32:50,2,530,1,1,Action,5,2.99,27.99,June Carroll
10277,2005-08-01 03:22:41,1472,176,2005-08-05 05:07:41,1,322,1,15,Sports,5,2.99,29.99,June Carroll
2181,2005-06-18 00:48:31,3481,176,2005-06-25 06:43:31,2,763,1,15,Sports,3,4.99,26.99,June Carroll
8279,2005-07-29 01:43:37,3838,176,2005-08-03 02:36:37,1,841,1,15,Sports,5,2.99,9.99,June Carroll
2218,2005-06-18 03:13:13,3577,176,2005-06-18 21:16:13,1,782,2,15,Sports,6,2.99,26.99,June Carroll
1062,2005-05-31 08:38:20,2223,176,2005-06-09 08:23:20,2,481,1,13,New,4,2.99,22.99,June Carroll
2602,2005-06-19 06:10:08,4124,173,2005-06-24 00:39:08,2,896,2,3,Children,3,0.99,10.99,Audrey Ray
10351,2005-08-01 05:32:13,3725,173,2005-08-08 09:48:13,1,814,2,5,Comedy,6,4.99,15.99,Audrey Ray
5485,2005-07-09 23:55:25,3930,173,2005-07-14 04:08:25,1,857,1,5,Comedy,3,2.99,24.99,Audrey Ray
3336,2005-06-21 10:14:27,2122,173,2005-06-22 09:29:27,1,460,1,9,Foreign,3,4.99,26.99,Audrey Ray
3717,2005-07-06 10:53:34,1677,173,2005-07-07 13:43:34,2,366,1,7,Drama,3,0.99,29.99,Audrey Ray
5531,2005-07-10 02:13:59,2992,173,2005-07-15 00:01:59,2,656,2,16,Travel,3,0.99,9.99,Audrey Ray
578,2005-05-28 11:15:48,2938,173,2005-06-02 09:59:48,1,645,2,16,Travel,7,2.99,18.99,Audrey Ray
9097,2005-07-30 08:40:35,570,173,2005-08-04 11:19:35,2,123,2,16,Travel,6,4.99,22.99,Audrey Ray
8299,2005-07-29 02:56:00,1797,173,2005-07-30 22:35:00,2,391,1,8,Family,6,2.99,25.99,Audrey Ray
5430,2005-07-09 21:19:54,1441,173,2005-07-15 22:53:54,1,315,2,8,Family,4,0.99,10.99,Audrey Ray
9512,2005-07-31 00:26:30,3786,173,2005-08-04 23:43:30,2,829,1,8,Family,7,2.99,12.99,Audrey Ray
2435,2005-06-18 18:12:26,3548,173,2005-06-22 13:43:26,2,776,1,6,Documentary,6,4.99,11.99,Audrey Ray
8808,2005-07-29 21:39:07,593,173,2005-08-03 02:09:07,2,129,2,6,Documentary,3,2.99,16.99,Audrey Ray
628,2005-05-28 17:05:46,2513,173,2005-06-06 16:29:46,2,552,2,6,Documentary,5,0.99,15.99,Audrey Ray
1188,2005-06-15 01:04:07,246,173,2005-06-19 03:48:07,1,55,2,14,Sci-Fi,6,2.99,27.99,Audrey Ray
5488,2005-07-10 00:02:06,4262,173,2005-07-15 01:45:06,2,927,1,1,Action,6,2.99,16.99,Audrey Ray
7644,2005-07-28 01:27:33,882,173,2005-07-31 22:58:33,2,194,1,1,Action,6,0.99,22.99,Audrey Ray
5615,2005-07-10 05:18:51,1521,173,2005-07-17 11:05:51,2,331,2,10,Games,6,2.99,25.99,Audrey Ray
6021,2005-07-11 02:10:18,3949,173,2005-07-13 05:19:18,1,861,2,10,Games,3,4.99,12.99,Audrey Ray
3224,2005-06-21 02:11:36,3318,173,2005-06-23 21:17:36,1,730,1,13,New,3,0.99,28.99,Audrey Ray
8829,2005-07-29 22:33:34,1466,173,2005-08-05 20:23:34,2,321,1,13,New,3,4.99,21.99,Audrey Ray
4904,2005-07-08 20:53:27,2051,173,2005-07-18 01:16:27,1,445,2,4,Classics,5,2.99,11.99,Audrey Ray
1852,2005-06-17 00:38:20,4122,271,2005-06-22 20:04:20,2,896,1,3,Children,3,0.99,10.99,Penny Neal
5878,2005-07-10 19:09:57,3805,271,2005-07-16 17:22:57,1,833,2,3,Children,5,0.99,20.99,Penny Neal
4545,2005-07-08 04:17:47,3658,271,2005-07-13 07:19:47,1,799,1,11,Horror,3,0.99,26.99,Penny Neal
10310,2005-08-01 04:24:47,9,271,2005-08-04 05:36:47,2,2,2,11,Horror,3,4.99,12.99,Penny Neal
6024,2005-07-11 02:16:47,2923,271,2005-07-12 05:54:47,1,643,1,7,Drama,3,2.99,22.99,Penny Neal
7618,2005-07-28 00:24:14,774,271,2005-08-01 04:35:14,1,169,1,16,Travel,3,2.99,19.99,Penny Neal
3640,2005-07-06 07:12:26,3432,271,2005-07-10 04:54:26,2,753,1,8,Family,3,0.99,20.99,Penny Neal
10599,2005-08-01 14:23:58,2422,271,2005-08-06 10:45:58,2,528,1,8,Family,4,2.99,25.99,Penny Neal
9821,2005-07-31 11:47:54,386,271,2005-08-08 06:21:54,2,85,2,6,Documentary,4,0.99,29.99,Penny Neal
1096,2005-05-31 13:30:49,1066,271,2005-06-09 13:53:49,1,237,1,15,Sports,3,2.99,21.99,Penny Neal
10143,2005-07-31 22:11:43,2139,271,2005-08-09 17:48:43,2,463,1,15,Sports,4,2.99,21.99,Penny Neal
5922,2005-07-10 21:36:53,1392,271,2005-07-16 02:51:53,1,305,1,13,New,6,2.99,24.99,Penny Neal
8592,2005-07-29 12:33:58,1952,271,2005-08-04 07:14:58,2,425,2,4,Classics,6,0.99,20.99,Penny Neal
5559,2005-07-10 03:13:07,4122,496,2005-07-18 08:33:07,1,896,1,3,Children,3,0.99,10.99,Tyler Wren
7133,2005-07-27 06:29:23,2995,496,2005-07-29 03:20:23,2,657,1,5,Comedy,5,2.99,12.99,Tyler Wren
5949,2005-07-10 23:13:00,4397,496,2005-07-14 01:10:00,2,961,1,9,Foreign,7,4.99,22.99,Tyler Wren
8221,2005-07-28 23:47:19,3138,496,2005-08-02 20:42:19,1,689,2,9,Foreign,5,2.99,14.99,Tyler Wren
3569,2005-07-06 03:17:23,1929,496,2005-07-14 03:58:23,1,418,2,7,Drama,5,0.99,27.99,Tyler Wren
4070,2005-07-07 04:37:09,2926,496,2005-07-08 04:19:09,2,643,2,7,Drama,3,2.99,22.99,Tyler Wren
4261,2005-07-07 14:23:56,1405,496,2005-07-13 15:26:56,1,307,2,16,Travel,6,4.99,9.99,Tyler Wren
966,2005-05-30 19:00:37,1294,496,2005-05-31 23:51:37,1,285,2,14,Sci-Fi,3,0.99,18.99,Tyler Wren
2567,2005-06-19 04:04:46,216,496,2005-06-19 23:39:46,2,49,1,14,Sci-Fi,6,2.99,22.99,Tyler Wren
11060,2005-08-02 06:48:18,3395,496,2005-08-10 11:49:18,1,745,1,15,Sports,5,4.99,23.99,Tyler Wren
322,2005-05-27 00:47:35,4556,496,2005-06-02 00:32:35,1,994,1,13,New,6,4.99,29.99,Tyler Wren
4269,2005-07-07 14:38:33,415,496,2005-07-09 10:27:33,1,91,2,4,Classics,5,0.99,17.99,Tyler Wren
1886,2005-06-17 03:36:02,2367,505,2005-06-19 08:12:02,2,515,2,3,Children,7,4.99,14.99,Rafael Abney
10896,2005-08-02 01:19:33,2283,505,2005-08-08 06:54:33,1,494,1,11,Horror,4,0.99,21.99,Rafael Abney
10219,2005-08-01 01:10:33,2262,505,2005-08-10 02:45:33,2,489,1,2,Animation,4,0.99,14.99,Rafael Abney
4008,2005-07-07 00:26:43,1107,505,2005-07-16 03:58:43,2,245,2,2,Animation,4,0.99,28.99,Rafael Abney
6441,2005-07-12 00:27:08,2489,505,2005-07-14 03:12:08,1,545,2,9,Foreign,4,0.99,14.99,Rafael Abney
7784,2005-07-28 07:15:32,3611,505,2005-08-06 05:00:32,1,789,1,9,Foreign,7,2.99,15.99,Rafael Abney
4507,2005-07-08 02:22:45,819,505,2005-07-14 20:53:45,1,179,1,7,Drama,4,4.99,14.99,Rafael Abney
3137,2005-06-20 19:41:28,786,505,2005-06-28 00:32:28,1,172,1,7,Drama,7,4.99,12.99,Rafael Abney
159,2005-05-26 01:34:28,3453,505,2005-05-29 04:00:28,1,757,1,6,Documentary,4,2.99,28.99,Rafael Abney
645,2005-05-28 19:14:09,3128,505,2005-06-05 14:01:09,1,687,2,6,Documentary,6,0.99,15.99,Rafael Abney
5976,2005-07-11 00:16:35,1693,505,2005-07-20 01:30:35,2,369,1,14,Sci-Fi,4,4.99,22.99,Rafael Abney
6292,2005-07-11 17:23:33,4375,505,2005-07-12 16:27:33,2,956,1,10,Games,7,4.99,23.99,Rafael Abney
1799,2005-06-16 20:17:20,2847,505,2005-06-20 23:55:20,1,624,2,10,Games,3,4.99,25.99,Rafael Abney
2773,2005-06-19 18:04:18,4155,505,2005-06-28 23:52:18,1,902,1,15,Sports,6,4.99,22.99,Rafael Abney
6661,2005-07-12 11:20:39,2367,315,2005-07-16 08:17:39,2,515,2,3,Children,7,4.99,14.99,Kenneth Gooden
1701,2005-06-16 13:18:48,3000,315,2005-06-22 15:00:48,1,658,2,11,Horror,7,2.99,19.99,Kenneth Gooden
537,2005-05-28 06:20:55,3095,315,2005-06-05 11:48:55,2,680,2,5,Comedy,4,4.99,21.99,Kenneth Gooden
8416,2005-07-29 06:52:54,1999,315,2005-08-05 09:50:54,2,435,1,9,Foreign,6,4.99,28.99,Kenneth Gooden
4021,2005-07-07 01:46:44,1676,315,2005-07-12 00:16:44,2,366,1,7,Drama,3,0.99,29.99,Kenneth Gooden
4992,2005-07-09 00:49:37,2081,315,2005-07-16 02:05:37,1,451,1,16,Travel,7,4.99,12.99,Kenneth Gooden
8677,2005-07-29 16:01:13,513,315,2005-08-07 19:21:13,2,114,1,14,Sci-Fi,3,0.99,26.99,Kenneth Gooden
9735,2005-07-31 08:57:49,4228,315,2005-08-08 13:51:49,2,919,1,10,Games,3,4.99,17.99,Kenneth Gooden
5126,2005-07-09 07:25:35,3312,315,2005-07-18 05:05:35,1,729,2,15,Sports,5,2.99,28.99,Kenneth Gooden
551,2005-05-28 07:44:18,3119,315,2005-06-02 12:55:18,2,686,1,13,New,5,4.99,9.99,Kenneth Gooden
6894,2005-07-12 21:20:50,1347,315,2005-07-20 23:42:50,2,297,2,4,Classics,6,2.99,29.99,Kenneth Gooden
761,2005-05-29 11:09:01,2342,58,2005-06-03 16:18:01,2,509,2,3,Children,5,0.99,26.99,Jean Bell
230,2005-05-26 11:31:50,1085,58,2005-05-30 15:22:50,1,242,1,5,Comedy,4,0.99,13.99,Jean Bell
2906,2005-06-20 03:04:56,1087,58,2005-06-23 05:57:56,2,242,2,5,Comedy,4,0.99,13.99,Jean Bell
10068,2005-07-31 19:39:38,4000,58,2005-08-05 22:49:38,1,871,1,5,Comedy,6,4.99,19.99,Jean Bell
10668,2005-08-01 17:00:27,2085,58,2005-08-02 14:49:27,2,452,2,9,Foreign,4,0.99,15.99,Jean Bell
7063,2005-07-27 03:52:27,2125,58,2005-08-04 07:53:27,1,460,2,9,Foreign,3,4.99,26.99,Jean Bell
10256,2005-08-01 02:47:11,780,58,2005-08-05 05:21:11,2,170,2,9,Foreign,5,4.99,28.99,Jean Bell
2191,2005-06-18 01:33:09,3369,58,2005-06-19 20:18:09,1,739,1,7,Drama,4,4.99,17.99,Jean Bell
8853,2005-07-29 23:34:21,2323,58,2005-07-31 21:20:21,2,504,2,7,Drama,5,0.99,25.99,Jean Bell
5439,2005-07-09 21:39:35,1993,58,2005-07-13 17:45:35,2,434,1,16,Travel,3,0.99,25.99,Jean Bell
2543,2005-06-19 02:14:11,1729,58,2005-06-21 00:40:11,2,377,1,8,Family,7,0.99,20.99,Jean Bell
7487,2005-07-27 19:32:45,4451,58,2005-07-28 15:11:45,1,973,1,6,Documentary,3,4.99,27.99,Jean Bell
4131,2005-07-07 07:53:18,2621,58,2005-07-08 04:48:18,1,575,1,6,Documentary,3,4.99,27.99,Jean Bell
9561,2005-07-31 02:22:13,1079,58,2005-08-03 07:00:13,2,240,2,14,Sci-Fi,7,2.99,10.99,Jean Bell
276,2005-05-26 17:16:07,1221,58,2005-06-03 12:59:07,1,271,1,1,Action,5,4.99,12.99,Jean Bell
10037,2005-07-31 18:48:08,438,58,2005-08-09 19:11:08,2,97,1,1,Action,7,0.99,24.99,Jean Bell
3685,2005-07-06 09:30:45,2015,58,2005-07-11 15:16:45,2,438,2,10,Games,3,2.99,22.99,Jean Bell
6631,2005-07-12 09:31:43,2340,204,2005-07-15 05:00:43,2,509,2,3,Children,5,0.99,26.99,Rosemary Schmidt
4979,2005-07-09 00:24:34,3447,204,2005-07-12 20:04:34,1,755,2,3,Children,5,4.99,11.99,Rosemary Schmidt
10399,2005-08-01 07:13:39,2515,204,2005-08-10 06:56:39,1,553,2,3,Children,4,0.99,12.99,Rosemary Schmidt
9005,2005-07-30 05:04:58,157,204,2005-08-03 07:41:58,2,34,2,11,Horror,6,0.99,29.99,Rosemary Schmidt
9906,2005-07-31 14:38:12,4241,204,2005-08-01 13:56:12,1,922,1,11,Horror,7,4.99,22.99,Rosemary Schmidt
9394,2005-07-30 20:06:24,161,204,2005-08-06 22:36:24,1,35,1,11,Horror,4,2.99,24.99,Rosemary Schmidt
10042,2005-07-31 19:01:25,123,204,2005-08-06 14:21:25,1,24,1,11,Horror,6,2.99,19.99,Rosemary Schmidt
5145,2005-07-09 08:13:25,2397,204,2005-07-10 03:56:25,2,524,1,5,Comedy,6,0.99,13.99,Rosemary Schmidt
6694,2005-07-12 12:39:23,586,204,2005-07-19 14:47:23,1,127,2,5,Comedy,5,4.99,14.99,Rosemary Schmidt
1321,2005-06-15 10:49:17,3516,204,2005-06-16 15:30:17,1,770,2,9,Foreign,5,2.99,13.99,Rosemary Schmidt
1616,2005-06-16 07:04:52,2296,204,2005-06-24 04:06:52,1,500,1,9,Foreign,5,4.99,11.99,Rosemary Schmidt
6871,2005-07-12 20:13:49,3612,204,2005-07-14 20:11:49,2,789,2,9,Foreign,7,2.99,15.99,Rosemary Schmidt
2734,2005-06-19 15:36:27,794,204,2005-06-20 13:44:27,2,173,2,7,Drama,7,4.99,25.99,Rosemary Schmidt
1894,2005-06-17 04:18:48,3707,204,2005-06-26 00:07:48,1,811,1,16,Travel,4,2.99,29.99,Rosemary Schmidt
6225,2005-07-11 13:45:14,2483,204,2005-07-14 10:23:14,1,544,2,6,Documentary,4,2.99,11.99,Rosemary Schmidt
857,2005-05-30 02:01:23,2569,204,2005-06-02 06:07:23,2,563,1,10,Games,6,4.99,16.99,Rosemary Schmidt
1871,2005-06-17 02:25:12,481,204,2005-06-23 03:16:12,2,106,1,10,Games,4,2.99,14.99,Rosemary Schmidt
6004,2005-07-11 01:34:25,1756,204,2005-07-18 00:48:25,2,381,2,10,Games,7,4.99,25.99,Rosemary Schmidt
399,2005-05-27 12:48:38,553,204,2005-05-29 15:27:38,1,120,1,15,Sports,3,4.99,16.99,Rosemary Schmidt
251,2005-05-26 14:35:40,4352,204,2005-05-29 17:17:40,1,948,2,13,New,6,0.99,22.99,Rosemary Schmidt
4043,2005-07-07 03:09:50,3427,204,2005-07-10 07:49:50,2,751,2,13,New,6,0.99,17.99,Rosemary Schmidt
1016,2005-05-31 02:49:43,3423,204,2005-06-04 03:48:43,1,750,1,13,New,3,0.99,25.99,Rosemary Schmidt
5619,2005-07-10 05:29:33,113,204,2005-07-15 00:40:33,1,22,2,13,New,6,2.99,10.99,Rosemary Schmidt
2186,2005-06-18 01:15:27,2050,204,2005-06-21 06:16:27,1,445,2,4,Classics,5,2.99,11.99,Rosemary Schmidt
7392,2005-07-27 16:01:05,3159,204,2005-08-01 17:23:05,2,694,1,4,Classics,6,4.99,15.99,Rosemary Schmidt
7185,2005-07-27 08:23:54,2340,121,2005-07-30 09:50:54,1,509,2,3,Children,5,0.99,26.99,Josephine Gomez
6780,2005-07-12 16:18:12,1255,121,2005-07-13 17:56:12,2,277,1,11,Horror,4,4.99,24.99,Josephine Gomez
8969,2005-07-30 04:00:19,2043,121,2005-08-06 04:39:19,1,444,2,5,Comedy,3,4.99,22.99,Josephine Gomez
8370,2005-07-29 05:16:21,1206,121,2005-08-06 23:16:21,1,268,2,2,Animation,6,4.99,27.99,Josephine Gomez
217,2005-05-26 09:24:26,4395,121,2005-05-31 03:24:26,2,961,1,9,Foreign,7,4.99,22.99,Josephine Gomez
10457,2005-08-01 09:17:34,3052,121,2005-08-06 07:28:34,2,670,1,6,Documentary,4,4.99,17.99,Josephine Gomez
1833,2005-06-16 22:45:03,1337,121,2005-06-20 22:02:03,2,295,1,6,Documentary,3,0.99,14.99,Josephine Gomez
5670,2005-07-10 08:14:52,610,121,2005-07-14 04:13:52,2,132,2,14,Sci-Fi,6,0.99,25.99,Josephine Gomez
8875,2005-07-30 00:15:09,1294,121,2005-08-04 02:54:09,2,285,2,14,Sci-Fi,3,0.99,18.99,Josephine Gomez
8788,2005-07-29 20:46:44,3412,121,2005-08-03 02:25:44,2,748,1,1,Action,4,0.99,16.99,Josephine Gomez
1634,2005-06-16 08:16:05,3990,121,2005-06-17 04:49:05,1,869,2,1,Action,4,2.99,22.99,Josephine Gomez
7114,2005-07-27 05:42:13,3892,121,2005-07-29 01:59:13,1,850,2,1,Action,7,0.99,27.99,Josephine Gomez
7298,2005-07-27 12:45:14,1653,121,2005-07-30 07:02:14,1,361,1,15,Sports,5,2.99,25.99,Josephine Gomez
790,2005-05-29 16:19:29,2858,593,2005-06-02 17:22:29,2,626,2,3,Children,5,2.99,12.99,Rene Mcalister
3542,2005-07-06 01:51:42,4391,593,2005-07-11 03:29:42,1,959,1,3,Children,6,2.99,10.99,Rene Mcalister
2205,2005-06-18 02:14:34,1245,593,2005-06-25 05:11:34,1,275,1,11,Horror,3,0.99,11.99,Rene Mcalister
7958,2005-07-28 13:34:34,421,593,2005-07-29 16:03:34,1,92,2,11,Horror,7,4.99,19.99,Rene Mcalister
4280,2005-07-07 15:09:31,1115,593,2005-07-13 14:47:31,1,247,2,5,Comedy,3,0.99,19.99,Rene Mcalister
10840,2005-08-01 23:38:34,583,593,2005-08-07 02:36:34,2,127,1,5,Comedy,5,4.99,14.99,Rene Mcalister
10904,2005-08-02 01:43:02,3681,593,2005-08-04 04:34:02,1,805,2,2,Animation,5,4.99,12.99,Rene Mcalister
4075,2005-07-07 04:51:44,1989,593,2005-07-09 03:07:44,2,433,2,2,Animation,4,2.99,23.99,Rene Mcalister
8497,2005-07-29 09:07:03,1837,593,2005-08-02 09:18:03,2,399,2,9,Foreign,6,2.99,23.99,Rene Mcalister
10533,2005-08-01 12:14:16,1924,593,2005-08-09 17:13:16,2,418,1,7,Drama,5,0.99,27.99,Rene Mcalister
4623,2005-07-08 08:03:22,4171,593,2005-07-12 09:11:22,2,907,1,7,Drama,4,0.99,10.99,Rene Mcalister
2832,2005-06-19 21:21:53,828,593,2005-06-28 23:00:53,1,181,2,16,Travel,7,2.99,10.99,Rene Mcalister
991,2005-05-30 23:29:22,2863,593,2005-06-07 23:16:22,1,627,2,6,Documentary,4,4.99,9.99,Rene Mcalister
6386,2005-07-11 22:14:57,633,593,2005-07-15 16:41:57,2,138,1,14,Sci-Fi,5,2.99,29.99,Rene Mcalister
9329,2005-07-30 17:42:38,1293,593,2005-08-08 23:17:38,1,285,2,14,Sci-Fi,3,0.99,18.99,Rene Mcalister
9483,2005-07-30 23:31:31,1136,593,2005-08-09 04:29:31,2,252,1,1,Action,6,2.99,18.99,Rene Mcalister
4781,2005-07-08 16:06:55,1818,593,2005-07-16 11:22:55,2,395,1,1,Action,4,0.99,28.99,Rene Mcalister
2055,2005-06-17 15:27:03,1399,593,2005-06-25 13:44:03,1,306,1,10,Games,3,0.99,12.99,Rene Mcalister
10368,2005-08-01 06:13:38,3535,593,2005-08-08 04:40:38,2,773,2,15,Sports,6,2.99,28.99,Rene Mcalister
2441,2005-06-18 18:45:11,3148,593,2005-06-20 00:42:11,1,691,1,15,Sports,6,4.99,29.99,Rene Mcalister
4867,2005-07-08 19:10:52,4090,593,2005-07-09 21:43:52,2,891,2,4,Classics,3,0.99,13.99,Rene Mcalister
6731,2005-07-12 13:58:27,844,593,2005-07-15 10:04:27,2,184,2,4,Classics,3,2.99,24.99,Rene Mcalister
4186,2005-07-07 10:32:25,3910,185,2005-07-15 06:22:25,1,853,1,3,Children,3,4.99,12.99,Roberta Harper
4822,2005-07-08 17:28:47,3970,185,2005-07-14 13:06:47,1,865,1,2,Animation,3,4.99,19.99,Roberta Harper
8200,2005-07-28 23:10:46,353,185,2005-07-29 18:35:46,1,78,1,2,Animation,7,2.99,12.99,Roberta Harper
20,2005-05-25 01:48:41,3517,185,2005-05-27 02:20:41,2,770,2,9,Foreign,5,2.99,13.99,Roberta Harper
6106,2005-07-11 07:05:06,2714,185,2005-07-20 09:27:06,1,595,2,9,Foreign,7,0.99,20.99,Roberta Harper
8442,2005-07-29 07:33:07,4345,185,2005-08-03 03:09:07,2,947,1,9,Foreign,5,0.99,16.99,Roberta Harper
6965,2005-07-27 00:15:18,74,185,2005-07-28 04:30:18,2,15,2,9,Foreign,5,2.99,10.99,Roberta Harper
3314,2005-06-21 08:17:00,4332,185,2005-06-22 06:00:00,2,944,2,7,Drama,6,4.99,29.99,Roberta Harper
154,2005-05-26 00:55:56,1354,185,2005-05-29 23:18:56,2,299,1,16,Travel,4,0.99,9.99,Roberta Harper
9473,2005-07-30 23:04:13,1717,185,2005-08-04 21:48:13,2,374,2,14,Sci-Fi,3,0.99,29.99,Roberta Harper
3325,2005-06-21 08:51:44,1720,185,2005-06-27 06:16:44,1,375,1,1,Action,4,2.99,17.99,Roberta Harper
646,2005-05-28 19:16:14,1922,185,2005-05-31 16:50:14,2,417,2,1,Action,5,0.99,29.99,Roberta Harper
2459,2005-06-18 19:44:08,1024,185,2005-06-23 19:14:08,2,229,1,1,Action,6,4.99,12.99,Roberta Harper
7066,2005-07-27 03:53:52,1862,185,2005-08-05 03:32:52,1,406,2,10,Games,5,0.99,22.99,Roberta Harper
6418,2005-07-11 23:36:27,3101,185,2005-07-16 18:42:27,1,681,2,15,Sports,4,0.99,20.99,Roberta Harper
4524,2005-07-08 03:10:48,2218,185,2005-07-09 07:49:48,2,480,1,4,Classics,3,2.99,29.99,Roberta Harper
9246,2005-07-30 14:12:31,3390,185,2005-08-02 14:25:31,2,744,2,4,Classics,4,0.99,23.99,Roberta Harper
8684,2005-07-29 16:16:33,2457,185,2005-08-07 12:27:33,2,536,2,4,Classics,3,2.99,18.99,Roberta Harper
9400,2005-07-30 20:15:58,3910,368,2005-08-03 21:21:58,1,853,1,3,Children,3,4.99,12.99,Harry Arce
9833,2005-07-31 12:05:01,4243,368,2005-08-09 09:25:01,2,922,2,11,Horror,7,4.99,22.99,Harry Arce
3608,2005-07-06 05:35:39,3095,368,2005-07-10 07:46:39,2,680,2,5,Comedy,4,4.99,21.99,Harry Arce
8226,2005-07-29 00:01:04,3541,368,2005-08-01 19:08:04,2,774,1,5,Comedy,3,2.99,22.99,Harry Arce
6681,2005-07-12 12:04:12,854,368,2005-07-19 11:01:12,2,188,1,5,Comedy,7,2.99,24.99,Harry Arce
836,2005-05-29 23:56:42,3140,368,2005-05-31 04:11:42,2,690,1,2,Animation,7,2.99,25.99,Harry Arce
4066,2005-07-07 04:34:09,1975,368,2005-07-10 23:54:09,1,430,2,2,Animation,7,0.99,23.99,Harry Arce
64,2005-05-25 09:21:29,79,368,2005-06-03 11:31:29,1,16,2,9,Foreign,6,2.99,23.99,Harry Arce
4584,2005-07-08 06:11:02,2322,368,2005-07-11 05:14:02,1,504,1,7,Drama,5,0.99,25.99,Harry Arce
3275,2005-06-21 05:33:04,2320,368,2005-06-30 00:37:04,2,504,1,7,Drama,5,0.99,25.99,Harry Arce
6124,2005-07-11 08:02:32,2022,368,2005-07-12 05:58:32,2,439,2,7,Drama,4,4.99,28.99,Harry Arce
2694,2005-06-19 13:17:21,380,368,2005-06-24 15:09:21,1,84,1,16,Travel,7,4.99,13.99,Harry Arce
2531,2005-06-19 01:20:49,768,368,2005-06-22 01:50:49,2,167,2,16,Travel,6,4.99,10.99,Harry Arce
949,2005-05-30 15:50:39,2202,368,2005-06-03 14:25:39,1,476,2,8,Family,5,2.99,9.99,Harry Arce
4913,2005-07-08 21:27:48,982,368,2005-07-18 02:51:48,1,219,1,6,Documentary,6,4.99,20.99,Harry Arce
2744,2005-06-19 16:20:40,4511,368,2005-06-22 11:44:40,2,985,1,14,Sci-Fi,4,4.99,19.99,Harry Arce
125,2005-05-25 20:48:50,952,368,2005-06-02 21:39:50,1,212,1,1,Action,7,4.99,14.99,Harry Arce
6154,2005-07-11 09:32:19,2717,368,2005-07-16 15:10:19,1,596,2,10,Games,4,4.99,25.99,Harry Arce
10848,2005-08-01 23:50:22,2630,368,2005-08-06 00:52:22,1,577,1,15,Sports,4,0.99,10.99,Harry Arce
1513,2005-06-15 22:53:30,1173,368,2005-06-23 01:00:30,1,260,2,15,Sports,3,4.99,9.99,Harry Arce
10730,2005-08-01 19:21:42,1793,368,2005-08-10 21:18:42,1,389,2,15,Sports,3,2.99,9.99,Harry Arce
8045,2005-07-28 16:49:38,3427,368,2005-08-03 15:42:38,1,751,2,13,New,6,0.99,17.99,Harry Arce
1186,2005-06-15 00:56:45,1556,368,2005-06-16 02:23:45,1,341,2,4,Classics,5,0.99,13.99,Harry Arce
7571,2005-07-27 22:43:42,3850,368,2005-07-30 22:17:42,1,843,1,4,Classics,4,4.99,15.99,Harry Arce
4585,2005-07-08 06:11:58,1622,143,2005-07-17 01:58:58,1,354,1,3,Children,6,4.99,18.99,Leslie Gordon
8312,2005-07-29 03:32:38,3996,143,2005-07-31 02:12:38,1,870,2,11,Horror,4,0.99,12.99,Leslie Gordon
4221,2005-07-07 12:18:57,4567,143,2005-07-12 09:47:57,2,998,2,11,Horror,6,0.99,10.99,Leslie Gordon
4031,2005-07-07 02:32:07,3094,143,2005-07-14 06:01:07,2,680,2,5,Comedy,4,4.99,21.99,Leslie Gordon
9889,2005-07-31 14:02:50,2842,143,2005-08-05 12:09:50,2,623,2,9,Foreign,4,0.99,9.99,Leslie Gordon
1898,2005-06-17 04:28:11,2873,143,2005-06-25 07:04:11,2,630,2,7,Drama,7,0.99,19.99,Leslie Gordon
221,2005-05-26 10:14:09,3578,143,2005-05-29 05:57:09,1,783,1,16,Travel,5,2.99,22.99,Leslie Gordon
10118,2005-07-31 21:16:31,1209,143,2005-08-03 02:32:31,1,269,1,8,Family,3,0.99,22.99,Leslie Gordon
312,2005-05-26 22:52:19,2008,143,2005-06-02 18:14:19,2,437,2,8,Family,7,2.99,13.99,Leslie Gordon
1942,2005-06-17 07:43:39,261,143,2005-06-25 02:24:39,1,58,2,6,Documentary,6,2.99,16.99,Leslie Gordon
2588,2005-06-19 05:20:31,3626,143,2005-06-22 04:20:31,2,791,2,6,Documentary,3,4.99,24.99,Leslie Gordon
6207,2005-07-11 12:34:24,3226,143,2005-07-14 10:15:24,2,708,2,6,Documentary,4,4.99,19.99,Leslie Gordon
8335,2005-07-29 04:18:25,1719,143,2005-07-31 08:12:25,2,374,2,14,Sci-Fi,3,0.99,29.99,Leslie Gordon
2251,2005-06-18 05:05:08,1458,143,2005-06-23 08:34:08,1,319,2,14,Sci-Fi,4,2.99,22.99,Leslie Gordon
6076,2005-07-11 05:05:30,1792,143,2005-07-18 04:22:30,1,389,2,15,Sports,3,2.99,9.99,Leslie Gordon
2574,2005-06-19 04:23:52,3320,143,2005-06-20 05:24:52,1,730,2,13,New,3,0.99,28.99,Leslie Gordon
3654,2005-07-06 07:45:31,1621,528,2005-07-12 09:59:31,2,354,1,3,Children,6,4.99,18.99,Claude Herzog
10673,2005-08-01 17:11:51,2735,528,2005-08-03 13:32:51,1,600,1,11,Horror,5,0.99,16.99,Claude Herzog
8727,2005-07-29 18:09:57,3031,528,2005-08-03 13:41:57,2,665,1,11,Horror,4,2.99,22.99,Claude Herzog
6561,2005-07-12 05:24:02,4568,528,2005-07-16 03:43:02,2,998,2,11,Horror,6,0.99,10.99,Claude Herzog
2019,2005-06-17 12:38:44,2314,528,2005-06-23 17:38:44,2,502,2,5,Comedy,4,2.99,21.99,Claude Herzog
7569,2005-07-27 22:38:53,2315,528,2005-08-05 19:03:53,2,502,2,5,Comedy,4,2.99,21.99,Claude Herzog
533,2005-05-28 06:14:46,4306,528,2005-06-01 06:26:46,2,938,1,5,Comedy,3,4.99,14.99,Claude Herzog
10880,2005-08-02 00:34:12,450,528,2005-08-06 21:15:12,2,99,2,5,Comedy,7,2.99,14.99,Claude Herzog
5215,2005-07-09 11:47:58,3888,528,2005-07-18 09:58:58,1,849,2,2,Animation,6,0.99,28.99,Claude Herzog
3664,2005-07-06 08:15:57,3366,528,2005-07-08 06:11:57,1,738,2,9,Foreign,3,0.99,27.99,Claude Herzog
8112,2005-07-28 19:11:07,2444,528,2005-08-03 18:41:07,1,533,1,9,Foreign,4,2.99,21.99,Claude Herzog
204,2005-05-26 07:30:37,1842,528,2005-05-30 08:11:37,1,401,1,7,Drama,6,0.99,10.99,Claude Herzog
793,2005-05-29 16:44:08,379,528,2005-06-06 19:21:08,2,84,1,16,Travel,7,4.99,13.99,Claude Herzog
472,2005-05-27 21:36:15,1338,528,2005-05-29 21:07:15,1,295,1,6,Documentary,3,0.99,14.99,Claude Herzog
695,2005-05-29 01:50:53,4276,528,2005-06-03 02:28:53,1,930,2,14,Sci-Fi,4,2.99,23.99,Claude Herzog
4593,2005-07-08 06:38:12,2897,528,2005-07-16 10:48:12,2,637,1,14,Sci-Fi,7,4.99,16.99,Claude Herzog
4050,2005-07-07 03:35:33,104,528,2005-07-15 03:11:33,1,21,2,1,Action,3,4.99,17.99,Claude Herzog
10084,2005-07-31 20:11:29,524,528,2005-08-06 22:28:29,2,115,2,1,Action,5,2.99,27.99,Claude Herzog
1875,2005-06-17 02:45:10,1652,528,2005-06-22 22:54:10,2,361,1,15,Sports,5,2.99,25.99,Claude Herzog
9488,2005-07-30 23:42:42,4221,528,2005-08-08 22:15:42,1,917,2,15,Sports,3,2.99,24.99,Claude Herzog
5888,2005-07-10 19:52:17,1620,268,2005-07-18 20:32:17,2,354,1,3,Children,6,4.99,18.99,Nina Soto
9531,2005-07-31 01:11:53,4550,268,2005-08-07 02:49:53,1,993,1,3,Children,6,2.99,10.99,Nina Soto
4626,2005-07-08 08:18:21,37,268,2005-07-10 11:36:21,1,8,2,11,Horror,6,4.99,15.99,Nina Soto
8931,2005-07-30 02:30:07,16,268,2005-08-02 08:24:07,2,4,1,11,Horror,5,2.99,26.99,Nina Soto
9436,2005-07-30 21:33:01,2329,268,2005-08-06 17:38:01,1,506,1,11,Horror,4,4.99,14.99,Nina Soto
10040,2005-07-31 18:54:15,2281,268,2005-08-05 17:33:15,2,494,1,11,Horror,4,0.99,21.99,Nina Soto
3066,2005-06-20 13:55:41,1116,268,2005-06-26 09:38:41,2,247,2,5,Comedy,3,0.99,19.99,Nina Soto
1394,2005-06-15 16:17:21,2802,268,2005-06-21 20:44:21,2,615,2,2,Animation,6,2.99,21.99,Nina Soto
6120,2005-07-11 07:49:53,3299,268,2005-07-19 04:56:53,2,726,2,9,Foreign,7,2.99,29.99,Nina Soto
3670,2005-07-06 08:56:43,4271,268,2005-07-11 09:11:43,1,929,1,9,Foreign,5,4.99,21.99,Nina Soto
5039,2005-07-09 03:14:45,2020,268,2005-07-16 06:57:45,2,439,1,7,Drama,4,4.99,28.99,Nina Soto
1450,2005-06-15 19:22:08,4132,268,2005-06-16 17:53:08,2,897,2,7,Drama,3,4.99,27.99,Nina Soto
5793,2005-07-10 14:33:00,2927,268,2005-07-13 19:27:00,1,643,2,7,Drama,3,2.99,22.99,Nina Soto
5671,2005-07-10 08:18:22,1304,268,2005-07-11 07:03:22,2,288,1,16,Travel,7,2.99,20.99,Nina Soto
2133,2005-06-17 21:10:05,932,268,2005-06-23 22:41:05,1,206,2,6,Documentary,6,0.99,25.99,Nina Soto
2858,2005-06-19 23:17:11,2628,268,2005-06-21 19:07:11,1,576,2,6,Documentary,7,2.99,13.99,Nina Soto
2324,2005-06-18 10:00:33,2987,268,2005-06-23 14:10:33,1,655,1,14,Sci-Fi,5,4.99,22.99,Nina Soto
3361,2005-06-21 12:14:23,2671,268,2005-06-26 10:01:23,2,586,2,1,Action,4,0.99,27.99,Nina Soto
6489,2005-07-12 02:22:46,1821,268,2005-07-17 06:16:46,2,395,2,1,Action,4,0.99,28.99,Nina Soto
1551,2005-06-16 02:01:15,4088,268,2005-06-22 07:33:15,1,891,1,4,Classics,3,0.99,13.99,Nina Soto
7957,2005-07-28 13:34:08,1623,78,2005-08-05 07:58:08,1,354,2,3,Children,6,4.99,18.99,Lori Wood
8920,2005-07-30 01:59:24,4079,78,2005-08-02 22:37:24,2,889,1,3,Children,3,4.99,28.99,Lori Wood
7747,2005-07-28 05:50:11,1775,78,2005-08-03 09:51:11,1,385,2,5,Comedy,6,4.99,26.99,Lori Wood
9068,2005-07-30 07:31:45,2264,78,2005-08-08 06:40:45,1,489,2,2,Animation,4,0.99,14.99,Lori Wood
7200,2005-07-27 08:57:38,4406,78,2005-08-02 12:29:38,2,963,2,2,Animation,5,0.99,12.99,Lori Wood
5078,2005-07-09 05:20:24,1994,78,2005-07-13 06:41:24,2,434,2,16,Travel,3,0.99,25.99,Lori Wood
5604,2005-07-10 05:05:00,3702,78,2005-07-12 08:04:00,1,810,1,8,Family,5,0.99,21.99,Lori Wood
2949,2005-06-20 06:05:53,375,78,2005-06-29 03:19:53,2,83,1,8,Family,5,2.99,18.99,Lori Wood
2207,2005-06-18 02:19:21,182,78,2005-06-24 02:25:21,2,40,2,6,Documentary,4,0.99,22.99,Lori Wood
4778,2005-07-08 15:51:51,611,78,2005-07-12 16:58:51,2,132,2,14,Sci-Fi,6,0.99,25.99,Lori Wood
7926,2005-07-28 12:13:02,180,78,2005-08-05 08:54:02,1,39,2,14,Sci-Fi,5,0.99,10.99,Lori Wood
4627,2005-07-08 08:24:39,2383,78,2005-07-13 11:04:39,2,520,1,14,Sci-Fi,7,2.99,28.99,Lori Wood
3248,2005-06-21 03:12:21,3656,78,2005-06-28 03:54:21,2,798,2,14,Sci-Fi,4,4.99,11.99,Lori Wood
10942,2005-08-02 03:16:31,2304,78,2005-08-11 02:46:31,2,501,1,1,Action,3,4.99,9.99,Lori Wood
4227,2005-07-07 12:41:36,4186,78,2005-07-15 12:33:36,1,911,2,1,Action,7,4.99,14.99,Lori Wood
10831,2005-08-01 23:22:45,1496,78,2005-08-07 01:05:45,2,327,2,1,Action,3,4.99,24.99,Lori Wood
10590,2005-08-01 14:11:53,740,78,2005-08-04 20:04:53,1,162,1,1,Action,4,2.99,13.99,Lori Wood
6005,2005-07-11 01:36:42,809,78,2005-07-14 04:47:42,2,176,1,15,Sports,6,0.99,21.99,Lori Wood
6344,2005-07-11 20:04:43,3074,78,2005-07-18 14:35:43,2,676,2,15,Sports,7,4.99,16.99,Lori Wood
3593,2005-07-06 04:39:52,619,78,2005-07-11 23:20:52,2,135,1,15,Sports,3,2.99,22.99,Lori Wood
10350,2005-08-01 05:30:05,2067,78,2005-08-05 09:59:05,1,448,2,13,New,3,2.99,25.99,Lori Wood
871,2005-05-30 05:01:30,4573,303,2005-06-04 06:22:30,2,999,2,3,Children,5,2.99,28.99,William Satterfield
6205,2005-07-11 12:31:24,3442,303,2005-07-13 11:31:24,2,755,1,3,Children,5,4.99,11.99,William Satterfield
6219,2005-07-11 13:18:37,38,303,2005-07-13 13:18:37,2,8,2,11,Horror,6,4.99,15.99,William Satterfield
1050,2005-05-31 07:01:27,726,303,2005-06-03 07:50:27,2,159,1,5,Comedy,5,4.99,12.99,William Satterfield
2223,2005-06-18 03:27:03,4068,303,2005-06-27 09:19:03,2,887,1,2,Animation,5,4.99,28.99,William Satterfield
1970,2005-06-17 09:23:16,1358,303,2005-06-22 09:40:16,2,300,1,2,Animation,5,4.99,21.99,William Satterfield
3077,2005-06-20 15:05:18,1675,303,2005-06-26 20:52:18,2,366,1,7,Drama,3,0.99,29.99,William Satterfield
7502,2005-07-27 20:19:08,3229,303,2005-07-28 18:32:08,2,709,2,7,Drama,7,2.99,19.99,William Satterfield
8734,2005-07-29 18:28:15,2374,303,2005-08-05 23:38:15,1,518,1,16,Travel,5,4.99,15.99,William Satterfield
3107,2005-06-20 17:26:05,4527,303,2005-06-25 12:36:05,1,988,1,16,Travel,7,2.99,26.99,William Satterfield
10209,2005-08-01 00:56:47,2429,303,2005-08-03 19:58:47,2,530,1,1,Action,5,2.99,27.99,William Satterfield
5140,2005-07-09 08:04:59,947,303,2005-07-11 08:28:59,2,210,2,1,Action,3,4.99,13.99,William Satterfield
8764,2005-07-29 19:39:04,2348,303,2005-08-01 13:52:04,1,511,1,1,Action,7,0.99,23.99,William Satterfield
6464,2005-07-12 01:16:40,3100,303,2005-07-20 00:53:40,1,681,1,15,Sports,4,0.99,20.99,William Satterfield
8409,2005-07-29 06:41:22,4314,303,2005-07-31 11:21:22,1,940,1,15,Sports,6,0.99,19.99,William Satterfield
265,2005-05-26 16:07:38,2276,303,2005-06-01 14:20:38,1,492,1,13,New,6,0.99,11.99,William Satterfield
7023,2005-07-27 02:32:44,4196,303,2005-08-03 04:06:44,1,913,1,13,New,3,0.99,20.99,William Satterfield
9942,2005-07-31 15:35:43,4573,545,2005-08-07 17:37:43,2,999,2,3,Children,5,2.99,28.99,Julio Noland
8848,2005-07-29 23:20:58,2972,545,2005-08-03 17:28:58,2,651,2,2,Animation,3,0.99,20.99,Julio Noland
7078,2005-07-27 04:16:37,4518,545,2005-08-05 02:34:37,1,986,1,2,Animation,6,2.99,24.99,Julio Noland
8599,2005-07-29 12:58:52,1169,545,2005-08-03 08:19:52,1,259,1,2,Animation,4,2.99,15.99,Julio Noland
248,2005-05-26 14:07:58,1913,545,2005-05-31 14:03:58,2,416,2,9,Foreign,6,0.99,10.99,Julio Noland
5264,2005-07-09 14:11:28,3307,545,2005-07-12 18:24:28,2,728,1,7,Drama,3,0.99,26.99,Julio Noland
715,2005-05-29 04:22:41,2030,545,2005-06-05 09:28:41,1,442,1,8,Family,6,2.99,24.99,Julio Noland
3975,2005-07-06 23:00:09,4343,545,2005-07-10 01:39:09,2,946,2,8,Family,3,4.99,14.99,Julio Noland
4597,2005-07-08 06:43:42,3767,545,2005-07-13 01:32:42,1,824,2,8,Family,4,4.99,19.99,Julio Noland
3693,2005-07-06 09:56:09,2989,545,2005-07-15 06:50:09,2,655,2,14,Sci-Fi,5,4.99,22.99,Julio Noland
9810,2005-07-31 11:22:41,2066,545,2005-08-01 09:40:41,2,448,2,13,New,3,2.99,25.99,Julio Noland
10931,2005-08-02 02:44:59,3268,545,2005-08-04 02:02:59,1,720,1,13,New,3,2.99,20.99,Julio Noland
2123,2005-06-17 20:48:30,2497,545,2005-06-18 19:17:30,2,548,1,4,Classics,3,2.99,27.99,Julio Noland
6973,2005-07-27 00:32:04,4572,564,2005-07-29 01:05:04,2,999,2,3,Children,5,2.99,28.99,Bob Pfeiffer
7470,2005-07-27 19:01:03,289,564,2005-08-05 19:16:03,2,65,2,11,Horror,3,4.99,20.99,Bob Pfeiffer
1705,2005-06-16 13:59:42,123,564,2005-06-18 19:54:42,2,24,1,11,Horror,6,2.99,19.99,Bob Pfeiffer
195,2005-05-26 06:52:36,506,564,2005-05-31 02:47:36,2,112,2,9,Foreign,4,4.99,22.99,Bob Pfeiffer
4385,2005-07-07 20:48:38,849,564,2005-07-11 17:03:38,2,186,2,7,Drama,6,0.99,17.99,Bob Pfeiffer
10401,2005-08-01 07:27:09,1560,564,2005-08-02 01:38:09,1,342,1,16,Travel,7,4.99,28.99,Bob Pfeiffer
985,2005-05-30 22:18:35,1573,564,2005-06-04 23:36:35,1,345,2,8,Family,3,0.99,17.99,Bob Pfeiffer
8874,2005-07-30 00:14:45,459,564,2005-08-02 22:34:45,2,101,1,6,Documentary,3,0.99,26.99,Bob Pfeiffer
8426,2005-07-29 07:07:48,1840,564,2005-08-07 08:56:48,2,400,1,6,Documentary,7,2.99,15.99,Bob Pfeiffer
9063,2005-07-30 07:24:34,2851,564,2005-08-05 01:28:34,2,625,1,14,Sci-Fi,3,0.99,18.99,Bob Pfeiffer
10352,2005-08-01 05:44:36,1288,564,2005-08-05 07:15:36,2,285,1,14,Sci-Fi,3,0.99,18.99,Bob Pfeiffer
10129,2005-07-31 21:41:35,2848,564,2005-08-05 17:05:35,1,624,2,10,Games,3,4.99,25.99,Bob Pfeiffer
4196,2005-07-07 11:06:33,3407,564,2005-07-14 13:46:33,1,747,1,10,Games,5,0.99,9.99,Bob Pfeiffer
9929,2005-07-31 15:17:24,2521,564,2005-08-03 17:27:24,1,554,1,4,Classics,6,2.99,22.99,Bob Pfeiffer
10528,2005-08-01 11:56:22,4401,564,2005-08-07 07:13:22,1,962,1,4,Classics,7,2.99,18.99,Bob Pfeiffer
3734,2005-07-06 11:40:27,4569,37,2005-07-14 12:08:27,1,999,1,3,Children,5,2.99,28.99,Pamela Baker
923,2005-05-30 11:58:50,1884,37,2005-06-05 09:57:50,1,410,2,5,Comedy,7,2.99,19.99,Pamela Baker
8419,2005-07-29 06:54:48,4574,37,2005-08-06 05:02:48,1,1000,1,5,Comedy,3,4.99,18.99,Pamela Baker
1854,2005-06-17 00:43:57,119,37,2005-06-23 05:49:57,1,23,2,2,Animation,3,0.99,9.99,Pamela Baker
1812,2005-06-16 21:08:46,751,37,2005-06-21 15:44:46,2,164,2,6,Documentary,4,0.99,20.99,Pamela Baker
10538,2005-08-01 12:22:41,686,37,2005-08-02 10:31:41,2,150,2,6,Documentary,7,2.99,9.99,Pamela Baker
25,2005-05-25 03:21:20,3961,37,2005-05-27 21:25:20,2,863,2,14,Sci-Fi,5,0.99,9.99,Pamela Baker
9567,2005-07-31 02:36:11,3688,37,2005-08-07 01:19:11,2,806,2,13,New,4,2.99,25.99,Pamela Baker
7939,2005-07-28 12:45:47,2004,37,2005-07-30 18:32:47,2,436,2,13,New,4,0.99,14.99,Pamela Baker
5425,2005-07-09 21:02:26,531,37,2005-07-16 23:38:26,2,116,2,4,Classics,4,2.99,10.99,Pamela Baker
1583,2005-06-16 04:44:23,270,37,2005-06-18 03:44:23,1,60,1,4,Classics,3,4.99,22.99,Pamela Baker
3472,2005-07-05 22:56:33,841,37,2005-07-13 17:18:33,2,184,1,4,Classics,3,2.99,24.99,Pamela Baker
878,2005-05-30 05:49:13,4265,323,2005-06-07 04:35:13,1,928,1,3,Children,5,2.99,16.99,Matthew Mahan
7146,2005-07-27 07:02:30,2245,323,2005-08-05 10:29:30,1,485,2,3,Children,6,4.99,16.99,Matthew Mahan
7937,2005-07-28 12:38:22,3944,323,2005-07-29 09:19:22,1,859,2,2,Animation,3,4.99,20.99,Matthew Mahan
9363,2005-07-30 18:44:23,873,323,2005-08-04 15:03:23,1,193,1,2,Animation,5,2.99,20.99,Matthew Mahan
8474,2005-07-29 08:36:56,4346,323,2005-08-01 03:07:56,1,947,1,9,Foreign,5,0.99,16.99,Matthew Mahan
2933,2005-06-20 04:52:23,4483,323,2005-06-26 07:12:23,2,979,2,7,Drama,6,4.99,10.99,Matthew Mahan
729,2005-05-29 06:35:13,1688,323,2005-06-04 03:23:13,2,368,1,7,Drama,7,2.99,20.99,Matthew Mahan
7275,2005-07-27 11:39:08,775,323,2005-07-30 13:37:08,2,169,2,16,Travel,3,2.99,19.99,Matthew Mahan
7695,2005-07-28 03:41:13,2742,323,2005-08-06 05:06:13,2,601,2,16,Travel,4,0.99,20.99,Matthew Mahan
7847,2005-07-28 09:23:14,3602,323,2005-08-02 11:02:14,2,787,1,16,Travel,4,0.99,12.99,Matthew Mahan
10002,2005-07-31 17:48:16,1002,323,2005-08-06 16:15:16,1,224,1,16,Travel,7,4.99,29.99,Matthew Mahan
58,2005-05-25 08:53:14,3050,323,2005-05-28 14:40:14,1,670,1,6,Documentary,4,4.99,17.99,Matthew Mahan
1786,2005-06-16 19:30:54,263,323,2005-06-19 14:24:54,1,58,2,6,Documentary,6,2.99,16.99,Matthew Mahan
8790,2005-07-29 20:51:41,751,323,2005-07-30 17:30:41,2,164,2,6,Documentary,4,0.99,20.99,Matthew Mahan
5906,2005-07-10 20:41:41,514,323,2005-07-14 00:12:41,2,114,1,14,Sci-Fi,3,0.99,26.99,Matthew Mahan
10994,2005-08-02 04:46:53,647,323,2005-08-11 10:30:53,1,140,2,14,Sci-Fi,6,0.99,23.99,Matthew Mahan
10028,2005-07-31 18:35:54,2305,323,2005-08-01 13:01:54,2,501,1,1,Action,3,4.99,9.99,Matthew Mahan
4572,2005-07-08 05:36:59,1324,323,2005-07-12 04:46:59,2,292,2,1,Action,3,0.99,20.99,Matthew Mahan
10298,2005-08-01 04:06:03,1383,323,2005-08-05 05:59:03,2,303,2,1,Action,6,0.99,27.99,Matthew Mahan
6840,2005-07-12 19:03:22,1381,323,2005-07-21 18:34:22,2,303,1,1,Action,6,0.99,27.99,Matthew Mahan
1167,2005-06-14 23:25:58,4021,323,2005-06-18 05:18:58,2,875,2,15,Sports,6,0.99,9.99,Matthew Mahan
5669,2005-07-10 08:12:53,1173,323,2005-07-11 05:48:53,2,260,2,15,Sports,3,4.99,9.99,Matthew Mahan
3704,2005-07-06 10:16:45,2687,323,2005-07-13 12:44:45,2,590,1,13,New,3,2.99,17.99,Matthew Mahan
5659,2005-07-10 07:45:40,4265,9,2005-07-15 05:20:40,1,928,1,3,Children,5,2.99,16.99,Margaret Moore
3142,2005-06-20 19:59:28,3926,9,2005-06-28 19:51:28,2,856,2,11,Horror,5,4.99,11.99,Margaret Moore
7616,2005-07-28 00:15:26,3790,9,2005-07-30 21:52:26,1,830,2,11,Horror,7,0.99,23.99,Margaret Moore
350,2005-05-27 05:01:28,2756,9,2005-06-04 05:01:28,2,604,2,5,Comedy,4,0.99,10.99,Margaret Moore
6165,2005-07-11 10:17:29,3540,9,2005-07-17 07:27:29,1,774,1,5,Comedy,3,2.99,22.99,Margaret Moore
4796,2005-07-08 16:35:44,2484,9,2005-07-13 11:08:44,2,545,1,9,Foreign,4,0.99,14.99,Margaret Moore
10451,2005-08-01 09:11:25,2435,9,2005-08-03 12:37:25,2,531,2,9,Foreign,3,0.99,18.99,Margaret Moore
1075,2005-05-31 10:13:34,2279,9,2005-06-09 08:11:34,1,493,2,9,Foreign,5,0.99,18.99,Margaret Moore
9043,2005-07-30 06:34:07,4127,9,2005-08-02 01:16:07,1,897,1,7,Drama,3,4.99,27.99,Margaret Moore
4748,2005-07-08 13:59:38,4279,9,2005-07-15 16:51:38,1,931,2,16,Travel,7,0.99,9.99,Margaret Moore
3262,2005-06-21 04:08:43,3773,9,2005-06-28 02:55:43,1,826,2,16,Travel,7,4.99,19.99,Margaret Moore
10454,2005-08-01 09:14:00,397,9,2005-08-04 04:52:00,2,88,2,16,Travel,7,4.99,17.99,Margaret Moore
6019,2005-07-11 02:08:29,3483,9,2005-07-13 02:19:29,2,763,2,15,Sports,3,4.99,26.99,Margaret Moore
4454,2005-07-07 23:37:00,1395,9,2005-07-11 02:30:00,1,305,2,13,New,6,2.99,24.99,Margaret Moore
7801,2005-07-28 07:51:56,2052,9,2005-07-30 12:18:56,1,445,2,4,Classics,5,2.99,11.99,Margaret Moore
877,2005-05-30 05:48:59,886,9,2005-06-02 09:30:59,1,196,1,4,Classics,7,0.99,29.99,Margaret Moore
10072,2005-07-31 19:50:37,3963,520,2005-08-03 00:25:37,2,864,1,3,Children,5,0.99,21.99,Mitchell Westmoreland
4346,2005-07-07 18:58:45,1906,520,2005-07-10 16:37:45,1,415,1,11,Horror,3,2.99,23.99,Mitchell Westmoreland
7936,2005-07-28 12:33:21,563,520,2005-07-30 13:31:21,2,122,1,11,Horror,7,0.99,11.99,Mitchell Westmoreland
7198,2005-07-27 08:50:07,4283,520,2005-08-04 09:46:07,2,932,2,5,Comedy,3,0.99,21.99,Mitchell Westmoreland
3499,2005-07-06 00:04:20,1850,520,2005-07-14 21:12:20,2,403,1,7,Drama,5,4.99,18.99,Mitchell Westmoreland
10530,2005-08-01 12:01:17,3216,520,2005-08-06 09:55:17,2,706,2,7,Drama,5,4.99,22.99,Mitchell Westmoreland
962,2005-05-30 18:45:17,4535,520,2005-06-05 22:47:17,1,989,2,16,Travel,4,4.99,22.99,Mitchell Westmoreland
5802,2005-07-10 15:02:17,2295,520,2005-07-19 15:43:17,2,499,1,8,Family,3,4.99,24.99,Mitchell Westmoreland
8435,2005-07-29 07:20:16,4462,520,2005-08-02 09:54:16,2,975,1,8,Family,6,2.99,22.99,Mitchell Westmoreland
6029,2005-07-11 02:36:46,2030,520,2005-07-14 20:51:46,2,442,1,8,Family,6,2.99,24.99,Mitchell Westmoreland
8294,2005-07-29 02:32:41,1811,520,2005-08-02 06:28:41,1,393,1,6,Documentary,6,2.99,19.99,Mitchell Westmoreland
3482,2005-07-05 23:13:22,1291,520,2005-07-12 19:02:22,2,285,2,14,Sci-Fi,3,0.99,18.99,Mitchell Westmoreland
2174,2005-06-18 00:09:01,3279,520,2005-06-25 23:14:01,1,723,1,14,Sci-Fi,3,2.99,29.99,Mitchell Westmoreland
2772,2005-06-19 17:59:27,1221,520,2005-06-23 17:52:27,1,271,1,1,Action,5,4.99,12.99,Mitchell Westmoreland
5853,2005-07-10 17:45:13,3026,520,2005-07-17 21:37:13,1,664,2,1,Action,6,2.99,12.99,Mitchell Westmoreland
5799,2005-07-10 14:53:35,3045,520,2005-07-14 16:18:35,2,668,1,15,Sports,7,4.99,25.99,Mitchell Westmoreland
7720,2005-07-28 04:41:44,185,520,2005-08-04 06:51:44,2,42,2,15,Sports,5,2.99,10.99,Mitchell Westmoreland
1411,2005-06-15 17:05:36,2276,520,2005-06-21 14:05:36,1,492,1,13,New,6,0.99,11.99,Mitchell Westmoreland
9803,2005-07-31 11:06:02,3783,520,2005-08-01 06:25:02,1,828,2,4,Classics,7,2.99,12.99,Mitchell Westmoreland
6337,2005-07-11 19:30:47,3967,47,2005-07-19 20:27:47,2,864,2,3,Children,5,0.99,21.99,Frances Parker
6164,2005-07-11 10:16:23,2755,47,2005-07-14 11:21:23,1,604,2,5,Comedy,4,0.99,10.99,Frances Parker
8159,2005-07-28 21:09:28,1118,47,2005-08-04 15:34:28,1,247,2,5,Comedy,3,0.99,19.99,Frances Parker
2307,2005-06-18 08:34:59,4576,47,2005-06-23 04:42:59,1,1000,1,5,Comedy,3,4.99,18.99,Frances Parker
3631,2005-07-06 06:36:53,4068,47,2005-07-07 10:32:53,1,887,1,2,Animation,5,4.99,28.99,Frances Parker
175,2005-05-26 03:46:26,4346,47,2005-06-03 06:01:26,2,947,1,9,Foreign,5,0.99,16.99,Frances Parker
8863,2005-07-29 23:52:01,75,47,2005-08-04 20:28:01,1,15,2,9,Foreign,5,2.99,10.99,Frances Parker
5174,2005-07-09 09:31:59,3621,47,2005-07-15 03:49:59,1,790,2,7,Drama,6,0.99,22.99,Frances Parker
1882,2005-06-17 03:17:21,1400,47,2005-06-19 22:23:21,2,307,1,16,Travel,6,4.99,9.99,Frances Parker
4064,2005-07-07 04:29:20,1402,47,2005-07-14 05:48:20,2,307,1,16,Travel,6,4.99,9.99,Frances Parker
9274,2005-07-30 15:07:04,4424,47,2005-08-06 11:17:04,2,967,1,14,Sci-Fi,5,2.99,26.99,Frances Parker
207,2005-05-26 08:04:38,102,47,2005-05-27 09:32:38,2,21,1,1,Action,3,4.99,17.99,Frances Parker
6153,2005-07-11 09:31:04,105,47,2005-07-19 03:41:04,1,21,2,1,Action,3,4.99,17.99,Frances Parker
300,2005-05-26 20:57:00,249,47,2005-06-05 01:34:00,2,56,1,1,Action,6,2.99,15.99,Frances Parker
3320,2005-06-21 08:29:41,860,47,2005-06-29 13:54:41,2,189,2,10,Games,3,0.99,23.99,Frances Parker
8402,2005-07-29 06:25:45,186,47,2005-08-07 10:48:45,1,42,2,15,Sports,5,2.99,10.99,Frances Parker
5686,2005-07-10 09:06:03,717,521,2005-07-11 10:59:03,2,157,2,3,Children,7,0.99,29.99,Roland South
10587,2005-08-01 14:03:38,3000,521,2005-08-08 19:59:38,2,658,2,11,Horror,7,2.99,19.99,Roland South
7478,2005-07-27 19:16:02,3791,521,2005-08-04 22:30:02,2,830,2,11,Horror,7,0.99,23.99,Roland South
4439,2005-07-07 22:57:30,2393,521,2005-07-10 18:28:30,1,522,2,5,Comedy,4,2.99,9.99,Roland South
4284,2005-07-07 15:31:57,1313,521,2005-07-09 10:20:57,2,290,1,9,Foreign,4,0.99,29.99,Roland South
2053,2005-06-17 15:19:34,4279,521,2005-06-19 10:06:34,2,931,2,16,Travel,7,0.99,9.99,Roland South
5580,2005-07-10 04:05:49,2753,521,2005-07-18 22:36:49,2,603,2,8,Family,6,4.99,27.99,Roland South
1761,2005-06-16 17:49:57,1570,521,2005-06-17 21:03:57,2,345,1,8,Family,3,0.99,17.99,Roland South
5458,2005-07-09 22:35:49,2203,521,2005-07-16 22:55:49,1,476,2,8,Family,5,2.99,9.99,Roland South
9937,2005-07-31 15:28:10,3697,521,2005-08-06 21:20:10,2,809,2,15,Sports,5,0.99,14.99,Roland South
9556,2005-07-31 02:13:30,3269,521,2005-08-08 06:46:30,1,720,2,13,New,3,2.99,20.99,Roland South
5276,2005-07-09 14:35:13,2524,521,2005-07-12 14:24:13,2,554,2,4,Classics,6,2.99,22.99,Roland South
10127,2005-07-31 21:39:48,717,478,2005-08-06 00:10:48,1,157,2,3,Children,7,0.99,29.99,Lewis Lyman
7522,2005-07-27 21:11:03,2038,478,2005-08-02 16:40:03,1,443,2,5,Comedy,6,2.99,11.99,Lewis Lyman
2616,2005-06-19 07:33:00,581,478,2005-06-28 03:05:00,1,127,1,5,Comedy,5,4.99,14.99,Lewis Lyman
8488,2005-07-29 08:57:38,2176,478,2005-08-02 04:16:38,1,470,1,2,Animation,4,4.99,24.99,Lewis Lyman
3691,2005-07-06 09:46:12,1937,478,2005-07-07 14:08:12,1,421,2,9,Foreign,7,4.99,10.99,Lewis Lyman
2358,2005-06-18 13:00:51,1728,478,2005-06-26 12:58:51,1,376,2,9,Foreign,4,0.99,20.99,Lewis Lyman
3259,2005-06-21 03:57:15,2751,478,2005-06-24 03:32:15,1,603,1,8,Family,6,4.99,27.99,Lewis Lyman
9665,2005-07-31 06:17:33,2863,478,2005-08-04 08:53:33,1,627,2,6,Documentary,4,4.99,9.99,Lewis Lyman
2529,2005-06-19 01:18:27,2306,478,2005-06-24 00:26:27,1,501,1,1,Action,3,4.99,9.99,Lewis Lyman
5837,2005-07-10 16:57:50,1648,478,2005-07-18 14:07:50,2,360,1,1,Action,4,0.99,24.99,Lewis Lyman
1708,2005-06-16 14:08:44,2259,478,2005-06-19 08:35:44,1,488,2,15,Sports,3,0.99,23.99,Lewis Lyman
10016,2005-07-31 18:13:06,2183,478,2005-08-09 22:11:06,1,471,2,4,Classics,7,2.99,23.99,Lewis Lyman
2765,2005-06-19 17:34:39,1017,478,2005-06-27 23:26:39,1,228,1,4,Classics,4,0.99,16.99,Lewis Lyman
6648,2005-07-12 10:46:30,718,356,2005-07-14 16:15:30,1,157,2,3,Children,7,0.99,29.99,Gerald Fultz
6593,2005-07-12 07:21:17,3441,356,2005-07-14 02:35:17,2,755,1,3,Children,5,4.99,11.99,Gerald Fultz
4599,2005-07-08 06:48:26,2098,356,2005-07-11 07:06:26,1,455,1,9,Foreign,7,4.99,11.99,Gerald Fultz
2433,2005-06-18 18:10:17,937,356,2005-06-23 14:46:17,2,207,1,9,Foreign,7,4.99,26.99,Gerald Fultz
7902,2005-07-28 11:14:19,3066,356,2005-07-30 09:01:19,2,674,1,9,Foreign,3,0.99,11.99,Gerald Fultz
3829,2005-07-06 15:59:40,4126,356,2005-07-11 10:29:40,1,897,1,7,Drama,3,4.99,27.99,Gerald Fultz
8975,2005-07-30 04:10:18,3288,356,2005-08-07 01:06:18,2,724,2,8,Family,5,2.99,15.99,Gerald Fultz
7758,2005-07-28 06:23:41,4333,356,2005-08-03 06:06:41,2,945,1,6,Documentary,5,0.99,22.99,Gerald Fultz
2405,2005-06-18 16:36:38,3604,356,2005-06-21 19:15:38,1,788,1,6,Documentary,5,2.99,15.99,Gerald Fultz
9523,2005-07-31 00:56:09,891,356,2005-08-05 05:44:09,2,199,1,6,Documentary,4,2.99,29.99,Gerald Fultz
1088,2005-05-31 11:35:13,3988,356,2005-06-06 16:01:13,2,869,2,1,Action,4,2.99,22.99,Gerald Fultz
7079,2005-07-27 04:21:58,4356,356,2005-08-04 08:08:58,1,949,1,10,Games,6,0.99,27.99,Gerald Fultz
5513,2005-07-10 01:05:41,2558,356,2005-07-11 02:05:41,2,560,2,10,Games,6,0.99,21.99,Gerald Fultz
9037,2005-07-30 06:23:14,3833,356,2005-08-08 06:25:14,1,840,1,10,Games,5,0.99,26.99,Gerald Fultz
1410,2005-06-15 16:59:46,809,356,2005-06-21 16:38:46,1,176,1,15,Sports,6,0.99,21.99,Gerald Fultz
8198,2005-07-28 23:08:05,1767,356,2005-08-06 00:43:05,2,383,1,15,Sports,6,0.99,13.99,Gerald Fultz
9883,2005-07-31 13:53:37,4286,356,2005-08-06 15:45:37,1,933,1,13,New,4,4.99,11.99,Gerald Fultz
10854,2005-08-02 00:02:06,3295,356,2005-08-02 21:55:06,2,725,2,4,Classics,6,4.99,25.99,Gerald Fultz
10427,2005-08-01 08:30:11,2978,356,2005-08-07 06:18:11,2,652,1,4,Classics,3,0.99,14.99,Gerald Fultz
8605,2005-07-29 13:13:34,3805,224,2005-08-07 08:29:34,1,833,2,3,Children,5,0.99,20.99,Pearl Garza
6031,2005-07-11 02:42:14,1530,224,2005-07-14 03:24:14,2,334,2,11,Horror,6,4.99,21.99,Pearl Garza
4118,2005-07-07 07:03:30,355,224,2005-07-08 09:20:30,1,78,2,2,Animation,7,2.99,12.99,Pearl Garza
4697,2005-07-08 11:19:14,4143,224,2005-07-12 07:14:14,2,900,2,9,Foreign,6,2.99,17.99,Pearl Garza
3282,2005-06-21 06:18:42,1676,224,2005-06-28 09:18:42,1,366,1,7,Drama,3,0.99,29.99,Pearl Garza
8439,2005-07-29 07:28:43,182,224,2005-08-04 11:22:43,1,40,2,6,Documentary,4,0.99,22.99,Pearl Garza
8255,2005-07-29 01:02:30,3715,224,2005-08-01 22:39:30,1,812,2,6,Documentary,7,0.99,13.99,Pearl Garza
6999,2005-07-27 01:21:19,12,224,2005-07-29 20:33:19,2,3,2,6,Documentary,7,2.99,18.99,Pearl Garza
4411,2005-07-07 21:54:58,320,224,2005-07-14 16:14:58,2,72,1,6,Documentary,6,2.99,12.99,Pearl Garza
2277,2005-06-18 06:35:03,3770,224,2005-06-19 01:26:03,1,825,1,1,Action,6,2.99,22.99,Pearl Garza
1424,2005-06-15 18:08:14,887,224,2005-06-24 23:16:14,2,197,1,15,Sports,4,2.99,27.99,Pearl Garza
9181,2005-07-30 12:05:58,3953,224,2005-08-02 06:22:58,1,862,1,4,Classics,5,0.99,25.99,Pearl Garza
8384,2005-07-29 05:38:43,3807,227,2005-08-01 07:31:43,2,833,2,3,Children,5,0.99,20.99,Colleen Burton
2164,2005-06-17 23:46:21,3442,227,2005-06-24 19:10:21,2,755,1,3,Children,5,4.99,11.99,Colleen Burton
111,2005-05-25 18:45:19,3725,227,2005-05-28 17:18:19,1,814,2,5,Comedy,6,4.99,15.99,Colleen Burton
8936,2005-07-30 02:47:13,1408,227,2005-08-01 02:25:13,2,308,2,5,Comedy,3,2.99,13.99,Colleen Burton
7132,2005-07-27 06:28:34,3201,227,2005-08-05 06:02:34,2,703,2,2,Animation,6,4.99,18.99,Colleen Burton
4680,2005-07-08 10:35:28,4043,227,2005-07-14 08:42:28,1,880,1,2,Animation,6,2.99,9.99,Colleen Burton
8219,2005-07-28 23:46:31,3609,227,2005-08-03 00:11:31,2,789,1,9,Foreign,7,2.99,15.99,Colleen Burton
9521,2005-07-31 00:52:24,1423,227,2005-08-06 03:33:24,2,311,2,9,Foreign,4,0.99,14.99,Colleen Burton
2155,2005-06-17 23:07:29,3640,227,2005-06-25 03:23:29,2,795,1,8,Family,7,0.99,23.99,Colleen Burton
8417,2005-07-29 06:53:36,750,227,2005-08-06 09:31:36,2,164,2,6,Documentary,4,0.99,20.99,Colleen Burton
1023,2005-05-31 03:26:50,2483,227,2005-06-05 08:19:50,2,544,2,6,Documentary,4,2.99,11.99,Colleen Burton
4340,2005-07-07 18:41:46,3919,227,2005-07-16 21:27:46,1,855,2,6,Documentary,7,0.99,28.99,Colleen Burton
3576,2005-07-06 03:40:01,324,227,2005-07-15 07:22:01,1,72,2,6,Documentary,6,2.99,12.99,Colleen Burton
1679,2005-06-16 11:11:01,3959,227,2005-06-23 08:11:01,1,863,1,14,Sci-Fi,5,0.99,9.99,Colleen Burton
3065,2005-06-20 13:53:53,1687,227,2005-06-24 11:31:53,1,367,2,14,Sci-Fi,6,0.99,20.99,Colleen Burton
8234,2005-07-29 00:19:20,644,227,2005-08-03 19:16:20,2,140,1,14,Sci-Fi,6,0.99,23.99,Colleen Burton
4459,2005-07-07 23:48:52,3987,227,2005-07-13 19:37:52,2,869,1,1,Action,4,2.99,22.99,Colleen Burton
10999,2005-08-02 04:53:13,2013,227,2005-08-06 04:36:13,2,438,1,10,Games,3,2.99,22.99,Colleen Burton
5046,2005-07-09 03:34:57,1639,227,2005-07-17 22:36:57,2,358,1,4,Classics,5,0.99,29.99,Colleen Burton
10624,2005-08-01 15:27:05,3801,74,2005-08-05 19:50:05,1,833,1,3,Children,5,0.99,20.99,Denise Kelly
5530,2005-07-10 02:13:49,2701,74,2005-07-18 08:01:49,2,593,2,11,Horror,6,0.99,13.99,Denise Kelly
10051,2005-07-31 19:14:20,163,74,2005-08-05 19:45:20,1,35,1,11,Horror,4,2.99,24.99,Denise Kelly
6475,2005-07-12 01:36:57,2035,74,2005-07-17 21:22:57,1,443,2,5,Comedy,6,2.99,11.99,Denise Kelly
2517,2005-06-19 00:11:26,53,74,2005-06-25 02:19:26,1,11,1,9,Foreign,6,0.99,16.99,Denise Kelly
5603,2005-07-10 05:04:54,1308,74,2005-07-12 01:54:54,2,288,2,16,Travel,7,2.99,20.99,Denise Kelly
7304,2005-07-27 12:56:56,1162,74,2005-08-05 09:19:56,2,257,2,16,Travel,3,0.99,14.99,Denise Kelly
2498,2005-06-18 22:56:26,2291,74,2005-06-22 20:02:26,1,496,2,16,Travel,3,0.99,10.99,Denise Kelly
9112,2005-07-30 09:06:31,395,74,2005-08-04 05:12:31,2,88,2,16,Travel,7,4.99,17.99,Denise Kelly
5917,2005-07-10 21:30:22,2910,74,2005-07-12 18:54:22,2,639,2,8,Family,7,4.99,9.99,Denise Kelly
3819,2005-07-06 15:35:06,1814,74,2005-07-14 19:08:06,1,394,1,14,Sci-Fi,7,2.99,21.99,Denise Kelly
1121,2005-05-31 16:37:36,1691,74,2005-06-06 21:02:36,1,369,1,14,Sci-Fi,4,4.99,22.99,Denise Kelly
6241,2005-07-11 14:40:48,4449,74,2005-07-18 09:51:48,1,972,2,14,Sci-Fi,4,4.99,24.99,Denise Kelly
8796,2005-07-29 21:09:11,2234,74,2005-08-04 22:55:11,1,483,2,10,Games,3,2.99,29.99,Denise Kelly
3445,2005-06-21 20:40:28,2381,74,2005-06-29 00:47:28,2,519,2,15,Sports,3,2.99,27.99,Denise Kelly
3020,2005-06-20 11:12:04,4363,74,2005-06-27 07:31:04,2,951,2,4,Classics,6,0.99,28.99,Denise Kelly
1963,2005-06-17 09:09:31,1943,154,2005-06-24 13:16:31,2,423,1,3,Children,7,0.99,29.99,Michele Grant
5101,2005-07-09 06:21:29,2737,154,2005-07-11 02:58:29,1,600,2,11,Horror,5,0.99,16.99,Michele Grant
4132,2005-07-07 08:06:07,993,154,2005-07-10 14:04:07,1,222,1,11,Horror,4,4.99,27.99,Michele Grant
2985,2005-06-20 08:45:08,122,154,2005-06-22 04:26:08,2,24,1,11,Horror,6,2.99,19.99,Michele Grant
7055,2005-07-27 03:45:42,4305,154,2005-07-30 05:11:42,1,938,1,5,Comedy,3,4.99,14.99,Michele Grant
7156,2005-07-27 07:19:34,34,154,2005-07-31 04:31:34,1,7,2,5,Comedy,6,4.99,28.99,Michele Grant
10851,2005-08-01 23:58:45,1359,154,2005-08-04 00:59:45,1,300,1,2,Animation,5,4.99,21.99,Michele Grant
4252,2005-07-07 14:13:05,474,154,2005-07-09 14:17:05,1,104,2,9,Foreign,4,2.99,17.99,Michele Grant
6048,2005-07-11 03:32:23,975,154,2005-07-14 07:39:23,1,218,1,7,Drama,7,0.99,22.99,Michele Grant
6993,2005-07-27 01:05:24,3114,154,2005-07-30 06:23:24,2,683,2,7,Drama,5,4.99,19.99,Michele Grant
4850,2005-07-08 18:39:31,3039,154,2005-07-13 00:18:31,2,666,2,7,Drama,4,4.99,27.99,Michele Grant
3912,2005-07-06 20:10:03,2449,154,2005-07-08 18:39:03,2,534,2,8,Family,5,0.99,18.99,Michele Grant
7900,2005-07-28 11:11:33,2781,154,2005-08-05 06:29:33,2,610,2,8,Family,7,0.99,17.99,Michele Grant
469,2005-05-27 21:14:26,4463,154,2005-06-05 21:51:26,1,975,2,8,Family,6,2.99,22.99,Michele Grant
8334,2005-07-29 04:18:25,982,154,2005-08-07 07:18:25,2,219,1,6,Documentary,6,4.99,20.99,Michele Grant
865,2005-05-30 03:39:44,3183,154,2005-06-07 08:10:44,2,698,1,6,Documentary,3,2.99,29.99,Michele Grant
5760,2005-07-10 12:44:48,1050,154,2005-07-14 12:25:48,1,234,1,14,Sci-Fi,6,2.99,27.99,Michele Grant
9286,2005-07-30 15:32:28,2477,154,2005-07-31 20:42:28,2,542,2,1,Action,3,2.99,28.99,Michele Grant
2886,2005-06-20 01:38:39,1755,154,2005-06-23 04:28:39,2,381,2,10,Games,7,4.99,25.99,Michele Grant
3806,2005-07-06 15:09:41,3555,154,2005-07-14 09:14:41,2,777,1,15,Sports,5,4.99,10.99,Michele Grant
978,2005-05-30 21:30:52,407,154,2005-06-07 16:22:52,1,90,1,13,New,3,0.99,11.99,Michele Grant
10278,2005-08-01 03:25:27,2497,154,2005-08-08 07:52:27,1,548,1,4,Classics,3,2.99,27.99,Michele Grant
8490,2005-07-29 08:59:25,1943,367,2005-08-05 14:02:25,2,423,1,3,Children,7,0.99,29.99,Adam Gooch
9430,2005-07-30 21:20:13,1529,367,2005-08-04 21:45:13,2,334,2,11,Horror,6,4.99,21.99,Adam Gooch
10344,2005-08-01 05:18:23,3673,367,2005-08-06 05:20:23,1,804,1,11,Horror,7,4.99,13.99,Adam Gooch
6228,2005-07-11 13:58:36,2281,367,2005-07-17 19:03:36,2,494,1,11,Horror,4,0.99,21.99,Adam Gooch
4251,2005-07-07 14:11:55,3541,367,2005-07-16 14:01:55,2,774,1,5,Comedy,3,2.99,22.99,Adam Gooch
939,2005-05-30 14:49:34,1314,367,2005-06-01 19:00:34,1,290,1,9,Foreign,4,0.99,29.99,Adam Gooch
5538,2005-07-10 02:39:40,2119,367,2005-07-12 01:39:40,2,459,2,9,Foreign,4,4.99,23.99,Adam Gooch
6716,2005-07-12 13:34:58,2783,367,2005-07-19 15:09:58,1,610,2,8,Family,7,0.99,17.99,Adam Gooch
3078,2005-06-20 15:09:48,3642,367,2005-06-24 16:54:48,1,795,1,8,Family,7,0.99,23.99,Adam Gooch
5839,2005-07-10 17:08:30,252,367,2005-07-13 21:21:30,2,56,2,1,Action,6,2.99,15.99,Adam Gooch
6835,2005-07-12 18:58:03,1444,367,2005-07-18 00:41:03,1,316,2,10,Games,5,4.99,18.99,Adam Gooch
5490,2005-07-10 00:09:11,3044,367,2005-07-14 21:23:11,1,668,1,15,Sports,7,4.99,25.99,Adam Gooch
9912,2005-07-31 14:49:04,3119,367,2005-08-03 15:40:04,1,686,1,13,New,5,4.99,9.99,Adam Gooch
9030,2005-07-30 06:05:38,2237,367,2005-08-03 00:19:38,1,484,1,4,Classics,3,2.99,13.99,Adam Gooch
1089,2005-05-31 11:38:29,3784,367,2005-06-02 08:06:29,1,828,2,4,Classics,7,2.99,12.99,Adam Gooch
3888,2005-07-06 18:54:20,1945,412,2005-07-12 17:13:20,2,423,2,3,Children,7,0.99,29.99,Allen Butterfield
333,2005-05-27 02:52:21,4001,412,2005-06-01 00:55:21,2,871,2,5,Comedy,6,4.99,19.99,Allen Butterfield
8674,2005-07-29 15:54:22,1744,412,2005-07-31 12:15:22,1,379,2,7,Drama,7,0.99,14.99,Allen Butterfield
1043,2005-05-31 06:11:40,2322,412,2005-06-08 09:15:40,2,504,1,7,Drama,5,0.99,25.99,Allen Butterfield
10467,2005-08-01 09:45:58,3773,412,2005-08-09 10:17:58,2,826,2,16,Travel,7,4.99,19.99,Allen Butterfield
11027,2005-08-02 05:47:10,571,412,2005-08-05 23:51:10,1,123,2,16,Travel,6,4.99,22.99,Allen Butterfield
8036,2005-07-28 16:27:43,2741,412,2005-08-01 13:41:43,2,601,2,16,Travel,4,0.99,20.99,Allen Butterfield
8330,2005-07-29 04:09:07,2294,412,2005-08-05 05:00:07,2,499,1,8,Family,3,4.99,24.99,Allen Butterfield
3292,2005-06-21 06:59:11,3288,412,2005-06-23 07:11:11,1,724,2,8,Family,5,2.99,15.99,Allen Butterfield
9881,2005-07-31 13:50:38,4209,412,2005-08-06 08:58:38,1,915,1,1,Action,7,4.99,9.99,Allen Butterfield
717,2005-05-29 04:37:44,1383,412,2005-05-30 05:48:44,2,303,2,1,Action,6,0.99,27.99,Allen Butterfield
10381,2005-08-01 06:36:37,522,412,2005-08-05 11:17:37,1,115,2,1,Action,5,2.99,27.99,Allen Butterfield
4074,2005-07-07 04:49:49,2347,412,2005-07-12 04:51:49,2,511,1,1,Action,7,0.99,23.99,Allen Butterfield
8411,2005-07-29 06:44:23,3085,412,2005-08-07 03:56:23,1,678,1,15,Sports,3,2.99,23.99,Allen Butterfield
191,2005-05-26 06:14:06,4365,412,2005-05-28 05:33:06,1,951,2,4,Classics,6,0.99,28.99,Allen Butterfield
2043,2005-06-17 14:31:12,2495,4,2005-06-19 11:04:12,2,547,2,3,Children,3,0.99,19.99,Barbara Jones
8741,2005-07-29 18:44:57,165,4,2005-08-03 18:25:57,2,35,2,11,Horror,4,2.99,24.99,Barbara Jones
9371,2005-07-30 18:58:00,2980,4,2005-08-03 15:14:00,1,653,1,11,Horror,3,4.99,15.99,Barbara Jones
1297,2005-06-15 09:31:28,1075,4,2005-06-19 04:33:28,1,239,2,2,Animation,5,4.99,16.99,Barbara Jones
11069,2005-08-02 07:09:34,57,4,2005-08-08 08:39:34,1,11,2,9,Foreign,6,0.99,16.99,Barbara Jones
7660,2005-07-28 02:10:10,4385,4,2005-07-30 04:29:10,2,958,1,7,Drama,6,2.99,19.99,Barbara Jones
7718,2005-07-28 04:37:59,3587,4,2005-07-29 09:20:59,2,784,2,16,Travel,7,2.99,20.99,Barbara Jones
1633,2005-06-16 08:08:40,280,4,2005-06-17 11:12:40,1,63,1,8,Family,6,0.99,21.99,Barbara Jones
1735,2005-06-16 15:51:52,97,4,2005-06-20 13:27:52,1,19,2,1,Action,6,0.99,20.99,Barbara Jones
1707,2005-06-16 14:01:27,185,4,2005-06-18 09:35:27,1,42,2,15,Sports,5,2.99,10.99,Barbara Jones
2642,2005-06-19 09:39:01,2065,4,2005-06-25 08:33:01,1,448,1,13,New,3,2.99,25.99,Barbara Jones
9100,2005-07-30 08:46:09,4117,4,2005-08-05 10:34:09,1,895,1,4,Classics,3,2.99,21.99,Barbara Jones
9694,2005-07-31 07:13:16,3447,508,2005-08-06 09:12:16,2,755,2,3,Children,5,4.99,11.99,Milton Howland
6646,2005-07-12 10:41:34,4061,508,2005-07-15 05:31:34,1,885,1,11,Horror,7,0.99,22.99,Milton Howland
8191,2005-07-28 22:47:14,1777,508,2005-07-31 23:13:14,2,385,2,5,Comedy,6,4.99,26.99,Milton Howland
7676,2005-07-28 02:55:27,1110,508,2005-08-01 03:50:27,2,246,2,9,Foreign,5,4.99,16.99,Milton Howland
369,2005-05-27 07:46:49,944,508,2005-06-01 06:20:49,2,209,1,7,Drama,6,2.99,24.99,Milton Howland
7668,2005-07-28 02:41:31,3880,508,2005-08-02 06:08:31,1,848,1,16,Travel,3,0.99,19.99,Milton Howland
5657,2005-07-10 07:33:43,4342,508,2005-07-18 01:55:43,2,946,2,8,Family,3,4.99,14.99,Milton Howland
6929,2005-07-26 22:59:19,3339,508,2005-08-03 22:40:19,1,734,2,6,Documentary,4,4.99,12.99,Milton Howland
7322,2005-07-27 13:37:26,1810,508,2005-08-03 18:00:26,2,393,1,6,Documentary,6,2.99,19.99,Milton Howland
7327,2005-07-27 13:53:26,4074,508,2005-08-04 17:58:26,2,888,1,6,Documentary,5,4.99,9.99,Milton Howland
921,2005-05-30 11:53:09,1827,508,2005-06-03 10:00:09,2,397,1,14,Sci-Fi,5,2.99,26.99,Milton Howland
10746,2005-08-01 19:58:49,305,508,2005-08-10 19:00:49,2,69,1,14,Sci-Fi,3,2.99,21.99,Milton Howland
5978,2005-07-11 00:16:54,1720,508,2005-07-19 18:55:54,1,375,1,1,Action,4,2.99,17.99,Milton Howland
6101,2005-07-11 06:50:33,2618,508,2005-07-18 01:52:33,2,574,2,1,Action,3,0.99,19.99,Milton Howland
9706,2005-07-31 07:43:19,142,508,2005-08-05 11:11:19,1,29,1,1,Action,5,2.99,11.99,Milton Howland
7283,2005-07-27 12:02:41,3101,508,2005-08-05 07:25:41,1,681,2,15,Sports,4,0.99,20.99,Milton Howland
10128,2005-07-31 21:40:04,2559,508,2005-08-02 02:21:04,1,561,1,13,New,6,2.99,26.99,Milton Howland
1661,2005-06-16 10:12:57,2403,508,2005-06-24 09:23:57,2,525,1,4,Classics,4,0.99,29.99,Milton Howland
7890,2005-07-28 10:43:40,3443,553,2005-07-31 06:07:40,1,755,1,3,Children,5,4.99,11.99,Max Pitt
3103,2005-06-20 16:58:19,1877,553,2005-06-25 21:18:19,1,409,1,3,Children,3,4.99,9.99,Max Pitt
4257,2005-07-07 14:18:41,3927,553,2005-07-08 14:58:41,1,856,2,11,Horror,5,4.99,11.99,Max Pitt
4662,2005-07-08 09:58:54,1370,553,2005-07-10 12:51:54,1,301,2,11,Horror,4,0.99,24.99,Max Pitt
3793,2005-07-06 14:32:44,4558,553,2005-07-08 13:55:44,1,995,1,11,Horror,5,4.99,11.99,Max Pitt
2460,2005-06-18 19:54:13,3933,553,2005-06-27 22:36:13,2,857,2,5,Comedy,3,2.99,24.99,Max Pitt
9601,2005-07-31 03:42:17,1592,553,2005-08-04 02:02:17,2,349,1,2,Animation,4,2.99,27.99,Max Pitt
789,2005-05-29 16:17:07,708,553,2005-06-06 18:15:07,1,154,2,2,Animation,6,2.99,12.99,Max Pitt
1862,2005-06-17 01:29:30,3299,553,2005-06-25 20:43:30,1,726,2,9,Foreign,7,2.99,29.99,Max Pitt
3891,2005-07-06 18:58:25,3216,553,2005-07-09 23:20:25,2,706,2,7,Drama,5,4.99,22.99,Max Pitt
6069,2005-07-11 04:44:59,256,553,2005-07-13 01:00:59,1,57,1,16,Travel,4,2.99,18.99,Max Pitt
3942,2005-07-06 21:21:34,677,553,2005-07-15 02:34:34,1,147,2,8,Family,5,0.99,16.99,Max Pitt
9272,2005-07-30 15:05:22,1352,553,2005-08-05 10:02:22,2,298,2,14,Sci-Fi,4,2.99,13.99,Max Pitt
3859,2005-07-06 17:18:15,2548,553,2005-07-09 16:48:15,1,559,1,14,Sci-Fi,7,2.99,22.99,Max Pitt
3495,2005-07-05 23:50:04,2306,553,2005-07-10 01:06:04,1,501,1,1,Action,3,4.99,9.99,Max Pitt
3890,2005-07-06 18:58:15,2570,553,2005-07-10 18:51:15,1,563,1,10,Games,6,4.99,16.99,Max Pitt
4941,2005-07-08 22:39:10,3816,553,2005-07-15 17:49:10,2,835,2,10,Games,6,2.99,13.99,Max Pitt
4845,2005-07-08 18:28:20,2337,553,2005-07-09 14:38:20,2,508,2,10,Games,6,4.99,18.99,Max Pitt
6657,2005-07-12 11:11:36,3697,553,2005-07-16 15:56:36,1,809,2,15,Sports,5,0.99,14.99,Max Pitt
6812,2005-07-12 18:03:25,2227,553,2005-07-20 18:33:25,2,481,2,13,New,4,2.99,22.99,Max Pitt
10106,2005-07-31 21:00:47,3444,556,2005-08-02 20:11:47,2,755,1,3,Children,5,4.99,11.99,Armando Gruber
1083,2005-05-31 11:04:48,2393,556,2005-06-05 13:32:48,1,522,2,5,Comedy,4,2.99,9.99,Armando Gruber
10518,2005-08-01 11:44:08,4444,556,2005-08-07 07:58:08,2,971,1,9,Foreign,4,4.99,11.99,Armando Gruber
5722,2005-07-10 11:10:04,2890,556,2005-07-12 16:31:04,2,634,2,8,Family,6,0.99,14.99,Armando Gruber
2593,2005-06-19 05:40:11,2031,556,2005-06-28 08:11:11,1,442,1,8,Family,6,2.99,24.99,Armando Gruber
4839,2005-07-08 18:13:10,1810,556,2005-07-15 12:49:10,1,393,1,6,Documentary,6,2.99,19.99,Armando Gruber
8909,2005-07-30 01:28:03,2606,556,2005-08-06 04:40:03,2,572,1,14,Sci-Fi,4,2.99,9.99,Armando Gruber
2092,2005-06-17 18:12:16,4427,556,2005-06-25 15:06:16,2,968,1,1,Action,6,4.99,19.99,Armando Gruber
2986,2005-06-20 08:50:28,478,556,2005-06-26 05:24:28,2,105,2,1,Action,6,0.99,21.99,Armando Gruber
3438,2005-06-21 19:31:40,1757,556,2005-06-30 19:08:40,1,382,1,10,Games,3,0.99,21.99,Armando Gruber
3093,2005-06-20 16:06:14,2534,556,2005-06-22 13:22:14,2,556,1,10,Games,6,4.99,26.99,Armando Gruber
184,2005-05-26 05:29:49,1970,556,2005-05-28 10:10:49,1,429,2,15,Sports,3,0.99,29.99,Armando Gruber
4719,2005-07-08 12:33:00,1315,556,2005-07-15 12:30:00,1,291,1,15,Sports,5,0.99,10.99,Armando Gruber
772,2005-05-29 13:08:06,3319,556,2005-06-06 08:19:06,1,730,2,13,New,3,0.99,28.99,Armando Gruber
6484,2005-07-12 02:04:10,4093,556,2005-07-17 23:18:10,2,891,2,4,Classics,3,0.99,13.99,Armando Gruber
4846,2005-07-08 18:29:05,417,556,2005-07-10 22:33:05,2,91,2,4,Classics,5,0.99,17.99,Armando Gruber
7100,2005-07-27 05:05:01,4224,413,2005-07-28 23:12:01,2,918,2,3,Children,4,4.99,23.99,Marvin Yee
2130,2005-06-17 21:00:44,1369,413,2005-06-26 00:05:44,2,301,2,11,Horror,4,0.99,24.99,Marvin Yee
4491,2005-07-08 01:30:46,1168,413,2005-07-11 03:12:46,1,258,2,11,Horror,6,0.99,11.99,Marvin Yee
7731,2005-07-28 05:01:18,1533,413,2005-07-29 02:22:18,1,335,1,5,Comedy,5,0.99,23.99,Marvin Yee
10909,2005-08-02 01:53:59,3516,413,2005-08-03 04:36:59,2,770,2,9,Foreign,5,2.99,13.99,Marvin Yee
7635,2005-07-28 01:08:11,55,413,2005-08-01 03:32:11,2,11,1,9,Foreign,6,0.99,16.99,Marvin Yee
999,2005-05-31 00:25:10,4433,413,2005-06-03 06:05:10,2,969,1,7,Drama,4,4.99,29.99,Marvin Yee
2545,2005-06-19 02:23:36,3237,413,2005-06-20 03:17:36,2,710,2,8,Family,4,4.99,18.99,Marvin Yee
3762,2005-07-06 12:52:49,1941,413,2005-07-12 11:41:49,1,422,2,14,Sci-Fi,7,4.99,25.99,Marvin Yee
40,2005-05-25 05:09:04,2638,413,2005-05-27 23:12:04,1,579,1,1,Action,3,4.99,22.99,Marvin Yee
5897,2005-07-10 20:16:14,740,413,2005-07-19 15:49:14,2,162,1,1,Action,4,2.99,13.99,Marvin Yee
10885,2005-08-02 00:51:37,4223,493,2005-08-09 20:49:37,2,918,2,3,Children,4,4.99,23.99,Brent Harkins
7043,2005-07-27 03:24:23,3422,493,2005-08-05 02:55:23,2,749,2,11,Horror,6,4.99,19.99,Brent Harkins
3586,2005-07-06 04:24:42,616,493,2005-07-09 02:37:42,1,134,2,2,Animation,4,4.99,21.99,Brent Harkins
8616,2005-07-29 13:39:09,2583,493,2005-08-01 16:49:09,1,567,1,9,Foreign,3,2.99,26.99,Brent Harkins
3655,2005-07-06 07:52:54,1540,493,2005-07-15 10:49:54,2,337,1,9,Foreign,6,2.99,11.99,Brent Harkins
2365,2005-06-18 13:45:34,3109,493,2005-06-21 12:12:34,2,683,1,7,Drama,5,4.99,19.99,Brent Harkins
7026,2005-07-27 02:48:58,3456,493,2005-07-29 03:41:58,2,758,2,7,Drama,5,2.99,11.99,Brent Harkins
6552,2005-07-12 05:05:06,766,493,2005-07-13 05:12:06,2,167,1,16,Travel,6,4.99,10.99,Brent Harkins
2109,2005-06-17 19:41:42,2292,493,2005-06-25 17:03:42,2,498,1,8,Family,7,2.99,11.99,Brent Harkins
2864,2005-06-20 00:00:52,1056,493,2005-06-26 04:21:52,2,235,1,14,Sci-Fi,6,2.99,13.99,Brent Harkins
8298,2005-07-29 02:47:36,952,493,2005-08-05 07:58:36,2,212,1,1,Action,7,4.99,14.99,Brent Harkins
2579,2005-06-19 04:40:44,3836,493,2005-06-22 09:22:44,1,840,1,10,Games,5,0.99,26.99,Brent Harkins
10777,2005-08-01 21:03:50,3487,493,2005-08-06 19:29:50,1,764,1,15,Sports,3,4.99,28.99,Brent Harkins
6549,2005-07-12 05:02:01,2688,493,2005-07-20 06:19:01,2,590,1,13,New,3,2.99,17.99,Brent Harkins
543,2005-05-28 06:43:34,530,493,2005-06-06 07:16:34,2,116,2,4,Classics,4,2.99,10.99,Brent Harkins
5957,2005-07-10 23:24:02,2517,210,2005-07-12 20:28:02,1,553,2,3,Children,4,0.99,12.99,Ella Oliver
3884,2005-07-06 18:41:33,1806,210,2005-07-07 22:06:33,1,392,1,3,Children,5,4.99,13.99,Ella Oliver
8678,2005-07-29 16:04:00,3991,210,2005-08-05 12:37:00,1,870,1,11,Horror,4,0.99,12.99,Ella Oliver
7909,2005-07-28 11:38:08,3355,210,2005-07-29 13:54:08,1,737,1,11,Horror,4,0.99,28.99,Ella Oliver
1177,2005-06-15 00:33:04,1897,210,2005-06-16 03:47:04,2,413,1,5,Comedy,7,2.99,16.99,Ella Oliver
10890,2005-08-02 00:58:46,78,210,2005-08-10 02:13:46,1,16,1,9,Foreign,6,2.99,23.99,Ella Oliver
8336,2005-07-29 04:20:42,2120,210,2005-08-05 10:17:42,1,460,1,9,Foreign,3,4.99,26.99,Ella Oliver
6564,2005-07-12 05:34:44,2320,210,2005-07-18 06:12:44,2,504,1,7,Drama,5,0.99,25.99,Ella Oliver
4270,2005-07-07 14:38:41,183,210,2005-07-10 19:07:41,2,40,2,6,Documentary,4,0.99,22.99,Ella Oliver
8738,2005-07-29 18:32:47,3893,210,2005-08-02 13:05:47,2,850,2,1,Action,7,0.99,27.99,Ella Oliver
3563,2005-07-06 02:57:01,4261,210,2005-07-14 02:25:01,2,927,1,1,Action,6,2.99,16.99,Ella Oliver
4989,2005-07-09 00:46:56,3326,210,2005-07-17 06:24:56,1,732,1,1,Action,5,0.99,17.99,Ella Oliver
4893,2005-07-08 20:19:55,2060,210,2005-07-15 21:28:55,2,447,1,10,Games,5,2.99,28.99,Ella Oliver
2856,2005-06-19 23:13:04,1859,210,2005-06-23 22:47:04,1,406,1,10,Games,5,0.99,22.99,Ella Oliver
953,2005-05-30 16:34:02,2194,210,2005-05-31 20:34:02,1,474,2,15,Sports,6,2.99,21.99,Ella Oliver
6227,2005-07-11 13:56:46,1654,210,2005-07-18 12:53:46,1,361,1,15,Sports,5,2.99,25.99,Ella Oliver
4388,2005-07-07 20:58:03,3150,210,2005-07-16 20:05:03,2,691,2,15,Sports,6,4.99,29.99,Ella Oliver
4871,2005-07-08 19:19:52,2509,210,2005-07-13 20:27:52,2,551,2,13,New,3,4.99,9.99,Ella Oliver
4620,2005-07-08 08:01:44,3467,210,2005-07-16 07:43:44,2,760,1,13,New,5,2.99,21.99,Ella Oliver
7743,2005-07-28 05:36:13,2883,210,2005-08-03 11:28:13,2,632,1,13,New,5,4.99,10.99,Ella Oliver
4306,2005-07-07 17:12:32,1219,210,2005-07-16 11:24:32,2,270,2,13,New,7,0.99,29.99,Ella Oliver
4334,2005-07-07 18:32:04,3021,210,2005-07-08 16:19:04,1,663,2,4,Classics,7,0.99,29.99,Ella Oliver
6066,2005-07-11 04:32:42,1877,155,2005-07-15 03:56:42,2,409,1,3,Children,3,4.99,9.99,Gail Knight
9781,2005-07-31 10:13:02,2310,155,2005-08-09 14:46:02,1,502,1,5,Comedy,4,2.99,21.99,Gail Knight
3405,2005-06-21 15:58:25,2344,155,2005-06-23 10:58:25,1,510,1,2,Animation,6,4.99,29.99,Gail Knight
6085,2005-07-11 05:24:36,312,155,2005-07-16 03:49:36,2,70,1,2,Animation,7,4.99,26.99,Gail Knight
7492,2005-07-27 19:54:18,908,155,2005-07-31 15:36:18,2,201,1,9,Foreign,7,2.99,18.99,Gail Knight
2869,2005-06-20 00:09:25,1331,155,2005-06-24 04:40:25,2,294,1,16,Travel,5,4.99,26.99,Gail Knight
5128,2005-07-09 07:25:54,3757,155,2005-07-16 04:04:54,2,822,2,8,Family,6,0.99,12.99,Gail Knight
2028,2005-06-17 13:08:08,4451,155,2005-06-23 10:54:08,1,973,1,6,Documentary,3,4.99,27.99,Gail Knight
1554,2005-06-16 02:16:47,715,155,2005-06-22 05:15:47,1,156,2,6,Documentary,3,4.99,15.99,Gail Knight
7077,2005-07-27 04:13:02,3186,155,2005-07-31 23:15:02,1,698,2,6,Documentary,3,2.99,29.99,Gail Knight
6443,2005-07-12 00:35:51,895,155,2005-07-16 04:50:51,1,199,2,6,Documentary,4,2.99,29.99,Gail Knight
6087,2005-07-11 05:29:22,198,155,2005-07-12 23:33:22,2,44,2,14,Sci-Fi,5,4.99,21.99,Gail Knight
10098,2005-07-31 20:41:17,1324,155,2005-08-02 00:06:17,2,292,2,1,Action,3,0.99,20.99,Gail Knight
568,2005-05-28 09:57:36,2232,155,2005-05-31 15:44:36,1,483,1,10,Games,3,2.99,29.99,Gail Knight
7730,2005-07-28 04:59:48,3118,155,2005-08-04 04:35:48,2,685,2,13,New,6,4.99,10.99,Gail Knight
1519,2005-06-15 23:55:27,1553,155,2005-06-21 04:06:27,2,341,1,4,Classics,5,0.99,13.99,Gail Knight
11033,2005-08-02 05:54:17,3323,155,2005-08-09 10:50:17,2,731,2,4,Classics,7,4.99,29.99,Gail Knight
10576,2005-08-01 13:46:02,1876,180,2005-08-05 10:19:02,1,409,1,3,Children,3,4.99,9.99,Stacy Cunningham
5773,2005-07-10 13:31:09,3277,180,2005-07-15 08:21:09,2,722,2,11,Horror,5,0.99,26.99,Stacy Cunningham
10992,2005-08-02 04:41:17,11,180,2005-08-09 02:13:17,1,2,2,11,Horror,3,4.99,12.99,Stacy Cunningham
4826,2005-07-08 17:44:25,911,180,2005-07-16 20:14:25,2,202,1,5,Comedy,5,4.99,26.99,Stacy Cunningham
8540,2005-07-29 10:52:51,539,180,2005-08-07 11:44:51,2,118,1,2,Animation,7,0.99,26.99,Stacy Cunningham
9995,2005-07-31 17:30:47,1978,180,2005-08-04 12:20:47,2,431,2,9,Foreign,3,2.99,12.99,Stacy Cunningham
8720,2005-07-29 17:48:32,152,180,2005-08-04 14:30:32,2,31,2,8,Family,5,4.99,16.99,Stacy Cunningham
5384,2005-07-09 19:17:46,1729,180,2005-07-12 13:50:46,1,377,1,8,Family,7,0.99,20.99,Stacy Cunningham
4924,2005-07-08 21:55:25,4344,180,2005-07-16 16:52:25,1,946,2,8,Family,3,4.99,14.99,Stacy Cunningham
2700,2005-06-19 13:31:52,928,180,2005-06-27 19:30:52,1,206,1,6,Documentary,6,0.99,25.99,Stacy Cunningham
2798,2005-06-19 19:07:48,1343,180,2005-06-23 00:09:48,2,296,1,14,Sci-Fi,5,2.99,23.99,Stacy Cunningham
9373,2005-07-30 19:05:36,3478,180,2005-08-05 16:16:36,2,762,2,10,Games,6,0.99,29.99,Stacy Cunningham
5860,2005-07-10 18:08:49,3897,180,2005-07-16 16:43:49,2,851,1,15,Sports,3,0.99,19.99,Stacy Cunningham
1122,2005-05-31 16:39:33,1392,180,2005-06-04 17:25:33,1,305,1,13,New,6,2.99,24.99,Stacy Cunningham
7274,2005-07-27 11:35:34,4087,180,2005-08-01 07:10:34,1,891,1,4,Classics,3,0.99,13.99,Stacy Cunningham
3244,2005-06-21 03:01:10,291,53,2005-06-24 06:59:10,2,66,1,3,Children,6,0.99,27.99,Heather Morris
1107,2005-05-31 15:04:05,3449,53,2005-06-07 16:42:05,2,756,2,5,Comedy,7,2.99,10.99,Heather Morris
856,2005-05-30 02:01:21,3969,53,2005-06-07 03:25:21,1,865,1,2,Animation,3,4.99,19.99,Heather Morris
5185,2005-07-09 10:14:39,357,53,2005-07-10 13:31:39,1,78,2,2,Animation,7,2.99,12.99,Heather Morris
751,2005-05-29 09:55:43,2711,53,2005-06-02 04:54:43,1,595,2,9,Foreign,7,0.99,20.99,Heather Morris
9343,2005-07-30 18:13:13,3521,53,2005-08-02 13:48:13,1,771,2,7,Drama,3,4.99,23.99,Heather Morris
7699,2005-07-28 03:52:21,4332,53,2005-08-01 05:00:21,2,944,2,7,Drama,6,4.99,29.99,Heather Morris
2388,2005-06-18 15:26:30,2923,53,2005-06-20 20:24:30,1,643,1,7,Drama,3,2.99,22.99,Heather Morris
2903,2005-06-20 02:49:01,3580,53,2005-06-25 05:03:01,2,783,1,16,Travel,5,2.99,22.99,Heather Morris
3140,2005-06-20 19:47:12,2936,53,2005-06-24 23:24:12,1,645,1,16,Travel,7,2.99,18.99,Heather Morris
9928,2005-07-31 15:13:57,3627,53,2005-08-06 20:39:57,1,791,2,6,Documentary,3,4.99,24.99,Heather Morris
3591,2005-07-06 04:37:10,1241,53,2005-07-09 23:32:10,1,274,2,6,Documentary,4,2.99,20.99,Heather Morris
10594,2005-08-01 14:14:59,1826,53,2005-08-07 10:48:59,2,397,1,14,Sci-Fi,5,2.99,26.99,Heather Morris
783,2005-05-29 14:41:18,3046,53,2005-06-06 10:39:18,2,668,2,15,Sports,7,4.99,25.99,Heather Morris
3898,2005-07-06 19:12:37,3858,53,2005-07-11 15:50:37,1,844,2,15,Sports,6,4.99,16.99,Heather Morris
7466,2005-07-27 18:51:17,2791,53,2005-07-31 16:58:17,1,612,2,15,Sports,6,2.99,10.99,Heather Morris
88,2005-05-25 14:13:54,2221,53,2005-05-29 09:32:54,2,480,2,4,Classics,3,2.99,29.99,Heather Morris
378,2005-05-27 09:23:22,2242,53,2005-05-29 15:20:22,1,484,2,4,Classics,3,2.99,13.99,Heather Morris
1964,2005-06-17 09:10:09,3390,53,2005-06-21 15:08:09,1,744,2,4,Classics,4,0.99,23.99,Heather Morris
10039,2005-07-31 18:50:40,4391,111,2005-08-01 18:49:40,2,959,1,3,Children,6,2.99,10.99,Carmen Owens
3963,2005-07-06 22:19:17,3912,111,2005-07-15 01:22:17,2,854,2,11,Horror,4,4.99,22.99,Carmen Owens
2297,2005-06-18 08:17:41,2262,111,2005-06-26 05:08:41,2,489,1,2,Animation,4,0.99,14.99,Carmen Owens
3485,2005-07-05 23:25:54,117,111,2005-07-09 17:38:54,1,23,1,2,Animation,3,0.99,9.99,Carmen Owens
505,2005-05-28 02:06:37,71,111,2005-05-29 06:57:37,1,15,1,9,Foreign,5,2.99,10.99,Carmen Owens
3087,2005-06-20 15:53:59,1305,111,2005-06-27 10:54:59,2,288,1,16,Travel,7,2.99,20.99,Carmen Owens
1593,2005-06-16 05:14:52,766,111,2005-06-24 08:00:52,2,167,1,16,Travel,6,4.99,10.99,Carmen Owens
3551,2005-07-06 02:33:48,3602,111,2005-07-13 04:38:48,1,787,1,16,Travel,4,0.99,12.99,Carmen Owens
1999,2005-06-17 11:30:08,3704,111,2005-06-23 08:36:08,1,810,2,8,Family,5,0.99,21.99,Carmen Owens
10990,2005-08-02 04:41:06,262,111,2005-08-10 05:02:06,2,58,2,6,Documentary,6,2.99,16.99,Carmen Owens
4286,2005-07-07 15:36:44,4496,111,2005-07-11 13:04:44,2,982,1,1,Action,4,0.99,23.99,Carmen Owens
10602,2005-08-01 14:30:23,1506,111,2005-08-07 15:20:23,1,329,2,1,Action,4,2.99,15.99,Carmen Owens
4249,2005-07-07 14:05:17,4185,111,2005-07-10 09:21:17,2,911,2,1,Action,7,4.99,14.99,Carmen Owens
8525,2005-07-29 10:20:19,1322,111,2005-07-30 05:49:19,2,292,2,1,Action,3,0.99,20.99,Carmen Owens
9933,2005-07-31 15:24:46,2349,111,2005-08-01 10:00:46,1,511,2,1,Action,7,0.99,23.99,Carmen Owens
10952,2005-08-02 03:28:21,3218,111,2005-08-09 01:41:21,1,707,1,1,Action,5,2.99,29.99,Carmen Owens
6896,2005-07-12 21:25:37,1266,111,2005-07-20 23:51:37,1,281,1,10,Games,6,0.99,9.99,Carmen Owens
3333,2005-06-21 10:01:36,3688,111,2005-06-25 10:27:36,2,806,2,13,New,4,2.99,25.99,Carmen Owens
1974,2005-06-17 09:30:05,1979,111,2005-06-21 12:10:05,1,432,1,4,Classics,4,2.99,22.99,Carmen Owens
7878,2005-07-28 10:27:10,1564,141,2005-07-29 11:22:10,1,343,1,3,Children,6,2.99,14.99,Debbie Reyes
8434,2005-07-29 07:20:14,40,141,2005-07-30 08:50:14,2,8,2,11,Horror,6,4.99,15.99,Debbie Reyes
9584,2005-07-31 03:05:48,419,141,2005-08-01 05:50:48,2,92,1,11,Horror,7,4.99,19.99,Debbie Reyes
9683,2005-07-31 06:47:13,856,141,2005-08-04 05:52:13,2,188,1,5,Comedy,7,2.99,24.99,Debbie Reyes
4057,2005-07-07 04:00:20,2838,141,2005-07-12 08:14:20,1,623,1,9,Foreign,4,0.99,9.99,Debbie Reyes
1242,2005-06-15 05:05:07,821,141,2005-06-22 04:57:07,1,179,1,7,Drama,4,4.99,14.99,Debbie Reyes
5769,2005-07-10 13:17:58,4052,141,2005-07-11 11:32:58,1,882,1,7,Drama,4,0.99,24.99,Debbie Reyes
5062,2005-07-09 04:36:49,2190,141,2005-07-10 06:26:49,1,473,2,7,Drama,5,2.99,16.99,Debbie Reyes
10798,2005-08-01 22:03:10,382,141,2005-08-08 01:34:10,1,84,1,16,Travel,7,4.99,13.99,Debbie Reyes
9073,2005-07-30 07:49:56,2185,141,2005-08-05 06:25:56,2,472,2,16,Travel,3,4.99,24.99,Debbie Reyes
6979,2005-07-27 00:49:53,1001,141,2005-07-31 03:59:53,2,224,1,16,Travel,7,4.99,29.99,Debbie Reyes
3434,2005-06-21 19:08:28,2295,141,2005-06-23 14:25:28,1,499,1,8,Family,3,4.99,24.99,Debbie Reyes
930,2005-05-30 12:44:57,2835,141,2005-06-04 10:53:57,2,621,2,8,Family,5,2.99,23.99,Debbie Reyes
4656,2005-07-08 09:50:10,839,141,2005-07-13 15:00:10,1,183,2,8,Family,4,4.99,14.99,Debbie Reyes
2895,2005-06-20 02:26:31,4445,141,2005-06-27 23:42:31,2,972,1,14,Sci-Fi,4,4.99,24.99,Debbie Reyes
4297,2005-07-07 16:24:09,882,141,2005-07-13 15:08:09,2,194,1,1,Action,6,0.99,22.99,Debbie Reyes
10379,2005-08-01 06:34:29,3103,141,2005-08-06 07:49:29,1,681,2,15,Sports,4,0.99,20.99,Debbie Reyes
10287,2005-08-01 03:37:01,125,141,2005-08-05 23:03:01,2,25,1,13,New,3,2.99,15.99,Debbie Reyes
1533,2005-06-16 00:46:02,2452,116,2005-06-17 20:11:02,1,535,1,11,Horror,6,0.99,21.99,Victoria Gibson
1058,2005-05-31 08:04:17,40,116,2005-06-03 11:12:17,2,8,2,11,Horror,6,4.99,15.99,Victoria Gibson
2861,2005-06-19 23:21:34,1489,116,2005-06-26 17:32:34,1,326,2,2,Animation,6,2.99,18.99,Victoria Gibson
2639,2005-06-19 09:24:02,3971,116,2005-06-21 14:16:02,2,865,1,2,Animation,3,4.99,19.99,Victoria Gibson
4027,2005-07-07 02:19:01,56,116,2005-07-10 01:12:01,1,11,1,9,Foreign,6,0.99,16.99,Victoria Gibson
9245,2005-07-30 14:07:50,2586,116,2005-08-06 17:59:50,2,567,2,9,Foreign,3,2.99,26.99,Victoria Gibson
1913,2005-06-17 05:19:47,1825,116,2005-06-21 03:39:47,1,396,2,7,Drama,5,4.99,18.99,Victoria Gibson
3908,2005-07-06 19:47:26,3980,116,2005-07-13 19:59:26,1,867,1,8,Family,5,4.99,10.99,Victoria Gibson
1332,2005-06-15 11:36:01,1412,116,2005-06-17 14:29:01,1,309,2,8,Family,6,0.99,29.99,Victoria Gibson
10250,2005-08-01 02:38:42,3706,116,2005-08-07 03:59:42,2,810,2,8,Family,5,0.99,21.99,Victoria Gibson
9562,2005-07-31 02:23:20,1571,116,2005-08-06 21:01:20,2,345,1,8,Family,3,0.99,17.99,Victoria Gibson
10801,2005-08-01 22:09:35,3757,116,2005-08-08 22:23:35,1,822,2,8,Family,6,0.99,12.99,Victoria Gibson
6557,2005-07-12 05:12:03,1442,116,2005-07-20 06:49:03,1,315,2,8,Family,4,0.99,10.99,Victoria Gibson
1762,2005-06-16 17:50:19,3050,116,2005-06-19 21:35:19,2,670,1,6,Documentary,4,4.99,17.99,Victoria Gibson
5169,2005-07-09 09:22:25,2608,116,2005-07-10 03:48:25,1,572,2,14,Sci-Fi,4,2.99,9.99,Victoria Gibson
11016,2005-08-02 05:19:13,4446,116,2005-08-05 05:31:13,1,972,1,14,Sci-Fi,4,4.99,24.99,Victoria Gibson
3940,2005-07-06 21:16:59,1502,116,2005-07-07 19:17:59,2,329,1,1,Action,4,2.99,15.99,Victoria Gibson
4737,2005-07-08 13:23:53,4286,116,2005-07-12 18:49:53,1,933,1,13,New,4,4.99,11.99,Victoria Gibson
7763,2005-07-28 06:35:16,2461,116,2005-08-03 02:46:16,2,537,2,4,Classics,3,2.99,29.99,Victoria Gibson
7238,2005-07-27 10:13:41,1197,116,2005-07-29 11:07:41,1,266,2,4,Classics,4,0.99,27.99,Victoria Gibson
5639,2005-07-10 06:33:39,2452,249,2005-07-19 07:47:39,1,535,1,11,Horror,6,0.99,21.99,Dora Medina
1204,2005-06-15 02:21:46,2450,249,2005-06-20 07:14:46,2,535,1,11,Horror,6,0.99,21.99,Dora Medina
5275,2005-07-09 14:34:18,729,249,2005-07-13 12:56:18,2,159,2,5,Comedy,5,4.99,12.99,Dora Medina
2129,2005-06-17 20:58:32,1930,249,2005-06-23 22:22:32,1,418,2,7,Drama,5,0.99,27.99,Dora Medina
7544,2005-07-27 21:47:37,766,249,2005-08-05 02:29:37,2,167,1,16,Travel,6,4.99,10.99,Dora Medina
400,2005-05-27 12:51:44,258,249,2005-05-31 08:34:44,2,57,2,16,Travel,4,2.99,18.99,Dora Medina
1473,2005-06-15 20:55:20,2377,249,2005-06-21 16:40:20,2,518,2,16,Travel,5,4.99,15.99,Dora Medina
6670,2005-07-12 11:44:33,3106,249,2005-07-19 07:54:33,2,682,1,8,Family,4,4.99,17.99,Dora Medina
7804,2005-07-28 07:56:00,592,249,2005-07-30 10:33:00,2,129,2,6,Documentary,3,2.99,16.99,Dora Medina
438,2005-05-27 17:52:34,4260,249,2005-06-05 22:23:34,2,926,2,6,Documentary,5,2.99,11.99,Dora Medina
316,2005-05-26 23:22:55,3828,249,2005-05-29 23:25:55,2,838,2,1,Action,5,4.99,25.99,Dora Medina
597,2005-05-28 14:01:02,4469,249,2005-06-06 19:06:02,2,976,2,10,Games,6,0.99,12.99,Dora Medina
7881,2005-07-28 10:33:22,533,249,2005-08-02 12:10:22,1,117,1,10,Games,6,4.99,15.99,Dora Medina
1753,2005-06-16 17:08:17,3817,249,2005-06-21 21:47:17,2,835,2,10,Games,6,2.99,13.99,Dora Medina
5011,2005-07-09 01:44:40,463,249,2005-07-11 00:58:40,2,102,2,15,Sports,4,4.99,20.99,Dora Medina
3175,2005-06-20 22:30:23,4093,249,2005-06-30 03:28:23,2,891,2,4,Classics,3,0.99,13.99,Dora Medina
4352,2005-07-07 19:15:58,2636,249,2005-07-16 20:22:58,2,578,2,4,Classics,4,4.99,16.99,Dora Medina
1469,2005-06-15 20:52:36,2451,580,2005-06-21 19:55:36,1,535,1,11,Horror,6,0.99,21.99,Ross Grey
3571,2005-07-06 03:32:31,4166,580,2005-07-11 06:15:31,1,906,1,5,Comedy,4,0.99,27.99,Ross Grey
10723,2005-08-01 19:10:49,2526,580,2005-08-08 19:21:49,2,555,1,5,Comedy,4,0.99,25.99,Ross Grey
8839,2005-07-29 22:52:34,3440,580,2005-08-05 03:24:34,2,754,2,5,Comedy,6,2.99,17.99,Ross Grey
6089,2005-07-11 05:45:59,3298,580,2005-07-17 11:04:59,2,726,2,9,Foreign,7,2.99,29.99,Ross Grey
4169,2005-07-07 09:39:18,3360,580,2005-07-11 13:43:18,1,738,1,9,Foreign,3,0.99,27.99,Ross Grey
9239,2005-07-30 13:50:52,1728,580,2005-08-06 16:28:52,1,376,2,9,Foreign,4,0.99,20.99,Ross Grey
3867,2005-07-06 17:52:19,3620,580,2005-07-13 21:48:19,1,790,2,7,Drama,6,0.99,22.99,Ross Grey
9865,2005-07-31 13:10:45,1355,580,2005-08-02 09:19:45,2,299,1,16,Travel,4,0.99,9.99,Ross Grey
611,2005-05-28 15:18:18,1230,580,2005-05-31 20:15:18,2,273,1,8,Family,6,0.99,14.99,Ross Grey
9460,2005-07-30 22:25:39,4463,580,2005-08-08 20:56:39,2,975,2,8,Family,6,2.99,22.99,Ross Grey
9604,2005-07-31 03:47:12,4342,580,2005-08-03 06:48:12,1,946,2,8,Family,3,4.99,14.99,Ross Grey
9199,2005-07-30 12:38:00,4336,580,2005-08-01 07:09:00,1,945,1,6,Documentary,5,0.99,22.99,Ross Grey
7620,2005-07-28 00:27:17,931,580,2005-07-31 02:04:17,1,206,2,6,Documentary,6,0.99,25.99,Ross Grey
6170,2005-07-11 10:29:21,278,580,2005-07-16 05:13:21,2,62,2,6,Documentary,5,2.99,23.99,Ross Grey
8784,2005-07-29 20:35:37,2308,580,2005-07-30 17:22:37,1,501,2,1,Action,3,4.99,9.99,Ross Grey
10965,2005-08-02 04:00:19,2192,580,2005-08-09 03:27:19,1,474,2,15,Sports,6,2.99,21.99,Ross Grey
4590,2005-07-08 06:27:48,4233,580,2005-07-14 07:46:48,1,920,2,13,New,3,0.99,16.99,Ross Grey
5937,2005-07-10 22:16:08,1579,580,2005-07-16 03:08:08,2,346,2,4,Classics,4,4.99,13.99,Ross Grey
3296,2005-06-21 07:04:53,2453,284,2005-06-25 08:36:53,1,535,1,11,Horror,6,0.99,21.99,Sonia Gregory
2813,2005-06-19 20:01:47,3420,284,2005-06-27 01:51:47,1,749,1,11,Horror,6,4.99,19.99,Sonia Gregory
7463,2005-07-27 18:48:32,3676,284,2005-07-29 23:54:32,2,804,2,11,Horror,7,4.99,13.99,Sonia Gregory
4759,2005-07-08 14:39:22,3999,284,2005-07-17 15:02:22,2,871,1,5,Comedy,6,4.99,19.99,Sonia Gregory
3572,2005-07-06 03:33:23,1915,284,2005-07-08 07:54:23,1,416,2,9,Foreign,6,0.99,10.99,Sonia Gregory
10535,2005-08-01 12:21:13,1838,284,2005-08-09 08:58:13,1,399,2,9,Foreign,6,2.99,23.99,Sonia Gregory
4931,2005-07-08 22:16:18,2750,284,2005-07-17 03:42:18,1,603,1,8,Family,6,4.99,27.99,Sonia Gregory
9790,2005-07-31 10:34:08,3643,284,2005-08-04 11:19:08,2,795,1,8,Family,7,0.99,23.99,Sonia Gregory
6276,2005-07-11 16:15:50,1826,284,2005-07-19 20:50:50,2,397,1,14,Sci-Fi,5,2.99,26.99,Sonia Gregory
8888,2005-07-30 00:39:36,2824,284,2005-08-01 02:28:36,2,620,1,14,Sci-Fi,5,2.99,23.99,Sonia Gregory
4081,2005-07-07 05:10:08,1138,284,2005-07-12 00:47:08,1,252,1,1,Action,6,2.99,18.99,Sonia Gregory
7716,2005-07-28 04:33:15,1493,284,2005-08-04 00:08:15,2,327,1,1,Action,3,4.99,24.99,Sonia Gregory
5161,2005-07-09 08:57:56,2617,284,2005-07-18 07:41:56,2,574,1,1,Action,3,0.99,19.99,Sonia Gregory
423,2005-05-27 15:32:57,1783,284,2005-06-02 19:03:57,1,387,2,10,Games,7,0.99,27.99,Sonia Gregory
10396,2005-08-01 07:08:46,2982,284,2005-08-08 03:47:46,1,654,1,10,Games,4,4.99,19.99,Sonia Gregory
6982,2005-07-27 00:53:41,3843,284,2005-07-31 06:19:41,2,841,2,15,Sports,5,2.99,9.99,Sonia Gregory
1171,2005-06-14 23:50:11,4082,284,2005-06-17 21:44:11,2,890,1,15,Sports,5,0.99,14.99,Sonia Gregory
1145,2005-05-31 20:13:45,1133,284,2005-06-08 02:10:45,1,251,2,13,New,6,4.99,19.99,Sonia Gregory
7164,2005-07-27 07:36:34,527,284,2005-08-04 05:05:34,2,116,1,4,Classics,4,2.99,10.99,Sonia Gregory
791,2005-05-29 16:30:42,1554,284,2005-06-01 19:11:42,1,341,1,4,Classics,5,0.99,13.99,Sonia Gregory
5325,2005-07-09 16:35:47,2703,492,2005-07-10 11:52:47,1,593,2,11,Horror,6,0.99,13.99,Lester Kraus
6257,2005-07-11 15:23:46,3253,492,2005-07-14 17:26:46,2,716,1,11,Horror,6,2.99,26.99,Lester Kraus
4142,2005-07-07 08:19:45,4045,492,2005-07-08 13:55:45,1,880,2,2,Animation,6,2.99,9.99,Lester Kraus
3298,2005-06-21 07:09:44,444,492,2005-06-30 11:26:44,2,98,1,7,Drama,4,4.99,12.99,Lester Kraus
1956,2005-06-17 08:43:32,1403,492,2005-06-21 11:08:32,1,307,2,16,Travel,6,4.99,9.99,Lester Kraus
4258,2005-07-07 14:20:59,1562,492,2005-07-16 10:03:59,1,342,1,16,Travel,7,4.99,28.99,Lester Kraus
4128,2005-07-07 07:35:25,3563,492,2005-07-14 08:13:25,1,778,2,8,Family,3,4.99,24.99,Lester Kraus
1855,2005-06-17 00:54:58,4457,492,2005-06-20 19:29:58,1,973,2,6,Documentary,3,4.99,27.99,Lester Kraus
7203,2005-07-27 09:01:23,1685,492,2005-08-04 14:14:23,1,367,2,14,Sci-Fi,6,0.99,20.99,Lester Kraus
84,2005-05-25 12:36:30,1829,492,2005-05-29 18:33:30,1,397,2,14,Sci-Fi,5,2.99,26.99,Lester Kraus
1691,2005-06-16 12:24:28,4438,492,2005-06-24 08:24:28,1,970,2,4,Classics,7,0.99,11.99,Lester Kraus
5609,2005-07-10 05:09:46,1553,492,2005-07-12 10:38:46,1,341,1,4,Classics,5,0.99,13.99,Lester Kraus
8436,2005-07-29 07:21:20,2702,598,2005-07-31 12:56:20,2,593,2,11,Horror,6,0.99,13.99,Wade Delvalle
4181,2005-07-07 10:27:54,3725,598,2005-07-13 06:09:54,1,814,2,5,Comedy,6,4.99,15.99,Wade Delvalle
6660,2005-07-12 11:20:12,446,598,2005-07-20 12:58:12,2,99,1,5,Comedy,7,2.99,14.99,Wade Delvalle
6528,2005-07-12 04:29:44,3824,598,2005-07-18 02:39:44,2,837,2,5,Comedy,4,2.99,19.99,Wade Delvalle
6519,2005-07-12 04:00:36,4149,598,2005-07-19 01:15:36,1,901,2,2,Animation,3,0.99,29.99,Wade Delvalle
10054,2005-07-31 19:15:52,2303,598,2005-08-04 19:54:52,1,500,2,9,Foreign,5,4.99,11.99,Wade Delvalle
8939,2005-07-30 02:56:53,4175,598,2005-08-01 21:19:53,1,908,1,9,Foreign,3,4.99,11.99,Wade Delvalle
8511,2005-07-29 09:42:42,3667,598,2005-08-06 14:22:42,2,803,1,7,Drama,7,4.99,29.99,Wade Delvalle
3005,2005-06-20 10:10:29,286,598,2005-06-28 15:48:29,2,64,2,7,Drama,6,0.99,26.99,Wade Delvalle
5688,2005-07-10 09:16:08,3036,598,2005-07-15 09:44:08,1,666,1,7,Drama,4,4.99,27.99,Wade Delvalle
6575,2005-07-12 06:12:53,1414,598,2005-07-18 07:55:53,2,309,2,8,Family,6,0.99,29.99,Wade Delvalle
3648,2005-07-06 07:30:41,2810,598,2005-07-10 06:00:41,2,617,1,8,Family,4,0.99,24.99,Wade Delvalle
3972,2005-07-06 22:53:57,1895,598,2005-07-11 01:32:57,1,412,2,6,Documentary,6,4.99,25.99,Wade Delvalle
7998,2005-07-28 15:08:48,1397,598,2005-07-31 16:14:48,2,306,1,10,Games,3,0.99,12.99,Wade Delvalle
7201,2005-07-27 08:57:40,482,598,2005-08-04 09:55:40,2,106,1,10,Games,4,2.99,14.99,Wade Delvalle
3950,2005-07-06 21:48:44,4153,598,2005-07-14 02:25:44,1,902,1,15,Sports,6,4.99,22.99,Wade Delvalle
7354,2005-07-27 14:42:11,2395,598,2005-08-03 18:19:11,2,523,1,4,Classics,7,0.99,21.99,Wade Delvalle
630,2005-05-28 17:24:51,1254,417,2005-06-05 20:05:51,2,277,1,11,Horror,4,4.99,24.99,Travis Estep
1921,2005-06-17 06:04:16,4369,417,2005-06-23 05:26:16,2,953,1,2,Animation,3,0.99,9.99,Travis Estep
10478,2005-08-01 10:09:06,3885,417,2005-08-06 05:05:06,1,849,2,2,Animation,6,0.99,28.99,Travis Estep
267,2005-05-26 16:16:21,1206,417,2005-05-30 16:53:21,2,268,2,2,Animation,6,4.99,27.99,Travis Estep
6312,2005-07-11 18:19:02,2188,417,2005-07-18 00:00:02,1,473,1,7,Drama,5,2.99,16.99,Travis Estep
4418,2005-07-07 22:05:30,4368,417,2005-07-11 18:42:30,1,952,1,6,Documentary,7,2.99,17.99,Travis Estep
4421,2005-07-07 22:07:55,4103,417,2005-07-16 20:21:55,1,893,1,14,Sci-Fi,4,4.99,11.99,Travis Estep
3952,2005-07-06 21:51:31,1719,417,2005-07-13 15:54:31,1,374,2,14,Sci-Fi,3,0.99,29.99,Travis Estep
6258,2005-07-11 15:24:32,632,417,2005-07-18 18:29:32,1,137,2,14,Sci-Fi,3,2.99,21.99,Travis Estep
833,2005-05-29 23:21:56,2898,417,2005-06-02 18:40:56,1,637,2,14,Sci-Fi,7,4.99,16.99,Travis Estep
8877,2005-07-30 00:15:22,1140,417,2005-07-31 00:53:22,1,252,2,1,Action,6,2.99,18.99,Travis Estep
9049,2005-07-30 06:57:28,2620,417,2005-08-04 09:02:28,1,574,2,1,Action,3,0.99,19.99,Travis Estep
2360,2005-06-18 13:11:13,37,57,2005-06-23 15:32:13,2,8,2,11,Horror,6,4.99,15.99,Evelyn Morgan
6649,2005-07-12 10:51:09,70,57,2005-07-14 16:05:09,2,13,2,11,Horror,4,4.99,21.99,Evelyn Morgan
3357,2005-06-21 11:55:42,2528,57,2005-06-22 07:19:42,2,555,2,5,Comedy,4,0.99,25.99,Evelyn Morgan
9703,2005-07-31 07:34:52,2708,57,2005-08-03 13:33:52,2,595,1,9,Foreign,7,0.99,20.99,Evelyn Morgan
9812,2005-07-31 11:28:07,1540,57,2005-08-01 12:35:07,2,337,1,9,Foreign,6,2.99,11.99,Evelyn Morgan
9086,2005-07-30 08:18:46,2779,57,2005-08-06 06:10:46,2,610,1,8,Family,7,0.99,17.99,Evelyn Morgan
9136,2005-07-30 10:07:20,1734,57,2005-07-31 08:20:20,2,377,2,8,Family,7,0.99,20.99,Evelyn Morgan
152,2005-05-26 00:41:10,2622,57,2005-06-03 06:05:10,1,575,1,6,Documentary,3,4.99,27.99,Evelyn Morgan
10169,2005-07-31 23:27:13,2675,57,2005-08-05 20:32:13,2,587,1,6,Documentary,6,4.99,20.99,Evelyn Morgan
4226,2005-07-07 12:37:56,1692,57,2005-07-09 08:48:56,2,369,1,14,Sci-Fi,4,4.99,22.99,Evelyn Morgan
2910,2005-06-20 03:31:18,630,57,2005-06-28 00:35:18,1,137,2,14,Sci-Fi,3,2.99,21.99,Evelyn Morgan
943,2005-05-30 15:20:19,3737,57,2005-06-06 18:53:19,1,817,1,14,Sci-Fi,7,4.99,27.99,Evelyn Morgan
2058,2005-06-17 15:34:41,1324,57,2005-06-25 14:50:41,1,292,2,1,Action,3,0.99,20.99,Evelyn Morgan
9211,2005-07-30 12:59:45,595,57,2005-08-07 18:17:45,2,130,1,1,Action,7,0.99,24.99,Evelyn Morgan
5948,2005-07-10 23:12:08,3260,57,2005-07-18 19:06:08,2,717,2,1,Action,6,0.99,23.99,Evelyn Morgan
5060,2005-07-09 04:28:03,4317,57,2005-07-12 07:41:03,2,941,1,10,Games,4,4.99,10.99,Evelyn Morgan
5694,2005-07-10 09:40:38,3476,57,2005-07-14 09:16:38,1,762,2,10,Games,6,0.99,29.99,Evelyn Morgan
6482,2005-07-12 01:50:21,4135,57,2005-07-14 06:49:21,2,898,1,15,Sports,4,4.99,18.99,Evelyn Morgan
8249,2005-07-29 00:48:44,3331,57,2005-08-07 04:25:44,2,733,1,15,Sports,4,0.99,29.99,Evelyn Morgan
3727,2005-07-06 11:16:43,2886,57,2005-07-07 15:39:43,1,633,2,4,Classics,6,4.99,10.99,Evelyn Morgan
2105,2005-06-17 19:15:45,4090,57,2005-06-20 16:00:45,1,891,2,4,Classics,3,0.99,13.99,Evelyn Morgan
6494,2005-07-12 02:42:51,1124,57,2005-07-20 06:57:51,1,249,2,4,Classics,7,0.99,26.99,Evelyn Morgan
6865,2005-07-12 20:02:40,1428,175,2005-07-20 00:39:40,2,313,1,11,Horror,5,4.99,11.99,Annette Olson
1495,2005-06-15 21:54:31,1842,175,2005-06-19 00:08:31,2,401,1,7,Drama,6,0.99,10.99,Annette Olson
7771,2005-07-28 06:52:12,1003,175,2005-07-30 12:48:12,1,225,1,7,Drama,3,0.99,19.99,Annette Olson
7448,2005-07-27 18:06:30,3584,175,2005-07-29 15:43:30,1,784,1,16,Travel,7,2.99,20.99,Annette Olson
5232,2005-07-09 12:35:08,3353,175,2005-07-14 14:55:08,1,736,1,8,Family,4,0.99,21.99,Annette Olson
8264,2005-07-29 01:18:50,2987,175,2005-08-03 05:31:50,2,655,1,14,Sci-Fi,5,4.99,22.99,Annette Olson
4167,2005-07-07 09:37:08,3771,175,2005-07-16 06:16:08,2,825,1,1,Action,6,2.99,22.99,Annette Olson
3266,2005-06-21 04:49:07,2533,175,2005-06-26 05:19:07,2,556,1,10,Games,6,4.99,26.99,Annette Olson
8817,2005-07-29 22:09:08,2716,175,2005-08-01 19:07:08,1,596,1,10,Games,4,4.99,25.99,Annette Olson
10875,2005-08-02 00:31:44,862,175,2005-08-05 22:24:44,2,189,2,10,Games,3,0.99,23.99,Annette Olson
9941,2005-07-31 15:31:25,1756,175,2005-08-05 17:23:25,1,381,2,10,Games,7,4.99,25.99,Annette Olson
3625,2005-07-06 06:12:52,1133,175,2005-07-12 07:37:52,1,251,2,13,New,6,4.99,19.99,Annette Olson
8440,2005-07-29 07:31:26,489,175,2005-08-04 07:04:26,1,109,2,13,New,3,0.99,17.99,Annette Olson
10229,2005-08-01 01:45:26,3459,175,2005-08-10 06:21:26,1,759,1,13,New,4,2.99,29.99,Annette Olson
8244,2005-07-29 00:35:34,1552,175,2005-08-05 04:18:34,2,341,1,4,Classics,5,0.99,13.99,Annette Olson
5557,2005-07-10 03:10:21,1433,346,2005-07-11 21:34:21,1,313,2,11,Horror,5,4.99,11.99,Arthur Simpkins
8272,2005-07-29 01:29:51,70,346,2005-08-03 21:56:51,2,13,2,11,Horror,4,4.99,21.99,Arthur Simpkins
3372,2005-06-21 13:34:19,4169,346,2005-06-27 08:41:19,2,906,2,5,Comedy,4,0.99,27.99,Arthur Simpkins
3421,2005-06-21 17:22:58,3930,346,2005-06-24 18:57:58,1,857,1,5,Comedy,3,2.99,24.99,Arthur Simpkins
8543,2005-07-29 11:01:57,403,346,2005-08-03 06:03:57,1,89,2,2,Animation,7,0.99,22.99,Arthur Simpkins
9927,2005-07-31 15:12:13,999,346,2005-08-01 11:37:13,1,223,2,2,Animation,7,2.99,24.99,Arthur Simpkins
7943,2005-07-28 12:50:55,2914,346,2005-08-04 11:29:55,2,640,2,9,Foreign,5,4.99,21.99,Arthur Simpkins
10521,2005-08-01 11:46:17,662,346,2005-08-05 11:06:17,2,143,1,7,Drama,6,0.99,17.99,Arthur Simpkins
5428,2005-07-09 21:12:50,3109,346,2005-07-14 16:25:50,2,683,1,7,Drama,5,4.99,19.99,Arthur Simpkins
9848,2005-07-31 12:44:33,3290,346,2005-08-07 13:49:33,2,724,2,8,Family,5,2.99,15.99,Arthur Simpkins
9566,2005-07-31 02:32:10,643,346,2005-08-02 23:54:10,2,139,2,8,Family,7,4.99,21.99,Arthur Simpkins
1994,2005-06-17 11:07:06,2203,346,2005-06-25 08:32:06,2,476,2,8,Family,5,2.99,9.99,Arthur Simpkins
65,2005-05-25 09:32:03,3552,346,2005-05-29 14:21:03,1,776,2,6,Documentary,6,4.99,11.99,Arthur Simpkins
10304,2005-08-01 04:14:12,1538,346,2005-08-07 22:38:12,1,336,2,6,Documentary,5,4.99,22.99,Arthur Simpkins
6323,2005-07-11 19:02:19,1352,346,2005-07-14 15:54:19,1,298,2,14,Sci-Fi,4,2.99,13.99,Arthur Simpkins
8505,2005-07-29 09:22:52,1454,346,2005-08-06 05:23:52,1,319,1,14,Sci-Fi,4,2.99,22.99,Arthur Simpkins
8732,2005-07-29 18:25:03,1143,346,2005-08-07 18:56:03,2,253,1,1,Action,5,4.99,18.99,Arthur Simpkins
4420,2005-07-07 22:07:31,4427,346,2005-07-12 19:14:31,2,968,1,1,Action,6,4.99,19.99,Arthur Simpkins
810,2005-05-29 19:12:04,2533,346,2005-06-04 21:12:04,2,556,1,10,Games,6,4.99,26.99,Arthur Simpkins
11062,2005-08-02 06:52:54,2014,346,2005-08-07 10:59:54,1,438,2,10,Games,3,2.99,22.99,Arthur Simpkins
10389,2005-08-01 06:46:43,3534,346,2005-08-08 07:07:43,2,773,1,15,Sports,6,2.99,28.99,Arthur Simpkins
6136,2005-07-11 08:34:09,205,346,2005-07-14 06:11:09,1,45,2,13,New,5,4.99,14.99,Arthur Simpkins
4958,2005-07-08 23:19:52,2354,346,2005-07-17 20:31:52,1,512,2,4,Classics,5,4.99,25.99,Arthur Simpkins
6881,2005-07-12 20:46:35,2496,346,2005-07-21 00:26:35,2,548,1,4,Classics,3,2.99,27.99,Arthur Simpkins
4729,2005-07-08 12:59:40,1429,205,2005-07-10 13:35:40,2,313,1,11,Horror,5,4.99,11.99,Eileen Carr
1357,2005-06-15 13:26:23,2285,205,2005-06-23 14:12:23,1,494,2,11,Horror,4,0.99,21.99,Eileen Carr
4230,2005-07-07 12:46:47,353,205,2005-07-15 06:52:47,1,78,1,2,Animation,7,2.99,12.99,Eileen Carr
7976,2005-07-28 14:13:24,2296,205,2005-08-05 09:01:24,1,500,1,9,Foreign,5,4.99,11.99,Eileen Carr
1767,2005-06-16 18:01:36,1162,205,2005-06-18 12:39:36,2,257,2,16,Travel,3,0.99,14.99,Eileen Carr
8896,2005-07-30 00:51:21,3560,205,2005-07-31 22:33:21,1,778,1,8,Family,3,4.99,24.99,Eileen Carr
3601,2005-07-06 05:20:25,2806,205,2005-07-15 03:13:25,1,616,2,6,Documentary,4,2.99,19.99,Eileen Carr
10086,2005-07-31 20:14:08,2853,205,2005-08-07 01:33:08,2,625,2,14,Sci-Fi,3,0.99,18.99,Eileen Carr
2237,2005-06-18 04:17:44,1821,205,2005-06-27 09:08:44,1,395,2,1,Action,4,0.99,28.99,Eileen Carr
7736,2005-07-28 05:12:04,4466,205,2005-08-05 02:28:04,2,976,1,10,Games,6,0.99,12.99,Eileen Carr
1238,2005-06-15 04:49:08,3534,205,2005-06-20 00:06:08,1,773,1,15,Sports,6,2.99,28.99,Eileen Carr
4377,2005-07-07 20:28:57,3294,205,2005-07-16 02:13:57,2,725,1,4,Classics,6,4.99,25.99,Eileen Carr
9882,2005-07-31 13:53:33,1429,311,2005-08-09 15:55:33,1,313,1,11,Horror,5,4.99,11.99,Paul Trout
2967,2005-06-20 07:40:35,4243,311,2005-06-29 05:50:35,2,922,2,11,Horror,7,4.99,22.99,Paul Trout
4836,2005-07-08 18:09:08,2756,311,2005-07-15 20:19:08,1,604,2,5,Comedy,4,0.99,10.99,Paul Trout
1622,2005-06-16 07:33:18,1774,311,2005-06-21 07:23:18,1,385,1,5,Comedy,6,4.99,26.99,Paul Trout
6419,2005-07-11 23:36:38,3683,311,2005-07-13 03:23:38,1,805,2,2,Animation,5,4.99,12.99,Paul Trout
8473,2005-07-29 08:36:53,4141,311,2005-07-31 12:14:53,1,900,1,9,Foreign,6,2.99,17.99,Paul Trout
10134,2005-07-31 21:56:10,4483,311,2005-08-06 21:20:10,1,979,2,7,Drama,6,4.99,10.99,Paul Trout
952,2005-05-30 16:28:07,4389,311,2005-06-02 16:12:07,2,958,2,7,Drama,6,2.99,19.99,Paul Trout
990,2005-05-30 23:25:14,4171,311,2005-06-06 18:41:14,2,907,1,7,Drama,4,0.99,10.99,Paul Trout
544,2005-05-28 07:03:00,2964,311,2005-06-06 06:23:00,1,650,1,6,Documentary,3,0.99,27.99,Paul Trout
274,2005-05-26 16:48:51,656,311,2005-06-03 18:17:51,1,142,1,6,Documentary,3,0.99,24.99,Paul Trout
8167,2005-07-28 21:25:45,3181,311,2005-08-04 18:04:45,1,698,1,6,Documentary,3,2.99,29.99,Paul Trout
5224,2005-07-09 12:07:27,279,311,2005-07-17 08:59:27,1,62,2,6,Documentary,5,2.99,23.99,Paul Trout
1128,2005-05-31 17:49:26,1496,311,2005-06-05 19:51:26,2,327,2,1,Action,3,4.99,24.99,Paul Trout
9503,2005-07-31 00:02:38,1013,311,2005-08-06 06:01:38,1,227,1,10,Games,4,4.99,17.99,Paul Trout
1955,2005-06-17 08:40:22,811,311,2005-06-19 10:47:22,1,176,2,15,Sports,6,0.99,21.99,Paul Trout
10448,2005-08-01 09:09:31,2254,311,2005-08-02 09:55:31,2,487,2,4,Classics,6,4.99,29.99,Paul Trout
3787,2005-07-06 14:02:01,288,474,2005-07-09 19:09:01,2,65,2,11,Horror,3,4.99,20.99,Dustin Gillette
4533,2005-07-08 03:32:01,1105,474,2005-07-10 21:57:01,1,245,2,2,Animation,4,0.99,28.99,Dustin Gillette
1758,2005-06-16 17:39:39,2654,474,2005-06-25 13:06:39,1,582,2,2,Animation,3,2.99,19.99,Dustin Gillette
4785,2005-07-08 16:10:19,58,474,2005-07-11 18:52:19,1,11,2,9,Foreign,6,0.99,16.99,Dustin Gillette
4048,2005-07-07 03:30:52,659,474,2005-07-14 05:05:52,2,143,1,7,Drama,6,0.99,17.99,Dustin Gillette
6499,2005-07-12 03:11:18,3165,474,2005-07-21 07:50:18,2,695,1,8,Family,6,4.99,12.99,Dustin Gillette
4809,2005-07-08 17:03:22,4251,474,2005-07-17 22:39:22,1,924,2,14,Sci-Fi,7,0.99,15.99,Dustin Gillette
10376,2005-08-01 06:27:13,4194,474,2005-08-07 06:11:13,2,912,2,14,Sci-Fi,3,2.99,9.99,Dustin Gillette
816,2005-05-29 20:26:39,630,474,2005-06-06 22:31:39,2,137,2,14,Sci-Fi,3,2.99,21.99,Dustin Gillette
8991,2005-07-30 04:42:54,4540,474,2005-08-01 23:51:54,1,991,2,1,Action,4,2.99,26.99,Dustin Gillette
5251,2005-07-09 13:36:10,478,474,2005-07-15 11:40:10,1,105,2,1,Action,6,0.99,21.99,Dustin Gillette
4886,2005-07-08 19:53:22,3393,474,2005-07-09 17:05:22,1,745,1,15,Sports,5,4.99,23.99,Dustin Gillette
2944,2005-06-20 05:43:42,1550,474,2005-06-29 09:40:42,2,340,1,13,New,6,4.99,14.99,Dustin Gillette
4481,2005-07-08 00:58:15,1669,474,2005-07-11 23:22:15,2,364,1,13,New,3,2.99,14.99,Dustin Gillette
7987,2005-07-28 14:36:52,288,443,2005-08-05 16:49:52,2,65,2,11,Horror,3,4.99,20.99,Francisco Skidmore
7667,2005-07-28 02:37:22,2415,443,2005-08-05 21:37:22,1,527,1,11,Horror,4,4.99,24.99,Francisco Skidmore
10014,2005-07-31 18:10:56,2344,443,2005-08-02 23:36:56,1,510,1,2,Animation,6,4.99,29.99,Francisco Skidmore
6625,2005-07-12 09:06:40,735,443,2005-07-21 04:57:40,2,160,2,2,Animation,4,0.99,12.99,Francisco Skidmore
3510,2005-07-06 00:27:41,2250,443,2005-07-14 23:20:41,2,486,2,9,Foreign,7,4.99,14.99,Francisco Skidmore
9740,2005-07-31 09:08:03,3497,443,2005-08-06 04:48:03,2,766,1,7,Drama,5,0.99,25.99,Francisco Skidmore
6913,2005-07-12 22:18:12,569,443,2005-07-14 23:03:12,2,123,2,16,Travel,6,4.99,22.99,Francisco Skidmore
1068,2005-05-31 09:32:15,150,443,2005-06-01 11:20:15,1,31,2,8,Family,5,4.99,16.99,Francisco Skidmore
2871,2005-06-20 00:27:49,1731,443,2005-06-29 01:36:49,1,377,1,8,Family,7,0.99,20.99,Francisco Skidmore
10081,2005-07-31 20:07:44,3183,443,2005-08-06 20:04:44,1,698,1,6,Documentary,3,2.99,29.99,Francisco Skidmore
10360,2005-08-01 05:52:53,1129,443,2005-08-05 10:55:53,1,250,2,1,Action,4,0.99,26.99,Francisco Skidmore
6983,2005-07-27 00:55:03,1758,443,2005-08-01 21:19:03,2,382,1,10,Games,3,0.99,21.99,Francisco Skidmore
7317,2005-07-27 13:19:41,1518,443,2005-07-29 16:16:41,2,331,2,10,Games,6,2.99,25.99,Francisco Skidmore
10502,2005-08-01 11:06:39,3193,357,2005-08-05 07:11:39,1,702,1,11,Horror,4,2.99,12.99,Keith Rico
5896,2005-07-10 20:15:56,731,357,2005-07-12 00:39:56,1,160,1,2,Animation,4,0.99,12.99,Keith Rico
10503,2005-08-01 11:07:44,1823,357,2005-08-08 08:22:44,1,396,2,7,Drama,5,4.99,18.99,Keith Rico
144,2005-05-25 23:49:56,1689,357,2005-06-01 21:41:56,2,368,1,7,Drama,7,2.99,20.99,Keith Rico
9233,2005-07-30 13:44:15,2320,357,2005-08-07 13:02:15,2,504,1,7,Drama,5,0.99,25.99,Keith Rico
824,2005-05-29 21:45:32,3518,357,2005-05-31 19:01:32,1,771,1,7,Drama,3,4.99,23.99,Keith Rico
7353,2005-07-27 14:38:39,1308,357,2005-07-31 19:50:39,1,288,2,16,Travel,7,2.99,20.99,Keith Rico
3865,2005-07-06 17:46:57,3579,357,2005-07-12 12:20:57,1,783,1,16,Travel,5,2.99,22.99,Keith Rico
6405,2005-07-11 22:53:12,3983,357,2005-07-18 23:02:12,2,868,1,16,Travel,5,0.99,27.99,Keith Rico
945,2005-05-30 15:33:17,1441,357,2005-06-02 15:02:17,2,315,2,8,Family,4,0.99,10.99,Keith Rico
10391,2005-08-01 06:49:05,2203,357,2005-08-04 01:51:05,2,476,2,8,Family,5,2.99,9.99,Keith Rico
6288,2005-07-11 17:01:52,3235,357,2005-07-19 15:11:52,1,710,1,8,Family,4,4.99,18.99,Keith Rico
7366,2005-07-27 15:01:17,461,357,2005-08-04 20:28:17,1,101,2,6,Documentary,3,0.99,26.99,Keith Rico
1971,2005-06-17 09:23:59,2870,357,2005-06-25 13:20:59,2,629,2,6,Documentary,7,0.99,9.99,Keith Rico
10764,2005-08-01 20:32:42,3808,357,2005-08-03 22:14:42,2,834,2,6,Documentary,4,0.99,26.99,Keith Rico
1788,2005-06-16 19:47:18,3794,357,2005-06-22 23:10:18,1,831,1,14,Sci-Fi,5,0.99,20.99,Keith Rico
4478,2005-07-08 00:39:08,1764,357,2005-07-11 21:57:08,2,382,2,10,Games,3,0.99,21.99,Keith Rico
8124,2005-07-28 19:28:58,1187,357,2005-07-31 00:45:58,1,264,2,10,Games,6,2.99,13.99,Keith Rico
6839,2005-07-12 19:03:19,3900,357,2005-07-15 23:48:19,1,851,2,15,Sports,3,0.99,19.99,Keith Rico
2153,2005-06-17 22:58:04,2440,357,2005-06-24 19:38:04,2,532,2,15,Sports,5,4.99,28.99,Keith Rico
6367,2005-07-11 21:18:29,1465,357,2005-07-15 01:05:29,1,320,2,13,New,4,4.99,28.99,Keith Rico
11065,2005-08-02 06:57:55,2226,357,2005-08-06 01:31:55,2,481,2,13,New,4,2.99,22.99,Keith Rico
1246,2005-06-15 05:11:19,431,357,2005-06-21 02:21:19,1,95,2,13,New,5,4.99,18.99,Keith Rico
8041,2005-07-28 16:39:56,763,357,2005-07-30 18:44:56,1,166,2,4,Classics,6,2.99,19.99,Keith Rico
2595,2005-06-19 05:43:55,3197,122,2005-06-25 10:20:55,1,702,2,11,Horror,4,2.99,12.99,Thelma Murray
7267,2005-07-27 11:22:55,3661,122,2005-08-01 08:13:55,1,800,1,11,Horror,7,2.99,19.99,Thelma Murray
7950,2005-07-28 13:21:00,2286,122,2005-08-05 18:47:00,2,494,2,11,Horror,4,0.99,21.99,Thelma Murray
1442,2005-06-15 18:55:34,3912,122,2005-06-22 20:41:34,2,854,2,11,Horror,4,4.99,22.99,Thelma Murray
8077,2005-07-28 17:54:35,3253,122,2005-07-29 19:28:35,2,716,1,11,Horror,6,2.99,26.99,Thelma Murray
2240,2005-06-18 04:28:27,1409,122,2005-06-22 07:48:27,2,308,2,5,Comedy,3,2.99,13.99,Thelma Murray
6231,2005-07-11 14:02:36,2526,122,2005-07-13 19:04:36,2,555,1,5,Comedy,4,0.99,25.99,Thelma Murray
1211,2005-06-15 03:01:20,3360,122,2005-06-18 07:52:20,2,738,1,9,Foreign,3,0.99,27.99,Thelma Murray
2482,2005-06-18 21:10:44,452,122,2005-06-19 20:39:44,1,100,1,9,Foreign,7,4.99,21.99,Thelma Murray
8772,2005-07-29 19:55:25,3526,122,2005-08-05 18:48:25,1,772,1,7,Drama,4,2.99,24.99,Thelma Murray
6974,2005-07-27 00:39:16,2924,122,2005-08-04 01:59:16,2,643,1,7,Drama,3,2.99,22.99,Thelma Murray
11044,2005-08-02 06:05:27,2922,122,2005-08-06 05:15:27,1,643,1,7,Drama,3,2.99,22.99,Thelma Murray
5235,2005-07-09 12:54:25,1044,122,2005-07-18 16:28:25,1,233,1,16,Travel,3,0.99,17.99,Thelma Murray
6427,2005-07-11 23:57:34,1043,122,2005-07-14 18:05:34,2,233,1,16,Travel,3,0.99,17.99,Thelma Murray
10626,2005-08-01 15:32:41,1042,122,2005-08-05 18:08:41,1,233,1,16,Travel,3,0.99,17.99,Thelma Murray
6436,2005-07-12 00:18:42,3758,122,2005-07-13 03:57:42,2,822,2,8,Family,6,0.99,12.99,Thelma Murray
4568,2005-07-08 05:23:59,2626,122,2005-07-09 06:07:59,1,575,2,6,Documentary,3,4.99,27.99,Thelma Murray
9910,2005-07-31 14:47:57,368,122,2005-08-05 18:20:57,1,81,1,14,Sci-Fi,6,4.99,29.99,Thelma Murray
3986,2005-07-06 23:25:13,3737,122,2005-07-09 21:26:13,2,817,1,14,Sci-Fi,7,4.99,27.99,Thelma Murray
853,2005-05-30 01:43:31,3693,122,2005-06-01 02:05:31,1,807,2,10,Games,4,0.99,25.99,Thelma Murray
2834,2005-06-19 21:41:46,2876,122,2005-06-24 20:47:46,1,631,1,15,Sports,4,0.99,11.99,Thelma Murray
8177,2005-07-28 21:43:54,3696,122,2005-08-02 22:38:54,2,809,2,15,Sports,5,0.99,14.99,Thelma Murray
2253,2005-06-18 05:11:43,3719,122,2005-06-25 03:30:43,2,813,2,15,Sports,7,0.99,18.99,Thelma Murray
1135,2005-05-31 19:15:11,3118,122,2005-06-01 14:44:11,2,685,2,13,New,6,4.99,10.99,Thelma Murray
4239,2005-07-07 13:23:17,3866,122,2005-07-13 17:49:17,1,846,1,13,New,3,4.99,9.99,Thelma Murray
3778,2005-07-06 13:44:48,2181,122,2005-07-13 09:31:48,2,471,2,4,Classics,7,2.99,23.99,Thelma Murray
8307,2005-07-29 03:18:34,3197,39,2005-08-06 05:51:34,2,702,2,11,Horror,4,2.99,12.99,Debra Nelson
2439,2005-06-18 18:35:04,909,39,2005-06-21 19:47:04,2,202,1,5,Comedy,5,4.99,26.99,Debra Nelson
4727,2005-07-08 12:54:15,1251,39,2005-07-17 14:32:15,2,276,1,5,Comedy,6,4.99,28.99,Debra Nelson
9656,2005-07-31 06:00:21,4215,39,2005-08-05 04:36:21,1,916,2,2,Animation,3,2.99,10.99,Debra Nelson
8805,2005-07-29 21:29:58,4041,39,2005-08-04 23:12:58,1,880,1,2,Animation,6,2.99,9.99,Debra Nelson
1625,2005-06-16 07:49:08,3367,39,2005-06-24 09:08:08,2,738,2,9,Foreign,3,0.99,27.99,Debra Nelson
9431,2005-07-30 21:24:22,3364,39,2005-08-03 01:22:22,2,738,2,9,Foreign,3,0.99,27.99,Debra Nelson
10052,2005-07-31 19:15:13,3307,39,2005-08-07 22:47:13,2,728,1,7,Drama,3,0.99,26.99,Debra Nelson
4419,2005-07-07 22:06:24,783,39,2005-07-15 23:59:24,1,172,1,7,Drama,7,4.99,12.99,Debra Nelson
1905,2005-06-17 04:51:43,1043,39,2005-06-24 09:35:43,1,233,1,16,Travel,3,0.99,17.99,Debra Nelson
8723,2005-07-29 18:03:47,224,39,2005-08-06 18:53:47,1,50,1,8,Family,3,2.99,20.99,Debra Nelson
4695,2005-07-08 11:07:59,805,39,2005-07-17 16:35:59,1,175,2,8,Family,3,2.99,27.99,Debra Nelson
10126,2005-07-31 21:36:07,3,39,2005-08-03 23:59:07,1,1,1,6,Documentary,6,0.99,20.99,Debra Nelson
10251,2005-08-01 02:39:12,2986,39,2005-08-06 03:51:12,1,655,1,14,Sci-Fi,5,4.99,22.99,Debra Nelson
5515,2005-07-10 01:12:44,3772,39,2005-07-13 00:39:44,1,825,1,1,Action,6,2.99,22.99,Debra Nelson
8366,2005-07-29 05:11:14,479,39,2005-08-05 01:48:14,1,105,2,1,Action,6,0.99,21.99,Debra Nelson
10639,2005-08-01 15:44:43,1015,39,2005-08-10 13:51:43,1,227,2,10,Games,4,4.99,17.99,Debra Nelson
10269,2005-08-01 03:09:26,2537,39,2005-08-02 00:01:26,1,556,2,10,Games,6,4.99,26.99,Debra Nelson
10630,2005-08-01 15:34:46,2335,39,2005-08-03 10:50:46,1,507,2,10,Games,4,0.99,13.99,Debra Nelson
5451,2005-07-09 22:22:10,3484,39,2005-07-11 02:43:10,1,764,1,15,Sports,3,4.99,28.99,Debra Nelson
4712,2005-07-08 12:10:50,2371,39,2005-07-17 14:54:50,2,517,2,15,Sports,3,0.99,28.99,Debra Nelson
6045,2005-07-11 03:21:05,2003,39,2005-07-17 23:10:05,1,436,2,13,New,4,0.99,14.99,Debra Nelson
2631,2005-06-19 08:49:53,3471,39,2005-06-26 03:25:53,1,760,2,13,New,5,2.99,21.99,Debra Nelson
2876,2005-06-20 01:06:34,3117,39,2005-06-23 04:55:34,1,685,2,13,New,6,4.99,10.99,Debra Nelson
2135,2005-06-17 21:14:02,4091,39,2005-06-19 00:59:02,1,891,2,4,Classics,3,0.99,13.99,Debra Nelson
5292,2005-07-09 15:16:54,3195,62,2005-07-11 15:21:54,1,702,1,11,Horror,4,2.99,12.99,Joan Cooper
3021,2005-06-20 11:13:01,120,62,2005-06-28 16:15:01,2,24,1,11,Horror,6,2.99,19.99,Joan Cooper
3287,2005-06-21 06:32:39,4406,62,2005-06-24 09:29:39,2,963,2,2,Animation,5,0.99,12.99,Joan Cooper
10815,2005-08-01 22:46:21,877,62,2005-08-03 02:43:21,2,193,2,2,Animation,5,2.99,20.99,Joan Cooper
947,2005-05-30 15:36:57,4478,62,2005-06-04 18:48:57,1,979,1,7,Drama,6,4.99,10.99,Joan Cooper
1486,2005-06-15 21:25:30,847,62,2005-06-16 16:36:30,1,186,1,7,Drama,6,0.99,17.99,Joan Cooper
4159,2005-07-07 09:10:57,3625,62,2005-07-09 10:19:57,2,791,2,6,Documentary,3,4.99,24.99,Joan Cooper
885,2005-05-30 06:54:28,646,62,2005-06-03 07:03:28,2,140,2,14,Sci-Fi,6,0.99,23.99,Joan Cooper
3035,2005-06-20 12:17:03,1223,62,2005-06-26 17:42:03,2,271,1,1,Action,5,4.99,12.99,Joan Cooper
1587,2005-06-16 04:52:28,1781,62,2005-06-23 07:36:28,1,387,2,10,Games,7,0.99,27.99,Joan Cooper
1241,2005-06-15 04:59:43,4377,62,2005-06-24 03:32:43,2,956,1,10,Games,7,4.99,23.99,Joan Cooper
10080,2005-07-31 20:07:10,4355,62,2005-08-04 23:07:10,2,949,1,10,Games,6,0.99,27.99,Joan Cooper
3843,2005-07-06 16:35:40,3844,62,2005-07-07 18:29:40,1,842,1,10,Games,4,2.99,13.99,Joan Cooper
8360,2005-07-29 05:08:00,4135,62,2005-08-02 00:40:00,1,898,1,15,Sports,4,4.99,18.99,Joan Cooper
3327,2005-06-21 09:04:50,3083,62,2005-06-30 05:45:50,1,677,2,13,New,6,0.99,25.99,Joan Cooper
10985,2005-08-02 04:30:19,2734,186,2005-08-03 05:18:19,1,600,1,11,Horror,5,0.99,16.99,Holly Fox
10104,2005-07-31 20:49:14,3358,186,2005-08-05 01:11:14,2,737,2,11,Horror,4,0.99,28.99,Holly Fox
958,2005-05-30 17:58:03,548,186,2005-06-01 19:17:03,2,119,2,5,Comedy,6,0.99,22.99,Holly Fox
3039,2005-06-20 12:32:30,4098,186,2005-06-21 07:38:30,1,892,2,2,Animation,3,4.99,18.99,Holly Fox
2875,2005-06-20 00:47:18,3012,186,2005-06-25 18:54:18,2,661,1,9,Foreign,5,4.99,17.99,Holly Fox
7915,2005-07-28 11:49:46,2088,186,2005-08-04 12:21:46,2,452,2,9,Foreign,4,0.99,15.99,Holly Fox
6067,2005-07-11 04:34:49,2097,186,2005-07-16 09:33:49,1,455,1,9,Foreign,7,4.99,11.99,Holly Fox
9360,2005-07-30 18:39:43,2119,186,2005-08-04 22:41:43,2,459,2,9,Foreign,4,4.99,23.99,Holly Fox
8872,2005-07-30 00:13:54,2669,186,2005-08-01 18:34:54,1,586,1,1,Action,4,0.99,27.99,Holly Fox
581,2005-05-28 11:20:29,1380,186,2005-06-04 12:37:29,2,303,1,1,Action,6,0.99,27.99,Holly Fox
1192,2005-06-15 01:18:39,4134,186,2005-06-19 22:46:39,1,898,1,15,Sports,4,4.99,18.99,Holly Fox
9303,2005-07-30 16:35:59,4299,186,2005-08-03 18:31:59,1,937,1,13,New,7,2.99,14.99,Holly Fox
8483,2005-07-29 08:50:18,2786,186,2005-08-03 06:46:18,1,611,1,4,Classics,7,4.99,17.99,Holly Fox
1300,2005-06-15 09:36:19,2524,186,2005-06-17 13:54:19,2,554,2,4,Classics,6,2.99,22.99,Holly Fox
2132,2005-06-17 21:05:06,2636,186,2005-06-20 18:10:06,1,578,2,4,Classics,4,4.99,16.99,Holly Fox
7739,2005-07-28 05:21:51,1554,186,2005-07-30 02:06:51,2,341,1,4,Classics,5,0.99,13.99,Holly Fox
1663,2005-06-16 10:14:15,1558,186,2005-06-23 08:34:15,2,341,2,4,Classics,5,0.99,13.99,Holly Fox
9845,2005-07-31 12:28:05,2417,79,2005-08-06 06:47:05,1,527,2,11,Horror,4,4.99,24.99,Rachel Barnes
840,2005-05-30 00:28:41,4049,79,2005-05-31 20:39:41,2,881,2,11,Horror,5,4.99,13.99,Rachel Barnes
859,2005-05-30 02:36:20,3032,79,2005-06-02 07:49:20,2,665,2,11,Horror,4,2.99,22.99,Rachel Barnes
5205,2005-07-09 10:56:37,161,79,2005-07-13 05:45:37,1,35,1,11,Horror,4,2.99,24.99,Rachel Barnes
4736,2005-07-08 13:22:55,3009,79,2005-07-17 07:27:55,1,660,2,5,Comedy,7,2.99,11.99,Rachel Barnes
3178,2005-06-20 22:35:12,3517,79,2005-06-23 19:39:12,1,770,2,9,Foreign,5,2.99,13.99,Rachel Barnes
3748,2005-07-06 12:11:22,2920,79,2005-07-12 07:22:22,1,641,2,9,Foreign,4,0.99,21.99,Rachel Barnes
6162,2005-07-11 10:12:30,786,79,2005-07-19 06:02:30,2,172,1,7,Drama,7,4.99,12.99,Rachel Barnes
4530,2005-07-08 03:27:05,3775,79,2005-07-11 07:44:05,1,827,1,7,Drama,5,4.99,22.99,Rachel Barnes
4049,2005-07-07 03:34:53,4172,79,2005-07-15 04:10:53,2,907,1,7,Drama,4,0.99,10.99,Rachel Barnes
9989,2005-07-31 17:22:39,1713,79,2005-08-01 18:55:39,1,374,1,14,Sci-Fi,3,0.99,29.99,Rachel Barnes
928,2005-05-30 12:27:14,246,79,2005-06-05 13:56:14,2,55,2,14,Sci-Fi,6,2.99,27.99,Rachel Barnes
10676,2005-08-01 17:14:15,629,79,2005-08-04 12:34:15,1,137,2,14,Sci-Fi,3,2.99,21.99,Rachel Barnes
5555,2005-07-10 03:08:55,2551,79,2005-07-11 01:36:55,2,559,2,14,Sci-Fi,7,2.99,22.99,Rachel Barnes
3641,2005-07-06 07:17:09,3834,79,2005-07-11 07:25:09,1,840,1,10,Games,5,0.99,26.99,Rachel Barnes
9814,2005-07-31 11:29:46,136,79,2005-08-08 15:49:46,1,27,1,15,Sports,7,0.99,12.99,Rachel Barnes
8849,2005-07-29 23:21:01,4300,79,2005-08-03 20:01:01,1,937,1,13,New,7,2.99,14.99,Rachel Barnes
7220,2005-07-27 09:35:54,3867,79,2005-08-04 06:00:54,2,846,1,13,New,3,4.99,9.99,Rachel Barnes
3096,2005-06-20 16:17:56,3851,79,2005-06-24 10:17:56,2,843,1,4,Classics,4,4.99,15.99,Rachel Barnes
2271,2005-06-18 06:29:52,2416,145,2005-06-21 09:46:52,2,527,2,11,Horror,4,4.99,24.99,Lucille Holmes
4817,2005-07-08 17:17:31,1608,145,2005-07-09 22:32:31,2,351,2,11,Horror,4,2.99,10.99,Lucille Holmes
4364,2005-07-07 19:46:51,10,145,2005-07-08 21:55:51,1,2,2,11,Horror,3,4.99,12.99,Lucille Holmes
6339,2005-07-11 19:45:32,2401,145,2005-07-18 22:34:32,2,524,2,5,Comedy,6,0.99,13.99,Lucille Holmes
2614,2005-06-19 07:28:11,4147,145,2005-06-22 12:33:11,1,901,1,2,Animation,3,0.99,29.99,Lucille Holmes
4201,2005-07-07 11:19:51,3682,145,2005-07-16 08:48:51,1,805,2,2,Animation,5,4.99,12.99,Lucille Holmes
7954,2005-07-28 13:25:05,3735,145,2005-07-29 18:50:05,2,816,2,2,Animation,3,0.99,27.99,Lucille Holmes
6378,2005-07-11 21:45:23,3170,145,2005-07-14 16:56:23,1,696,2,2,Animation,6,0.99,20.99,Lucille Holmes
4405,2005-07-07 21:33:16,2102,145,2005-07-15 00:33:16,2,456,2,2,Animation,6,4.99,18.99,Lucille Holmes
7061,2005-07-27 03:51:10,880,145,2005-07-31 05:36:10,1,193,2,2,Animation,5,2.99,20.99,Lucille Holmes
8380,2005-07-29 05:31:29,2279,145,2005-08-02 01:27:29,1,493,2,9,Foreign,5,0.99,18.99,Lucille Holmes
9156,2005-07-30 11:04:55,1747,145,2005-07-31 14:10:55,2,380,1,9,Foreign,7,2.99,11.99,Lucille Holmes
4470,2005-07-08 00:20:57,3605,145,2005-07-10 02:31:57,1,788,1,6,Documentary,5,2.99,15.99,Lucille Holmes
10799,2005-08-01 22:03:31,3282,145,2005-08-06 20:19:31,2,723,1,14,Sci-Fi,3,2.99,29.99,Lucille Holmes
500,2005-05-28 01:05:25,4500,145,2005-05-31 20:04:25,1,982,2,1,Action,4,0.99,23.99,Lucille Holmes
3647,2005-07-06 07:29:17,3762,145,2005-07-13 08:32:17,1,823,2,1,Action,4,2.99,21.99,Lucille Holmes
9576,2005-07-31 02:52:59,3327,145,2005-08-05 23:35:59,2,732,1,1,Action,5,0.99,17.99,Lucille Holmes
7529,2005-07-27 21:18:08,3644,145,2005-08-06 00:59:08,1,796,1,15,Sports,3,0.99,12.99,Lucille Holmes
6056,2005-07-11 04:01:27,3069,145,2005-07-12 04:14:27,1,675,1,13,New,6,2.99,17.99,Lucille Holmes
8965,2005-07-30 03:52:37,2419,599,2005-08-05 01:28:37,2,527,2,11,Horror,4,4.99,24.99,Austin Cintron
2272,2005-06-18 06:29:53,1364,599,2005-06-23 10:58:53,1,301,1,11,Horror,4,0.99,24.99,Austin Cintron
5065,2005-07-09 04:42:00,1788,599,2005-07-12 08:55:00,1,388,2,5,Comedy,5,0.99,16.99,Austin Cintron
3429,2005-06-21 18:46:05,456,599,2005-06-30 17:28:05,1,100,2,9,Foreign,7,4.99,21.99,Austin Cintron
5843,2005-07-10 17:14:27,1615,599,2005-07-15 21:18:27,2,353,1,9,Foreign,6,2.99,22.99,Austin Cintron
6800,2005-07-12 17:03:56,3742,599,2005-07-21 20:32:56,2,818,2,7,Drama,4,4.99,17.99,Austin Cintron
6895,2005-07-12 21:23:59,2935,599,2005-07-19 20:47:59,2,645,1,16,Travel,7,2.99,18.99,Austin Cintron
9630,2005-07-31 04:57:07,2008,599,2005-08-07 10:55:07,2,437,2,8,Family,7,2.99,13.99,Austin Cintron
3043,2005-06-20 12:38:35,633,599,2005-06-29 14:16:35,2,138,1,14,Sci-Fi,5,2.99,29.99,Austin Cintron
1008,2005-05-31 01:18:56,914,599,2005-06-01 01:24:56,2,203,2,14,Sci-Fi,5,4.99,9.99,Austin Cintron
3398,2005-06-21 15:34:38,221,599,2005-06-29 11:23:38,1,49,2,14,Sci-Fi,6,2.99,22.99,Austin Cintron
9679,2005-07-31 06:41:19,3819,599,2005-08-02 07:23:19,1,836,1,15,Sports,3,2.99,14.99,Austin Cintron
3409,2005-06-21 16:17:38,3374,429,2005-06-22 14:16:38,1,740,2,11,Horror,5,2.99,13.99,Frederick Isbell
6196,2005-07-11 12:05:46,995,429,2005-07-18 08:27:46,2,222,2,11,Horror,4,4.99,27.99,Frederick Isbell
150,2005-05-26 00:28:39,909,429,2005-06-01 02:10:39,2,202,1,5,Comedy,5,4.99,26.99,Frederick Isbell
7352,2005-07-27 14:38:29,35,429,2005-07-28 14:24:29,1,7,2,5,Comedy,6,4.99,28.99,Frederick Isbell
8143,2005-07-28 20:23:11,3629,429,2005-08-01 18:17:11,1,792,2,9,Foreign,7,2.99,15.99,Frederick Isbell
5868,2005-07-10 18:39:16,452,429,2005-07-15 21:19:16,1,100,1,9,Foreign,7,4.99,21.99,Frederick Isbell
1781,2005-06-16 19:20:24,2841,429,2005-06-25 17:02:24,2,623,2,9,Foreign,4,0.99,9.99,Frederick Isbell
6977,2005-07-27 00:40:50,3545,429,2005-08-02 19:08:50,2,775,1,7,Drama,4,4.99,18.99,Frederick Isbell
290,2005-05-26 20:08:33,2776,429,2005-05-30 00:32:33,1,609,2,16,Travel,7,2.99,23.99,Frederick Isbell
6886,2005-07-12 20:58:04,4533,429,2005-07-18 16:56:04,2,989,1,16,Travel,4,4.99,22.99,Frederick Isbell
8136,2005-07-28 20:05:48,3434,429,2005-08-01 20:31:48,2,753,1,8,Family,3,0.99,20.99,Frederick Isbell
8175,2005-07-28 21:38:16,641,429,2005-08-07 01:34:16,2,139,1,8,Family,7,4.99,21.99,Frederick Isbell
601,2005-05-28 14:08:22,3225,429,2005-06-04 10:50:22,1,708,2,6,Documentary,4,4.99,19.99,Frederick Isbell
799,2005-05-29 17:24:48,1713,429,2005-06-05 12:25:48,1,374,1,14,Sci-Fi,3,0.99,29.99,Frederick Isbell
1916,2005-06-17 05:29:59,4428,429,2005-06-26 05:35:59,2,968,1,1,Action,6,4.99,19.99,Frederick Isbell
844,2005-05-30 00:58:20,536,429,2005-06-01 00:38:20,1,117,2,10,Games,6,4.99,15.99,Frederick Isbell
1798,2005-06-16 20:16:15,1654,429,2005-06-20 22:23:15,2,361,1,15,Sports,5,2.99,25.99,Frederick Isbell
9849,2005-07-31 12:44:34,2230,429,2005-08-02 16:49:34,1,482,1,4,Classics,3,0.99,12.99,Frederick Isbell
261,2005-05-26 15:44:23,1369,414,2005-06-02 09:47:23,2,301,2,11,Horror,4,0.99,24.99,Vincent Ralston
9991,2005-07-31 17:26:27,3662,414,2005-08-03 17:36:27,1,800,2,11,Horror,7,2.99,19.99,Vincent Ralston
7779,2005-07-28 07:11:11,3663,414,2005-07-30 11:12:11,1,800,2,11,Horror,7,2.99,19.99,Vincent Ralston
9650,2005-07-31 05:47:32,2997,414,2005-08-04 00:50:32,2,657,1,5,Comedy,5,2.99,12.99,Vincent Ralston
3318,2005-06-21 08:23:05,1111,414,2005-06-27 14:07:05,2,246,2,9,Foreign,5,4.99,16.99,Vincent Ralston
3957,2005-07-06 22:05:47,443,414,2005-07-16 01:08:47,1,98,1,7,Drama,4,4.99,12.99,Vincent Ralston
2559,2005-06-19 03:09:46,4433,414,2005-06-28 07:49:46,1,969,1,7,Drama,4,4.99,29.99,Vincent Ralston
85,2005-05-25 13:05:34,470,414,2005-05-29 16:53:34,1,103,2,16,Travel,7,4.99,27.99,Vincent Ralston
4437,2005-07-07 22:55:41,3578,414,2005-07-13 19:40:41,1,783,1,16,Travel,5,2.99,22.99,Vincent Ralston
6462,2005-07-12 01:15:24,4534,414,2005-07-19 05:11:24,2,989,2,16,Travel,4,4.99,22.99,Vincent Ralston
7009,2005-07-27 01:45:44,1585,414,2005-07-28 05:50:44,1,348,2,8,Family,7,0.99,9.99,Vincent Ralston
6728,2005-07-12 13:56:48,2113,414,2005-07-15 18:49:48,1,458,1,8,Family,4,0.99,26.99,Vincent Ralston
6845,2005-07-12 19:20:41,3833,414,2005-07-14 15:27:41,1,840,1,10,Games,5,0.99,26.99,Vincent Ralston
10107,2005-07-31 21:01:46,1326,414,2005-08-09 01:33:46,2,293,1,15,Sports,6,2.99,17.99,Vincent Ralston
2246,2005-06-18 04:54:29,4287,414,2005-06-22 09:14:29,1,933,1,13,New,4,4.99,11.99,Vincent Ralston
4080,2005-07-07 05:09:54,1364,148,2005-07-11 23:58:54,1,301,1,11,Horror,4,0.99,24.99,Eleanor Hunt
2847,2005-06-19 22:54:01,1247,148,2005-06-27 23:05:01,2,275,2,11,Horror,3,0.99,11.99,Eleanor Hunt
8331,2005-07-29 04:13:29,18,148,2005-08-04 07:09:29,1,4,1,11,Horror,5,2.99,26.99,Eleanor Hunt
7865,2005-07-28 10:07:04,2334,148,2005-08-06 08:16:04,2,506,2,11,Horror,4,4.99,14.99,Eleanor Hunt
8626,2005-07-29 14:03:20,3092,148,2005-08-02 09:05:20,1,680,1,5,Comedy,4,4.99,21.99,Eleanor Hunt
8394,2005-07-29 06:02:14,3933,148,2005-08-03 08:15:14,1,857,2,5,Comedy,3,2.99,24.99,Eleanor Hunt
10830,2005-08-01 23:18:06,4176,148,2005-08-06 23:15:06,2,908,1,9,Foreign,3,4.99,11.99,Eleanor Hunt
9594,2005-07-31 03:23:52,4382,148,2005-08-04 23:06:52,1,957,2,9,Foreign,7,4.99,26.99,Eleanor Hunt
7693,2005-07-28 03:31:22,2479,148,2005-07-31 06:42:22,2,543,1,16,Travel,5,4.99,20.99,Eleanor Hunt
5034,2005-07-09 02:48:15,340,148,2005-07-11 23:13:15,2,75,2,16,Travel,6,4.99,14.99,Eleanor Hunt
9106,2005-07-30 08:52:34,2935,148,2005-08-02 07:38:34,2,645,1,16,Travel,7,2.99,18.99,Eleanor Hunt
4950,2005-07-08 22:58:07,3291,148,2005-07-09 20:41:07,2,724,2,8,Family,5,2.99,15.99,Eleanor Hunt
6169,2005-07-11 10:25:56,2781,148,2005-07-19 07:18:56,2,610,2,8,Family,7,0.99,17.99,Eleanor Hunt
9023,2005-07-30 05:36:40,2911,148,2005-08-07 06:20:40,1,639,2,8,Family,7,4.99,9.99,Eleanor Hunt
5372,2005-07-09 18:48:39,3551,148,2005-07-11 17:40:39,1,776,2,6,Documentary,6,4.99,11.99,Eleanor Hunt
3653,2005-07-06 07:45:13,2513,148,2005-07-10 11:51:13,2,552,2,6,Documentary,5,0.99,15.99,Eleanor Hunt
8111,2005-07-28 19:10:03,3226,148,2005-07-29 22:25:03,1,708,2,6,Documentary,4,4.99,19.99,Eleanor Hunt
10067,2005-07-31 19:37:58,1940,148,2005-08-04 17:32:58,2,422,2,14,Sci-Fi,7,4.99,25.99,Eleanor Hunt
7656,2005-07-28 02:07:19,178,148,2005-07-31 04:05:19,1,39,2,14,Sci-Fi,5,0.99,10.99,Eleanor Hunt
9530,2005-07-31 01:09:06,1718,148,2005-08-04 23:47:06,2,374,2,14,Sci-Fi,3,0.99,29.99,Eleanor Hunt
2751,2005-06-19 16:39:23,1291,148,2005-06-25 13:57:23,1,285,2,14,Sci-Fi,3,0.99,18.99,Eleanor Hunt
8578,2005-07-29 11:58:14,3737,148,2005-08-03 06:25:14,1,817,1,14,Sci-Fi,7,4.99,27.99,Eleanor Hunt
6793,2005-07-12 16:37:55,103,148,2005-07-21 16:04:55,2,21,1,1,Action,3,4.99,17.99,Eleanor Hunt
1501,2005-06-15 22:02:35,1780,148,2005-06-23 18:59:35,1,387,1,10,Games,7,0.99,27.99,Eleanor Hunt
2843,2005-06-19 22:36:39,1520,148,2005-06-26 22:33:39,2,331,2,10,Games,6,2.99,25.99,Eleanor Hunt
6640,2005-07-12 10:27:19,2794,148,2005-07-21 06:28:19,2,614,1,10,Games,5,4.99,11.99,Eleanor Hunt
682,2005-05-28 23:53:18,3160,148,2005-05-29 19:14:18,2,694,1,4,Classics,6,4.99,15.99,Eleanor Hunt
4746,2005-07-08 13:47:55,173,148,2005-07-11 09:06:55,2,37,2,4,Classics,3,2.99,28.99,Eleanor Hunt
1517,2005-06-15 23:20:26,3728,148,2005-06-23 23:23:26,1,815,1,4,Classics,4,2.99,14.99,Eleanor Hunt
5291,2005-07-09 15:15:02,1367,194,2005-07-15 10:22:02,2,301,1,11,Horror,4,0.99,24.99,Kristen Chavez
677,2005-05-28 23:00:08,4558,194,2005-06-05 19:11:08,2,995,1,11,Horror,5,4.99,11.99,Kristen Chavez
5894,2005-07-10 20:09:34,2264,194,2005-07-17 15:39:34,1,489,2,2,Animation,4,0.99,14.99,Kristen Chavez
334,2005-05-27 03:03:07,3973,194,2005-05-29 03:54:07,1,865,2,2,Animation,3,4.99,19.99,Kristen Chavez
2347,2005-06-18 12:12:29,4516,194,2005-06-23 14:03:29,1,986,1,2,Animation,6,2.99,24.99,Kristen Chavez
4231,2005-07-07 12:48:19,3522,194,2005-07-13 18:45:19,1,771,2,7,Drama,3,4.99,23.99,Kristen Chavez
5146,2005-07-09 08:14:58,776,194,2005-07-11 07:04:58,1,169,2,16,Travel,3,2.99,19.99,Kristen Chavez
2807,2005-06-19 19:32:53,2825,194,2005-06-25 00:30:53,2,620,2,14,Sci-Fi,5,2.99,23.99,Kristen Chavez
1430,2005-06-15 18:24:55,3412,194,2005-06-16 12:26:55,1,748,1,1,Action,4,0.99,16.99,Kristen Chavez
2245,2005-06-18 04:52:59,1496,194,2005-06-24 05:07:59,2,327,2,1,Action,3,4.99,24.99,Kristen Chavez
2463,2005-06-18 20:01:43,1186,194,2005-06-25 15:04:43,2,264,2,10,Games,6,2.99,13.99,Kristen Chavez
9064,2005-07-30 07:24:55,1417,194,2005-08-07 08:44:55,2,310,1,10,Games,5,4.99,20.99,Kristen Chavez
8854,2005-07-29 23:40:07,1365,527,2005-08-01 00:35:07,2,301,1,11,Horror,4,0.99,24.99,Cory Meehan
2422,2005-06-18 17:28:57,3170,527,2005-06-23 15:22:57,1,696,2,2,Animation,6,0.99,20.99,Cory Meehan
6050,2005-07-11 03:34:29,825,527,2005-07-15 02:55:29,1,181,1,16,Travel,7,2.99,10.99,Cory Meehan
11013,2005-08-02 05:10:54,2993,527,2005-08-10 08:59:54,1,656,2,16,Travel,3,0.99,9.99,Cory Meehan
2539,2005-06-19 01:58:39,4474,527,2005-06-19 22:17:39,2,977,2,16,Travel,3,2.99,25.99,Cory Meehan
2496,2005-06-18 22:20:11,646,527,2005-06-20 03:08:11,2,140,2,14,Sci-Fi,6,0.99,23.99,Cory Meehan
6975,2005-07-27 00:39:54,3328,527,2005-08-02 19:49:54,1,732,1,1,Action,5,0.99,17.99,Cory Meehan
6003,2005-07-11 01:28:33,296,527,2005-07-17 21:24:33,1,67,2,1,Action,5,2.99,24.99,Cory Meehan
9750,2005-07-31 09:19:46,3174,527,2005-08-06 08:07:46,1,697,1,1,Action,7,0.99,16.99,Cory Meehan
5365,2005-07-09 18:27:00,4469,527,2005-07-11 14:18:00,1,976,2,10,Games,6,0.99,12.99,Cory Meehan
10613,2005-08-01 14:56:14,4357,527,2005-08-07 09:33:14,1,949,2,10,Games,6,0.99,27.99,Cory Meehan
6011,2005-07-11 01:54:48,3899,527,2005-07-18 07:17:48,2,851,2,15,Sports,3,0.99,19.99,Cory Meehan
7506,2005-07-27 20:28:34,2091,527,2005-08-05 18:14:34,1,453,1,15,Sports,3,2.99,17.99,Cory Meehan
4888,2005-07-08 20:04:27,1220,527,2005-07-10 14:53:27,2,270,2,13,New,7,0.99,29.99,Cory Meehan
1398,2005-06-15 16:28:42,4402,527,2005-06-16 12:11:42,1,962,1,4,Classics,7,2.99,18.99,Cory Meehan
10486,2005-08-01 10:23:43,2454,527,2005-08-05 07:11:43,2,536,1,4,Classics,3,2.99,18.99,Cory Meehan
9568,2005-07-31 02:37:44,1248,358,2005-08-02 07:07:44,2,275,2,11,Horror,3,0.99,11.99,Samuel Marlow
10193,2005-08-01 00:33:27,2036,358,2005-08-07 20:15:27,1,443,2,5,Comedy,6,2.99,11.99,Samuel Marlow
5023,2005-07-09 02:23:16,3206,358,2005-07-15 20:37:16,1,704,2,5,Comedy,3,2.99,25.99,Samuel Marlow
2114,2005-06-17 20:00:25,3541,358,2005-06-23 18:51:25,1,774,1,5,Comedy,3,2.99,22.99,Samuel Marlow
1908,2005-06-17 05:10:36,399,358,2005-06-19 03:52:36,1,89,1,2,Animation,7,0.99,22.99,Samuel Marlow
3809,2005-07-06 15:16:37,2932,358,2005-07-09 14:45:37,1,644,2,2,Animation,7,2.99,29.99,Samuel Marlow
2749,2005-06-19 16:27:35,1540,358,2005-06-25 21:06:35,2,337,1,9,Foreign,6,2.99,11.99,Samuel Marlow
3753,2005-07-06 12:34:06,774,358,2005-07-07 14:19:06,2,169,1,16,Travel,3,2.99,19.99,Samuel Marlow
9062,2005-07-30 07:23:17,2780,358,2005-08-02 12:07:17,1,610,1,8,Family,7,0.99,17.99,Samuel Marlow
2721,2005-06-19 14:53:24,3786,358,2005-06-21 18:22:24,2,829,1,8,Family,7,2.99,12.99,Samuel Marlow
6362,2005-07-11 21:09:31,4259,358,2005-07-13 23:08:31,1,926,2,6,Documentary,5,2.99,11.99,Samuel Marlow
8621,2005-07-29 13:52:42,2473,358,2005-07-30 11:42:42,2,542,1,1,Action,3,2.99,28.99,Samuel Marlow
3245,2005-06-21 03:06:11,2057,358,2005-06-25 08:06:11,2,447,1,10,Games,5,2.99,28.99,Samuel Marlow
858,2005-05-30 02:10:32,1258,358,2005-06-01 04:42:32,1,279,1,15,Sports,7,4.99,11.99,Samuel Marlow
1455,2005-06-15 19:51:06,2194,358,2005-06-18 21:54:06,2,474,2,15,Sports,6,2.99,21.99,Samuel Marlow
10482,2005-08-01 10:17:47,48,358,2005-08-02 15:04:47,2,10,1,15,Sports,6,4.99,24.99,Samuel Marlow
1710,2005-06-16 14:11:24,144,77,2005-06-22 15:26:24,1,30,1,11,Horror,4,2.99,27.99,Jane Bennett
2354,2005-06-18 12:54:18,2793,77,2005-06-26 07:23:18,2,613,1,5,Comedy,5,0.99,19.99,Jane Bennett
6390,2005-07-11 22:19:23,3057,77,2005-07-15 20:10:23,2,672,1,5,Comedy,7,2.99,17.99,Jane Bennett
10886,2005-08-02 00:52:34,943,77,2005-08-08 00:30:34,1,209,1,7,Drama,6,2.99,24.99,Jane Bennett
6168,2005-07-11 10:21:38,284,77,2005-07-14 09:55:38,2,64,2,7,Drama,6,0.99,26.99,Jane Bennett
9811,2005-07-31 11:23:45,3305,77,2005-08-06 15:51:45,1,727,2,8,Family,6,0.99,12.99,Jane Bennett
7406,2005-07-27 16:25:45,1412,77,2005-08-05 20:39:45,1,309,2,8,Family,6,0.99,29.99,Jane Bennett
760,2005-05-29 11:07:25,3250,77,2005-06-02 14:16:25,1,715,2,8,Family,3,4.99,25.99,Jane Bennett
419,2005-05-27 15:15:11,2514,77,2005-06-02 11:53:11,1,552,2,6,Documentary,5,0.99,15.99,Jane Bennett
561,2005-05-28 08:54:06,928,77,2005-06-05 05:54:06,1,206,1,6,Documentary,6,0.99,25.99,Jane Bennett
10991,2005-08-02 04:41:12,2854,77,2005-08-05 05:36:12,2,625,2,14,Sci-Fi,3,0.99,18.99,Jane Bennett
319,2005-05-26 23:52:13,3024,77,2005-05-30 18:55:13,1,664,1,1,Action,6,2.99,12.99,Jane Bennett
10895,2005-08-02 01:16:59,93,77,2005-08-03 02:41:59,2,19,1,1,Action,6,0.99,20.99,Jane Bennett
2452,2005-06-18 19:29:21,4318,77,2005-06-26 22:27:21,1,941,1,10,Games,4,4.99,10.99,Jane Bennett
8942,2005-07-30 03:01:07,4375,77,2005-08-06 22:50:07,2,956,1,10,Games,7,4.99,23.99,Jane Bennett
586,2005-05-28 12:03:00,898,77,2005-05-29 13:16:00,1,200,1,10,Games,7,0.99,27.99,Jane Bennett
3238,2005-06-21 02:48:21,2732,77,2005-06-23 04:43:21,1,599,2,15,Sports,3,0.99,20.99,Jane Bennett
7710,2005-07-28 04:24:07,3716,77,2005-08-03 22:49:07,2,813,2,15,Sports,7,0.99,18.99,Jane Bennett
10184,2005-08-01 00:09:33,2785,77,2005-08-05 04:12:33,2,611,1,4,Classics,7,4.99,17.99,Jane Bennett
4928,2005-07-08 22:05:41,4363,77,2005-07-09 23:09:41,2,951,2,4,Classics,6,0.99,28.99,Jane Bennett
3151,2005-06-20 20:36:53,2976,77,2005-06-25 18:56:53,1,652,1,4,Classics,3,0.99,14.99,Jane Bennett
3860,2005-07-06 17:20:24,144,514,2005-07-09 22:33:24,1,30,1,11,Horror,4,2.99,27.99,Franklin Troutman
2789,2005-06-19 18:48:21,2398,514,2005-06-21 21:50:21,1,524,2,5,Comedy,6,0.99,13.99,Franklin Troutman
536,2005-05-28 06:17:33,2962,514,2005-06-03 10:02:33,2,649,2,2,Animation,4,2.99,14.99,Franklin Troutman
1692,2005-06-16 12:30:19,3544,514,2005-06-17 17:31:19,2,775,1,7,Drama,4,4.99,18.99,Franklin Troutman
2362,2005-06-18 13:31:15,2815,514,2005-06-19 12:35:15,1,618,2,7,Drama,3,0.99,21.99,Franklin Troutman
7791,2005-07-28 07:22:51,822,514,2005-07-30 03:09:51,1,179,1,7,Drama,4,4.99,14.99,Franklin Troutman
3084,2005-06-20 15:35:24,3578,514,2005-06-23 19:11:24,1,783,1,16,Travel,5,2.99,22.99,Franklin Troutman
3385,2005-06-21 14:16:48,2810,514,2005-06-24 10:32:48,2,617,1,8,Family,4,0.99,24.99,Franklin Troutman
9038,2005-07-30 06:23:35,217,514,2005-08-06 11:10:35,1,49,1,14,Sci-Fi,6,2.99,22.99,Franklin Troutman
2002,2005-06-17 11:39:58,2406,514,2005-06-24 15:41:58,2,525,2,4,Classics,4,0.99,29.99,Franklin Troutman
3668,2005-07-06 08:36:48,269,514,2005-07-10 11:31:48,1,60,1,4,Classics,3,4.99,22.99,Franklin Troutman
10556,2005-08-01 12:58:42,144,117,2005-08-03 07:18:42,2,30,1,11,Horror,4,2.99,27.99,Edith Mcdonald
6449,2005-07-12 00:48:58,4395,117,2005-07-21 02:57:58,1,961,1,9,Foreign,7,4.99,22.99,Edith Mcdonald
10558,2005-08-01 13:00:20,4399,117,2005-08-05 16:31:20,1,961,2,9,Foreign,7,4.99,22.99,Edith Mcdonald
5506,2005-07-10 00:45:48,2432,117,2005-07-18 20:35:48,2,531,1,9,Foreign,3,0.99,18.99,Edith Mcdonald
1114,2005-05-31 16:00:33,2287,117,2005-06-01 19:05:33,1,496,1,16,Travel,3,0.99,10.99,Edith Mcdonald
8687,2005-07-29 16:19:17,222,117,2005-08-01 15:28:17,1,50,1,8,Family,3,2.99,20.99,Edith Mcdonald
3218,2005-06-21 01:38:09,1828,117,2005-06-23 02:00:09,1,397,1,14,Sci-Fi,5,2.99,26.99,Edith Mcdonald
1755,2005-06-16 17:18:44,1721,117,2005-06-17 16:54:44,1,375,1,1,Action,4,2.99,17.99,Edith Mcdonald
700,2005-05-29 02:18:54,500,117,2005-05-30 05:54:54,1,111,2,1,Action,3,0.99,17.99,Edith Mcdonald
6093,2005-07-11 05:52:50,1868,117,2005-07-20 11:45:50,1,408,1,10,Games,4,4.99,28.99,Edith Mcdonald
5673,2005-07-10 08:21:54,4018,117,2005-07-11 05:54:54,2,875,2,15,Sports,6,0.99,9.99,Edith Mcdonald
995,2005-05-31 00:06:02,17,150,2005-06-06 02:30:02,2,4,1,11,Horror,5,2.99,26.99,Danielle Daniels
6633,2005-07-12 09:35:42,2908,150,2005-07-13 12:56:42,2,638,2,5,Comedy,7,2.99,23.99,Danielle Daniels
7690,2005-07-28 03:26:21,1076,150,2005-07-29 00:08:21,1,239,2,2,Animation,5,4.99,16.99,Danielle Daniels
10686,2005-08-01 17:51:21,2542,150,2005-08-03 19:01:21,1,557,2,8,Family,5,2.99,27.99,Danielle Daniels
3456,2005-06-21 21:19:47,1119,150,2005-06-28 18:18:47,2,248,2,6,Documentary,6,4.99,20.99,Danielle Daniels
4271,2005-07-07 14:38:52,533,150,2005-07-15 12:05:52,1,117,1,10,Games,6,4.99,15.99,Danielle Daniels
609,2005-05-28 15:04:02,2944,150,2005-06-05 14:47:02,2,646,2,10,Games,6,0.99,12.99,Danielle Daniels
3187,2005-06-20 23:06:07,4357,150,2005-06-27 01:14:07,2,949,2,10,Games,6,0.99,27.99,Danielle Daniels
9121,2005-07-30 09:36:26,3098,150,2005-08-05 15:17:26,2,681,1,15,Sports,4,0.99,20.99,Danielle Daniels
422,2005-05-27 15:31:55,1152,150,2005-06-01 11:47:55,2,254,2,15,Sports,4,2.99,11.99,Danielle Daniels
9359,2005-07-30 18:39:28,21,501,2005-07-31 15:39:28,1,4,2,11,Horror,5,2.99,26.99,Ruben Geary
3222,2005-06-21 01:50:29,4023,501,2005-06-27 00:52:29,2,876,1,11,Horror,3,2.99,11.99,Ruben Geary
6095,2005-07-11 06:06:41,727,501,2005-07-19 06:14:41,1,159,1,5,Comedy,5,4.99,12.99,Ruben Geary
5520,2005-07-10 01:30:41,2527,501,2005-07-15 21:37:41,2,555,1,5,Comedy,4,0.99,25.99,Ruben Geary
10817,2005-08-01 22:51:08,3056,501,2005-08-10 16:55:08,2,672,1,5,Comedy,7,2.99,17.99,Ruben Geary
3412,2005-06-21 16:44:31,3036,501,2005-06-28 16:15:31,2,666,1,7,Drama,4,4.99,27.99,Ruben Geary
493,2005-05-28 00:34:11,184,501,2005-05-30 18:40:11,1,40,2,6,Documentary,4,0.99,22.99,Ruben Geary
7456,2005-07-27 18:34:53,1959,501,2005-07-29 17:46:53,2,427,1,6,Documentary,5,0.99,19.99,Ruben Geary
8529,2005-07-29 10:24:31,1055,501,2005-08-01 16:06:31,1,235,1,14,Sci-Fi,6,2.99,13.99,Ruben Geary
8021,2005-07-28 15:45:24,1920,501,2005-08-04 10:49:24,1,417,1,1,Action,5,0.99,29.99,Ruben Geary
3541,2005-07-06 01:50:11,1204,501,2005-07-12 03:24:11,1,267,2,13,New,4,4.99,14.99,Ruben Geary
3723,2005-07-06 11:12:02,4554,501,2005-07-14 16:45:02,2,994,1,13,New,6,4.99,29.99,Ruben Geary
4769,2005-07-08 15:29:16,3462,501,2005-07-09 18:42:16,2,759,2,13,New,4,2.99,29.99,Ruben Geary
605,2005-05-28 14:39:10,4232,501,2005-06-01 09:28:10,2,920,1,13,New,3,0.99,16.99,Ruben Geary
5550,2005-07-10 02:58:35,1905,254,2005-07-16 02:38:35,2,415,1,11,Horror,3,2.99,23.99,Maxine Silva
8216,2005-07-28 23:43:59,2211,254,2005-08-06 05:05:59,1,478,2,5,Comedy,4,2.99,10.99,Maxine Silva
2687,2005-06-19 12:46:52,3152,254,2005-06-23 06:58:52,2,692,2,2,Animation,3,2.99,10.99,Maxine Silva
8581,2005-07-29 12:02:06,2102,254,2005-08-02 10:32:06,2,456,2,2,Animation,6,4.99,18.99,Maxine Silva
5042,2005-07-09 03:20:30,3609,254,2005-07-15 07:22:30,1,789,1,9,Foreign,7,2.99,15.99,Maxine Silva
3882,2005-07-06 18:38:21,788,254,2005-07-09 14:55:21,1,172,2,7,Drama,7,4.99,12.99,Maxine Silva
10522,2005-08-01 11:48:51,4159,254,2005-08-05 12:40:51,1,903,2,16,Travel,5,4.99,13.99,Maxine Silva
7413,2005-07-27 16:45:40,2909,254,2005-07-31 12:02:40,1,639,2,8,Family,7,4.99,9.99,Maxine Silva
9494,2005-07-30 23:52:46,3799,254,2005-08-05 23:13:46,2,832,1,8,Family,5,0.99,16.99,Maxine Silva
2138,2005-06-17 21:28:14,512,254,2005-06-22 01:16:14,2,114,1,14,Sci-Fi,3,0.99,26.99,Maxine Silva
5826,2005-07-10 16:21:02,4104,254,2005-07-17 21:08:02,1,893,1,14,Sci-Fi,4,4.99,11.99,Maxine Silva
1285,2005-06-15 08:33:06,1054,254,2005-06-19 07:36:06,1,234,2,14,Sci-Fi,6,2.99,27.99,Maxine Silva
5080,2005-07-09 05:23:55,635,254,2005-07-11 05:56:55,2,138,2,14,Sci-Fi,5,2.99,29.99,Maxine Silva
1390,2005-06-15 16:06:29,4502,254,2005-06-19 13:11:29,1,982,2,1,Action,4,0.99,23.99,Maxine Silva
5072,2005-07-09 05:01:58,94,254,2005-07-18 08:17:58,2,19,1,1,Action,6,0.99,20.99,Maxine Silva
5537,2005-07-10 02:35:41,1781,254,2005-07-13 07:11:41,2,387,2,10,Games,7,0.99,27.99,Maxine Silva
5930,2005-07-10 21:59:32,2338,254,2005-07-11 18:40:32,2,508,2,10,Games,6,4.99,18.99,Maxine Silva
183,2005-05-26 05:01:18,2877,254,2005-06-01 09:04:18,1,631,1,15,Sports,4,0.99,11.99,Maxine Silva
7011,2005-07-27 01:58:34,4082,254,2005-07-28 06:11:34,1,890,1,15,Sports,5,0.99,14.99,Maxine Silva
2082,2005-06-17 17:13:32,434,254,2005-06-19 16:16:32,1,96,1,13,New,4,2.99,21.99,Maxine Silva
1108,2005-05-31 15:05:12,2562,254,2005-06-09 19:48:12,2,561,1,13,New,6,2.99,26.99,Maxine Silva
2095,2005-06-17 18:21:35,1907,8,2005-06-23 23:49:35,2,415,1,11,Horror,3,2.99,23.99,Susan Wilson
8809,2005-07-29 21:42:49,3278,8,2005-08-04 01:13:49,1,722,2,11,Horror,5,0.99,26.99,Susan Wilson
4409,2005-07-07 21:47:29,3153,8,2005-07-11 20:14:29,2,692,2,2,Animation,3,2.99,10.99,Susan Wilson
6375,2005-07-11 21:39:46,1936,8,2005-07-18 02:12:46,2,421,2,9,Foreign,7,4.99,10.99,Susan Wilson
6647,2005-07-12 10:43:53,1841,8,2005-07-14 05:37:53,1,401,1,7,Drama,6,0.99,10.99,Susan Wilson
3114,2005-06-20 17:57:47,2388,8,2005-06-21 19:18:47,2,521,1,7,Drama,7,4.99,28.99,Susan Wilson
4003,2005-07-07 00:09:02,4054,8,2005-07-08 04:27:02,1,882,1,7,Drama,4,0.99,24.99,Susan Wilson
3475,2005-07-05 23:01:21,2189,8,2005-07-13 23:07:21,2,473,2,7,Drama,5,2.99,16.99,Susan Wilson
9629,2005-07-31 04:54:43,2773,8,2005-08-02 08:36:43,1,609,1,16,Travel,7,2.99,23.99,Susan Wilson
10141,2005-07-31 22:08:29,8,8,2005-08-06 16:59:29,1,1,2,6,Documentary,6,0.99,20.99,Susan Wilson
4503,2005-07-08 02:17:12,1503,8,2005-07-13 08:12:12,1,329,1,1,Action,4,2.99,15.99,Susan Wilson
1305,2005-06-15 09:59:16,187,8,2005-06-19 09:48:16,2,42,2,15,Sports,5,2.99,10.99,Susan Wilson
866,2005-05-30 03:43:54,2867,8,2005-06-08 04:28:54,1,628,2,15,Sports,5,2.99,24.99,Susan Wilson
10561,2005-08-01 13:05:35,2195,8,2005-08-04 08:34:35,2,474,2,15,Sports,6,2.99,21.99,Susan Wilson
4175,2005-07-07 10:02:03,1979,8,2005-07-10 06:09:03,2,432,1,4,Classics,4,2.99,22.99,Susan Wilson
5300,2005-07-09 15:40:46,2520,8,2005-07-15 13:46:46,1,554,1,4,Classics,6,2.99,22.99,Susan Wilson
5341,2005-07-09 17:13:23,2522,8,2005-07-14 18:11:23,2,554,2,4,Classics,6,2.99,22.99,Susan Wilson
4356,2005-07-07 19:21:22,1907,318,2005-07-16 15:57:22,1,415,1,11,Horror,3,2.99,23.99,Brian Wyman
3974,2005-07-06 22:59:16,4282,318,2005-07-11 22:30:16,1,932,1,5,Comedy,3,0.99,21.99,Brian Wyman
2643,2005-06-19 09:39:27,1928,318,2005-06-26 10:27:27,2,418,2,7,Drama,5,0.99,27.99,Brian Wyman
7853,2005-07-28 09:36:38,4053,318,2005-07-29 15:01:38,1,882,1,7,Drama,4,0.99,24.99,Brian Wyman
3376,2005-06-21 13:43:02,3055,318,2005-06-28 18:07:02,1,670,2,6,Documentary,4,4.99,17.99,Brian Wyman
10023,2005-07-31 18:25:51,384,318,2005-08-09 18:00:51,1,85,2,6,Documentary,4,0.99,29.99,Brian Wyman
3337,2005-06-21 10:24:35,1176,318,2005-06-22 13:51:35,1,261,1,6,Documentary,5,0.99,13.99,Brian Wyman
3732,2005-07-06 11:33:37,106,318,2005-07-08 08:31:37,1,21,2,1,Action,3,4.99,17.99,Brian Wyman
7649,2005-07-28 01:37:26,2704,318,2005-07-28 21:18:26,1,594,1,1,Action,6,0.99,22.99,Brian Wyman
2634,2005-06-19 08:55:17,3687,318,2005-06-20 11:44:17,2,806,2,13,New,4,2.99,25.99,Brian Wyman
224,2005-05-26 10:18:27,4285,318,2005-06-04 06:59:27,1,933,1,13,New,4,4.99,11.99,Brian Wyman
7039,2005-07-27 03:11:48,1906,99,2005-08-01 23:55:48,1,415,1,11,Horror,3,2.99,23.99,Emily Diaz
1858,2005-06-17 01:13:11,3200,99,2005-06-18 21:33:11,2,703,2,2,Animation,6,4.99,18.99,Emily Diaz
5748,2005-07-10 12:19:59,1618,99,2005-07-12 12:59:59,1,353,2,9,Foreign,6,2.99,22.99,Emily Diaz
8514,2005-07-29 09:53:33,3755,99,2005-07-30 06:34:33,2,821,2,9,Foreign,6,0.99,17.99,Emily Diaz
4170,2005-07-07 09:44:36,2665,99,2005-07-13 14:10:36,1,585,2,7,Drama,4,0.99,25.99,Emily Diaz
3780,2005-07-06 13:52:02,1209,99,2005-07-15 08:41:02,2,269,1,8,Family,3,0.99,22.99,Emily Diaz
6370,2005-07-11 21:28:32,1410,99,2005-07-20 02:51:32,2,309,1,8,Family,6,0.99,29.99,Emily Diaz
6289,2005-07-11 17:06:39,3185,99,2005-07-12 15:54:39,2,698,2,6,Documentary,3,2.99,29.99,Emily Diaz
10388,2005-08-01 06:42:44,3180,99,2005-08-09 11:43:44,2,698,1,6,Documentary,3,2.99,29.99,Emily Diaz
4800,2005-07-08 16:51:08,1940,99,2005-07-13 14:16:08,2,422,2,14,Sci-Fi,7,4.99,25.99,Emily Diaz
2368,2005-06-18 14:10:27,1058,99,2005-06-23 10:49:27,1,235,2,14,Sci-Fi,6,2.99,13.99,Emily Diaz
8072,2005-07-28 17:27:59,2347,99,2005-07-30 19:08:59,1,511,1,1,Action,7,0.99,23.99,Emily Diaz
8242,2005-07-29 00:34:27,509,99,2005-08-05 23:13:27,2,113,2,15,Sports,4,4.99,19.99,Emily Diaz
5035,2005-07-09 02:51:34,3699,99,2005-07-16 21:38:34,1,809,2,15,Sports,5,0.99,14.99,Emily Diaz
4344,2005-07-07 18:50:47,1185,99,2005-07-12 16:38:47,2,263,2,15,Sports,6,4.99,14.99,Emily Diaz
6662,2005-07-12 11:21:06,1464,99,2005-07-13 13:00:06,1,320,2,13,New,4,4.99,28.99,Emily Diaz
10455,2005-08-01 09:15:00,4197,99,2005-08-05 13:35:00,1,913,1,13,New,3,0.99,20.99,Emily Diaz
4954,2005-07-08 23:14:16,627,99,2005-07-14 23:23:16,2,136,1,13,New,7,2.99,26.99,Emily Diaz
867,2005-05-30 03:54:43,3389,99,2005-06-01 22:59:43,1,744,1,4,Classics,4,0.99,23.99,Emily Diaz
4589,2005-07-08 06:26:04,1192,99,2005-07-09 10:31:04,2,266,1,4,Classics,4,0.99,27.99,Emily Diaz
7038,2005-07-27 03:07:29,1909,518,2005-07-31 04:55:29,2,415,2,11,Horror,3,2.99,23.99,Gabriel Harder
10751,2005-08-01 20:06:10,3257,518,2005-08-10 22:36:10,2,716,2,11,Horror,6,2.99,26.99,Gabriel Harder
8397,2005-07-29 06:09:35,3542,518,2005-08-01 02:08:35,1,774,1,5,Comedy,3,2.99,22.99,Gabriel Harder
4948,2005-07-08 22:54:21,2972,518,2005-07-17 03:52:21,2,651,2,2,Animation,3,0.99,20.99,Gabriel Harder
7382,2005-07-27 15:43:15,356,518,2005-07-28 11:18:15,2,78,2,2,Animation,7,2.99,12.99,Gabriel Harder
7657,2005-07-28 02:09:00,2319,518,2005-08-04 21:44:00,1,504,1,7,Drama,5,0.99,25.99,Gabriel Harder
7154,2005-07-27 07:16:17,2019,518,2005-07-28 04:04:17,2,439,1,7,Drama,4,4.99,28.99,Gabriel Harder
1552,2005-06-16 02:01:37,819,518,2005-06-21 00:59:37,2,179,1,7,Drama,4,4.99,14.99,Gabriel Harder
710,2005-05-29 03:48:36,194,518,2005-06-03 05:03:36,1,43,2,8,Family,6,2.99,15.99,Gabriel Harder
3311,2005-06-21 08:05:27,3438,518,2005-06-22 06:51:27,2,753,2,8,Family,3,0.99,20.99,Gabriel Harder
3652,2005-07-06 07:44:30,1231,518,2005-07-08 04:41:30,1,273,1,8,Family,6,0.99,14.99,Gabriel Harder
6652,2005-07-12 10:59:38,2200,518,2005-07-13 13:52:38,1,476,1,8,Family,5,2.99,9.99,Gabriel Harder
4029,2005-07-07 02:19:44,4075,518,2005-07-15 02:30:44,2,888,1,6,Documentary,5,4.99,9.99,Gabriel Harder
7839,2005-07-28 09:01:13,914,518,2005-08-04 11:46:13,1,203,2,14,Sci-Fi,5,4.99,9.99,Gabriel Harder
4661,2005-07-08 09:55:06,2641,518,2005-07-11 08:26:06,1,579,1,1,Action,3,4.99,22.99,Gabriel Harder
6957,2005-07-27 00:00:00,2231,518,2005-07-29 19:32:00,2,483,1,10,Games,3,2.99,29.99,Gabriel Harder
8107,2005-07-28 19:03:16,1318,518,2005-08-05 17:18:16,2,291,1,15,Sports,5,0.99,10.99,Gabriel Harder
1579,2005-06-16 04:09:08,158,35,2005-06-21 05:21:08,2,34,2,11,Horror,6,0.99,29.99,Virginia Green
5013,2005-07-09 01:46:45,3000,35,2005-07-16 06:57:45,1,658,2,11,Horror,7,2.99,19.99,Virginia Green
47,2005-05-25 06:05:20,2211,35,2005-05-30 03:04:20,1,478,2,5,Comedy,4,2.99,10.99,Virginia Green
3112,2005-06-20 17:53:30,3725,35,2005-06-26 16:03:30,1,814,2,5,Comedy,6,4.99,15.99,Virginia Green
6147,2005-07-11 09:13:08,910,35,2005-07-17 03:48:08,1,202,1,5,Comedy,5,4.99,26.99,Virginia Green
5916,2005-07-10 21:26:31,2267,35,2005-07-19 20:23:31,1,489,2,2,Animation,4,0.99,14.99,Virginia Green
2231,2005-06-18 03:52:14,2280,35,2005-06-23 06:52:14,1,493,2,9,Foreign,5,0.99,18.99,Virginia Green
2229,2005-06-18 03:50:18,2840,35,2005-06-26 07:16:18,2,623,2,9,Foreign,4,0.99,9.99,Virginia Green
9579,2005-07-31 02:59:20,3547,35,2005-08-06 03:52:20,2,775,2,7,Drama,4,4.99,18.99,Virginia Green
424,2005-05-27 15:34:01,2815,35,2005-06-05 09:44:01,1,618,2,7,Drama,3,0.99,21.99,Virginia Green
6565,2005-07-12 05:39:50,2751,35,2005-07-13 01:07:50,2,603,1,8,Family,6,4.99,27.99,Virginia Green
4990,2005-07-09 00:48:49,3305,35,2005-07-10 06:36:49,2,727,2,8,Family,6,0.99,12.99,Virginia Green
7140,2005-07-27 06:54:12,2028,35,2005-08-03 10:36:12,2,441,1,6,Documentary,5,2.99,21.99,Virginia Green
2743,2005-06-19 16:15:56,2611,35,2005-06-23 12:30:56,1,572,2,14,Sci-Fi,4,2.99,9.99,Virginia Green
1989,2005-06-17 10:47:24,634,35,2005-06-19 05:12:24,1,138,1,14,Sci-Fi,5,2.99,29.99,Virginia Green
6401,2005-07-11 22:44:34,1427,35,2005-07-12 22:18:34,2,312,2,14,Sci-Fi,4,4.99,20.99,Virginia Green
5323,2005-07-09 16:34:07,1302,35,2005-07-13 21:37:07,1,287,2,1,Action,5,0.99,19.99,Virginia Green
9033,2005-07-30 06:07:42,3416,35,2005-08-05 01:18:42,1,748,2,1,Action,4,0.99,16.99,Virginia Green
8822,2005-07-29 22:20:21,744,35,2005-08-06 03:00:21,2,162,2,1,Action,4,2.99,13.99,Virginia Green
4098,2005-07-07 06:14:51,2865,35,2005-07-14 06:51:51,2,628,1,15,Sports,5,2.99,24.99,Virginia Green
8971,2005-07-30 04:03:58,3572,35,2005-08-08 04:16:58,2,782,1,15,Sports,6,2.99,26.99,Virginia Green
3597,2005-07-06 05:03:59,4080,35,2005-07-13 06:49:59,2,890,1,15,Sports,5,0.99,14.99,Virginia Green
6572,2005-07-12 05:56:38,3121,35,2005-07-16 10:41:38,1,686,1,13,New,5,4.99,9.99,Virginia Green
5963,2005-07-10 23:47:08,4434,35,2005-07-12 04:27:08,1,970,1,4,Classics,7,0.99,11.99,Virginia Green
1881,2005-06-17 03:09:56,159,134,2005-06-18 01:49:56,1,34,2,11,Horror,6,0.99,29.99,Emma Boyd
1124,2005-05-31 16:49:34,4560,134,2005-06-04 19:32:34,2,995,1,11,Horror,5,4.99,11.99,Emma Boyd
6659,2005-07-12 11:18:05,2285,134,2005-07-16 16:45:05,2,494,2,11,Horror,4,0.99,21.99,Emma Boyd
1784,2005-06-16 19:25:32,3792,134,2005-06-20 00:00:32,2,830,2,11,Horror,7,0.99,23.99,Emma Boyd
3267,2005-06-21 04:55:21,1118,134,2005-06-29 23:46:21,1,247,2,5,Comedy,3,0.99,19.99,Emma Boyd
5315,2005-07-09 16:09:19,585,134,2005-07-14 21:10:19,1,127,2,5,Comedy,5,4.99,14.99,Emma Boyd
798,2005-05-29 17:23:43,1102,134,2005-06-01 13:06:43,2,245,1,2,Animation,4,0.99,28.99,Emma Boyd
6226,2005-07-11 13:48:11,2758,134,2005-07-15 17:18:11,2,605,2,9,Foreign,7,2.99,13.99,Emma Boyd
7965,2005-07-28 13:52:57,3671,134,2005-07-29 14:54:57,1,803,2,7,Drama,7,4.99,29.99,Emma Boyd
366,2005-05-27 07:33:54,360,134,2005-06-04 01:55:54,2,79,1,7,Drama,5,0.99,10.99,Emma Boyd
8650,2005-07-29 14:59:04,1272,134,2005-08-04 13:13:04,2,282,1,7,Drama,5,0.99,20.99,Emma Boyd
1618,2005-06-16 07:08:38,3741,134,2005-06-25 05:26:38,2,818,1,7,Drama,4,4.99,17.99,Emma Boyd
814,2005-05-29 20:16:12,1572,134,2005-06-07 17:47:12,1,345,1,8,Family,3,0.99,17.99,Emma Boyd
10864,2005-08-02 00:18:59,1694,134,2005-08-08 22:20:59,1,369,2,14,Sci-Fi,4,4.99,22.99,Emma Boyd
7516,2005-07-27 20:55:28,2178,134,2005-07-30 00:50:28,1,471,1,4,Classics,7,2.99,23.99,Emma Boyd
10670,2005-08-01 17:07:16,156,512,2005-08-10 11:46:16,2,34,2,11,Horror,6,0.99,29.99,Cecil Vines
10232,2005-08-01 01:50:55,586,512,2005-08-03 04:12:55,1,127,2,5,Comedy,5,4.99,14.99,Cecil Vines
7219,2005-07-27 09:35:36,4046,512,2005-07-29 04:44:36,1,880,2,2,Animation,6,2.99,9.99,Cecil Vines
7715,2005-07-28 04:32:38,3210,512,2005-08-05 00:37:38,2,705,1,9,Foreign,4,2.99,9.99,Cecil Vines
8868,2005-07-30 00:02:26,1229,512,2005-08-01 22:28:26,2,272,1,7,Drama,5,4.99,9.99,Cecil Vines
5813,2005-07-10 15:34:37,942,512,2005-07-17 16:14:37,2,209,1,7,Drama,6,2.99,24.99,Cecil Vines
7507,2005-07-27 20:31:48,3618,512,2005-08-02 17:27:48,1,790,1,7,Drama,6,0.99,22.99,Cecil Vines
4799,2005-07-08 16:49:27,4112,512,2005-07-12 19:58:27,2,894,2,16,Travel,6,0.99,23.99,Cecil Vines
5064,2005-07-09 04:38:51,373,512,2005-07-18 00:33:51,2,82,1,8,Family,3,0.99,13.99,Cecil Vines
4752,2005-07-08 14:15:20,3250,512,2005-07-12 13:22:20,1,715,2,8,Family,3,4.99,25.99,Cecil Vines
9055,2005-07-30 07:13:07,634,512,2005-08-01 12:18:07,1,138,1,14,Sci-Fi,5,2.99,29.99,Cecil Vines
2364,2005-06-18 13:37:32,2856,512,2005-06-23 14:18:32,1,625,2,14,Sci-Fi,3,0.99,18.99,Cecil Vines
2029,2005-06-17 13:10:59,914,512,2005-06-19 18:15:59,1,203,2,14,Sci-Fi,5,4.99,9.99,Cecil Vines
1176,2005-06-15 00:28:37,2715,512,2005-06-21 21:42:37,1,596,1,10,Games,4,4.99,25.99,Cecil Vines
6679,2005-07-12 12:01:07,3664,586,2005-07-14 11:36:07,1,800,2,11,Horror,7,2.99,19.99,Kirk Stclair
9896,2005-07-31 14:09:48,2591,586,2005-08-01 20:02:48,1,569,1,2,Animation,7,2.99,18.99,Kirk Stclair
5382,2005-07-09 19:12:57,78,586,2005-07-14 15:44:57,1,16,1,9,Foreign,6,2.99,23.99,Kirk Stclair
1540,2005-06-16 01:14:56,2707,586,2005-06-20 23:31:56,2,595,1,9,Foreign,7,0.99,20.99,Kirk Stclair
900,2005-05-30 09:38:41,3543,586,2005-06-07 11:54:41,1,775,1,7,Drama,4,4.99,18.99,Kirk Stclair
11034,2005-08-02 05:54:53,2939,586,2005-08-09 04:14:53,1,645,2,16,Travel,7,2.99,18.99,Kirk Stclair
1260,2005-06-15 06:42:25,330,586,2005-06-16 10:44:25,2,73,2,14,Sci-Fi,5,2.99,22.99,Kirk Stclair
3733,2005-07-06 11:33:55,3242,586,2005-07-09 10:08:55,2,711,2,14,Sci-Fi,4,4.99,18.99,Kirk Stclair
138,2005-05-25 22:48:22,4134,586,2005-05-29 20:21:22,2,898,1,15,Sports,4,4.99,18.99,Kirk Stclair
9786,2005-07-31 10:25:21,2560,586,2005-08-03 04:28:21,1,561,1,13,New,6,2.99,26.99,Kirk Stclair
3487,2005-07-05 23:30:36,1575,586,2005-07-11 04:00:36,1,346,1,4,Classics,4,4.99,13.99,Kirk Stclair
669,2005-05-28 22:03:25,3677,313,2005-06-03 03:39:25,1,804,2,11,Horror,7,4.99,13.99,Donald Mahon
10933,2005-08-02 02:50:49,3970,313,2005-08-08 04:39:49,1,865,1,2,Animation,3,4.99,19.99,Donald Mahon
781,2005-05-29 14:23:58,88,313,2005-05-30 17:44:58,1,18,1,2,Animation,6,0.99,27.99,Donald Mahon
2711,2005-06-19 14:12:22,3944,313,2005-06-21 09:29:22,1,859,2,2,Animation,3,4.99,20.99,Donald Mahon
1312,2005-06-15 10:16:27,3608,313,2005-06-20 06:53:27,1,789,1,9,Foreign,7,2.99,15.99,Donald Mahon
8970,2005-07-30 04:02:05,2940,313,2005-08-07 03:40:05,2,645,2,16,Travel,7,2.99,18.99,Donald Mahon
843,2005-05-30 00:44:24,2214,313,2005-05-31 00:58:24,2,479,1,8,Family,7,0.99,12.99,Donald Mahon
5255,2005-07-09 13:51:08,4418,313,2005-07-17 13:58:08,2,966,2,6,Documentary,3,0.99,14.99,Donald Mahon
9836,2005-07-31 12:12:00,2870,313,2005-08-09 06:53:00,1,629,2,6,Documentary,7,0.99,9.99,Donald Mahon
712,2005-05-29 04:02:24,4191,313,2005-05-30 03:09:24,2,912,1,14,Sci-Fi,3,2.99,9.99,Donald Mahon
4552,2005-07-08 04:36:35,2549,313,2005-07-14 05:48:35,2,559,1,14,Sci-Fi,7,2.99,22.99,Donald Mahon
7294,2005-07-27 12:38:14,487,313,2005-07-30 13:01:14,1,109,1,13,New,3,0.99,17.99,Donald Mahon
6384,2005-07-11 22:07:26,491,313,2005-07-16 22:39:26,1,109,2,13,New,3,0.99,17.99,Donald Mahon
2617,2005-06-19 07:48:31,204,313,2005-06-27 11:56:31,1,45,1,13,New,5,4.99,14.99,Donald Mahon
10237,2005-08-01 02:07:32,432,313,2005-08-07 03:54:32,1,95,2,13,New,5,4.99,18.99,Donald Mahon
8381,2005-07-29 05:31:44,865,313,2005-07-31 09:20:44,1,190,2,4,Classics,5,4.99,23.99,Donald Mahon
4133,2005-07-07 08:12:26,3672,488,2005-07-16 03:43:26,1,804,1,11,Horror,7,4.99,13.99,Shane Millard
9537,2005-07-31 01:23:00,546,488,2005-08-01 01:16:00,2,119,1,5,Comedy,6,0.99,22.99,Shane Millard
9083,2005-07-30 08:14:27,456,488,2005-08-07 14:02:27,1,100,2,9,Foreign,7,4.99,21.99,Shane Millard
10474,2005-08-01 10:01:42,4482,488,2005-08-08 12:32:42,1,979,2,7,Drama,6,4.99,10.99,Shane Millard
4233,2005-07-07 13:00:20,1849,488,2005-07-13 16:37:20,1,403,1,7,Drama,5,4.99,18.99,Shane Millard
10767,2005-08-01 20:37:23,2875,488,2005-08-04 23:15:23,2,630,2,7,Drama,7,0.99,19.99,Shane Millard
8005,2005-07-28 15:15:11,670,488,2005-07-29 14:54:11,1,146,1,7,Drama,6,2.99,24.99,Shane Millard
9532,2005-07-31 01:16:51,1309,488,2005-08-01 20:23:51,1,288,2,16,Travel,7,2.99,20.99,Shane Millard
8064,2005-07-28 17:15:38,3788,488,2005-08-04 18:04:38,2,829,2,8,Family,7,2.99,12.99,Shane Millard
5141,2005-07-09 08:05:14,590,488,2005-07-18 04:36:14,1,129,1,6,Documentary,3,2.99,16.99,Shane Millard
6548,2005-07-12 05:00:46,2480,488,2005-07-19 04:40:46,2,544,1,6,Documentary,4,2.99,11.99,Shane Millard
1704,2005-06-16 13:45:56,4425,488,2005-06-24 18:12:56,1,967,2,14,Sci-Fi,5,2.99,26.99,Shane Millard
1655,2005-06-16 09:51:39,3693,488,2005-06-23 14:53:39,2,807,2,10,Games,4,0.99,25.99,Shane Millard
8050,2005-07-28 16:55:47,1864,488,2005-08-02 13:20:47,1,406,2,10,Games,5,0.99,22.99,Shane Millard
7373,2005-07-27 15:19:33,3074,488,2005-08-04 10:45:33,1,676,2,15,Sports,7,4.99,16.99,Shane Millard
9454,2005-07-30 22:20:09,3028,81,2005-08-04 01:33:09,2,665,1,11,Horror,4,2.99,22.99,Andrea Henderson
7130,2005-07-27 06:23:36,420,81,2005-07-28 10:23:36,1,92,1,11,Horror,7,4.99,19.99,Andrea Henderson
5468,2005-07-09 23:06:09,2196,81,2005-07-13 00:48:09,1,475,2,11,Horror,6,0.99,29.99,Andrea Henderson
3229,2005-06-21 02:20:41,2301,81,2005-06-26 00:39:41,1,500,2,9,Foreign,5,4.99,11.99,Andrea Henderson
289,2005-05-26 20:01:09,2449,81,2005-05-28 15:09:09,1,534,2,8,Family,5,0.99,18.99,Andrea Henderson
7709,2005-07-28 04:22:14,3800,81,2005-07-31 09:18:14,2,832,1,8,Family,5,0.99,16.99,Andrea Henderson
2854,2005-06-19 23:11:48,4453,81,2005-06-23 19:37:48,2,973,1,6,Documentary,3,4.99,27.99,Andrea Henderson
10456,2005-08-01 09:17:21,4339,81,2005-08-06 10:30:21,1,945,2,6,Documentary,5,0.99,22.99,Andrea Henderson
2714,2005-06-19 14:26:09,2853,81,2005-06-23 17:24:09,2,625,2,14,Sci-Fi,3,0.99,18.99,Andrea Henderson
3879,2005-07-06 18:31:20,1376,81,2005-07-09 19:03:20,2,302,2,10,Games,5,2.99,29.99,Andrea Henderson
4983,2005-07-09 00:34:16,1469,81,2005-07-17 03:21:16,2,321,1,13,New,3,4.99,21.99,Andrea Henderson
997,2005-05-31 00:08:25,4243,216,2005-06-02 00:17:25,2,922,2,11,Horror,7,4.99,22.99,Natalie Meyer
9096,2005-07-30 08:39:23,540,216,2005-08-01 03:33:23,1,118,1,2,Animation,7,0.99,26.99,Natalie Meyer
1461,2005-06-15 20:32:08,4479,216,2005-06-23 01:08:08,1,979,1,7,Drama,6,4.99,10.99,Natalie Meyer
6008,2005-07-11 01:51:29,1227,216,2005-07-18 01:39:29,1,272,1,7,Drama,5,4.99,9.99,Natalie Meyer
6349,2005-07-11 20:25:05,1581,216,2005-07-21 00:35:05,2,347,1,16,Travel,7,4.99,17.99,Natalie Meyer
1672,2005-06-16 10:37:34,4206,216,2005-06-23 05:30:34,1,914,2,16,Travel,6,2.99,13.99,Natalie Meyer
11005,2005-08-02 05:05:23,1547,216,2005-08-07 23:28:23,2,339,2,16,Travel,5,0.99,17.99,Natalie Meyer
3432,2005-06-21 19:02:03,1814,216,2005-06-25 00:57:03,2,394,1,14,Sci-Fi,7,2.99,21.99,Natalie Meyer
2351,2005-06-18 12:27:57,2942,216,2005-06-23 16:14:57,1,646,1,10,Games,6,0.99,12.99,Natalie Meyer
8068,2005-07-28 17:22:28,209,216,2005-07-29 12:24:28,2,46,2,10,Games,3,4.99,13.99,Natalie Meyer
4161,2005-07-07 09:15:11,4021,216,2005-07-15 06:59:11,1,875,2,15,Sports,6,0.99,9.99,Natalie Meyer
10506,2005-08-01 11:16:05,1171,216,2005-08-03 05:37:05,2,260,2,15,Sports,3,4.99,9.99,Natalie Meyer
1664,2005-06-16 10:15:20,2464,216,2005-06-18 12:11:20,2,538,2,13,New,7,0.99,19.99,Natalie Meyer
8859,2005-07-29 23:44:43,603,216,2005-08-07 18:14:43,2,131,1,4,Classics,5,4.99,12.99,Natalie Meyer
9992,2005-07-31 17:29:48,4242,304,2005-08-09 13:02:48,2,922,2,11,Horror,7,4.99,22.99,David Royal
8055,2005-07-28 17:02:32,4162,304,2005-07-31 22:05:32,2,904,1,11,Horror,3,4.99,26.99,David Royal
6737,2005-07-12 14:16:52,315,304,2005-07-18 19:48:52,1,70,2,2,Animation,7,4.99,26.99,David Royal
10631,2005-08-01 15:35:14,2712,304,2005-08-03 10:48:14,1,595,2,9,Foreign,7,0.99,20.99,David Royal
1414,2005-06-15 17:26:32,4005,304,2005-06-22 22:30:32,1,872,2,16,Travel,3,2.99,27.99,David Royal
9930,2005-07-31 15:18:03,4491,304,2005-08-01 12:36:03,2,981,1,16,Travel,7,0.99,13.99,David Royal
6107,2005-07-11 07:07:09,3798,304,2005-07-14 07:32:09,2,832,1,8,Family,5,0.99,16.99,David Royal
5795,2005-07-10 14:36:29,3958,304,2005-07-14 13:26:29,1,863,1,14,Sci-Fi,5,0.99,9.99,David Royal
937,2005-05-30 14:47:31,1054,304,2005-06-05 09:53:31,2,234,2,14,Sci-Fi,6,2.99,27.99,David Royal
4812,2005-07-08 17:07:11,3281,304,2005-07-17 21:03:11,2,723,1,14,Sci-Fi,3,2.99,29.99,David Royal
135,2005-05-25 21:58:58,103,304,2005-06-03 17:50:58,1,21,1,1,Action,3,4.99,17.99,David Royal
2039,2005-06-17 14:03:43,1514,304,2005-06-24 09:21:43,1,331,1,10,Games,6,2.99,25.99,David Royal
415,2005-05-27 14:51:45,3698,304,2005-05-28 19:07:45,2,809,2,15,Sports,5,0.99,14.99,David Royal
5712,2005-07-10 10:40:32,3480,304,2005-07-12 11:45:32,1,763,1,15,Sports,3,4.99,26.99,David Royal
5749,2005-07-10 12:20:36,1768,304,2005-07-19 10:39:36,1,383,2,15,Sports,6,0.99,13.99,David Royal
4466,2005-07-08 00:12:53,3320,304,2005-07-17 03:49:53,2,730,2,13,New,3,0.99,28.99,David Royal
1525,2005-06-16 00:26:07,1467,304,2005-06-19 22:37:07,2,321,1,13,New,3,4.99,21.99,David Royal
5411,2005-07-09 20:23:38,4292,304,2005-07-16 01:17:38,2,935,2,13,New,5,0.99,17.99,David Royal
2902,2005-06-20 02:45:35,2787,304,2005-06-26 07:51:35,1,611,1,4,Classics,7,4.99,17.99,David Royal
7551,2005-07-27 21:59:15,2635,304,2005-07-31 19:54:15,2,578,2,4,Classics,4,4.99,16.99,David Royal
8273,2005-07-29 01:33:16,4244,532,2005-08-06 04:26:16,2,922,2,11,Horror,7,4.99,22.99,Neil Renner
10712,2005-08-01 18:47:56,1188,532,2005-08-07 19:26:56,2,265,1,5,Comedy,5,4.99,28.99,Neil Renner
43,2005-05-25 05:39:25,2578,532,2005-05-26 06:54:25,2,564,2,2,Animation,4,2.99,11.99,Neil Renner
4962,2005-07-08 23:36:13,4399,532,2005-07-15 03:39:13,1,961,2,9,Foreign,7,4.99,22.99,Neil Renner
7572,2005-07-27 22:44:29,3068,532,2005-08-01 03:04:29,1,674,1,9,Foreign,3,0.99,11.99,Neil Renner
6345,2005-07-11 20:05:18,4332,532,2005-07-20 17:28:18,1,944,2,7,Drama,6,4.99,29.99,Neil Renner
7192,2005-07-27 08:36:55,4329,532,2005-07-30 11:58:55,2,944,1,7,Drama,6,4.99,29.99,Neil Renner
9843,2005-07-31 12:25:28,2923,532,2005-08-01 09:51:28,2,643,1,7,Drama,3,2.99,22.99,Neil Renner
1694,2005-06-16 12:40:23,147,532,2005-06-20 09:18:23,2,31,1,8,Family,5,4.99,16.99,Neil Renner
5190,2005-07-09 10:25:24,2213,532,2005-07-18 04:33:24,1,479,1,8,Family,7,0.99,12.99,Neil Renner
5887,2005-07-10 19:45:47,2602,532,2005-07-15 22:15:47,1,571,2,6,Documentary,6,2.99,26.99,Neil Renner
2821,2005-06-19 20:26:52,2551,532,2005-06-27 23:48:52,1,559,2,14,Sci-Fi,7,2.99,22.99,Neil Renner
10286,2005-08-01 03:35:58,498,532,2005-08-10 05:17:58,2,111,2,1,Action,3,0.99,17.99,Neil Renner
5278,2005-07-09 14:44:23,2573,532,2005-07-15 10:48:23,1,563,2,10,Games,6,4.99,16.99,Neil Renner
4336,2005-07-07 18:34:36,482,532,2005-07-10 17:58:36,2,106,1,10,Games,4,2.99,14.99,Neil Renner
5805,2005-07-10 15:08:41,3553,532,2005-07-19 16:35:41,2,777,1,15,Sports,5,4.99,10.99,Neil Renner
10945,2005-08-02 03:20:23,3684,532,2005-08-09 03:23:23,1,806,1,13,New,4,2.99,25.99,Neil Renner
6598,2005-07-12 07:38:25,2049,532,2005-07-19 07:58:25,1,445,1,4,Classics,5,2.99,11.99,Neil Renner
5253,2005-07-09 13:41:17,2241,532,2005-07-17 17:09:17,1,484,2,4,Classics,3,2.99,13.99,Neil Renner
6730,2005-07-12 13:58:25,1552,532,2005-07-20 13:01:25,1,341,1,4,Classics,5,0.99,13.99,Neil Renner
6167,2005-07-11 10:21:21,3255,200,2005-07-14 15:38:21,1,716,2,11,Horror,6,2.99,26.99,Jeanne Lawson
2717,2005-06-19 14:46:10,140,200,2005-06-22 20:17:10,1,28,1,5,Comedy,5,4.99,16.99,Jeanne Lawson
3190,2005-06-20 23:27:15,351,200,2005-06-28 01:22:15,2,78,1,2,Animation,7,2.99,12.99,Jeanne Lawson
6181,2005-07-11 11:10:11,4398,200,2005-07-15 09:33:11,1,961,2,9,Foreign,7,4.99,22.99,Jeanne Lawson
2667,2005-06-19 11:28:46,1028,200,2005-06-27 11:48:46,2,230,1,7,Drama,7,2.99,20.99,Jeanne Lawson
6123,2005-07-11 08:02:27,1354,200,2005-07-15 08:58:27,2,299,1,16,Travel,4,0.99,9.99,Jeanne Lawson
9527,2005-07-31 01:02:24,2539,200,2005-08-09 02:08:24,2,557,1,8,Family,5,2.99,27.99,Jeanne Lawson
5110,2005-07-09 06:57:25,195,200,2005-07-12 05:39:25,2,43,2,8,Family,6,2.99,15.99,Jeanne Lawson
8368,2005-07-29 05:15:41,1410,200,2005-08-07 01:35:41,1,309,1,8,Family,6,0.99,29.99,Jeanne Lawson
10685,2005-08-01 17:49:38,2029,200,2005-08-07 21:04:38,2,442,1,8,Family,6,2.99,24.99,Jeanne Lawson
2227,2005-06-18 03:43:23,3623,200,2005-06-19 05:55:23,2,791,1,6,Documentary,3,4.99,24.99,Jeanne Lawson
8462,2005-07-29 08:15:42,3633,200,2005-08-04 03:57:42,1,793,1,1,Action,6,2.99,14.99,Jeanne Lawson
7574,2005-07-27 22:53:00,298,200,2005-07-29 18:39:00,2,67,2,1,Action,5,2.99,24.99,Jeanne Lawson
1296,2005-06-15 09:23:59,1760,200,2005-06-19 03:44:59,2,382,1,10,Games,3,0.99,21.99,Jeanne Lawson
270,2005-05-26 16:20:56,207,200,2005-06-03 12:40:56,2,46,2,10,Games,3,4.99,13.99,Jeanne Lawson
1899,2005-06-17 04:29:15,858,200,2005-06-26 08:39:15,1,189,1,10,Games,3,0.99,23.99,Jeanne Lawson
3580,2005-07-06 03:48:44,3837,200,2005-07-13 01:15:44,2,841,1,15,Sports,5,2.99,9.99,Jeanne Lawson
6947,2005-07-26 23:42:03,760,200,2005-08-02 05:06:03,2,166,1,4,Classics,6,2.99,19.99,Jeanne Lawson
1309,2005-06-15 10:10:49,2356,200,2005-06-16 12:44:49,1,512,2,4,Classics,5,4.99,25.99,Jeanne Lawson
2173,2005-06-18 00:08:20,995,65,2005-06-25 05:30:20,1,222,2,11,Horror,4,4.99,27.99,Rose Howard
3051,2005-06-20 13:06:52,1408,65,2005-06-25 13:03:52,2,308,2,5,Comedy,3,2.99,13.99,Rose Howard
7877,2005-07-28 10:25:36,2576,65,2005-08-05 12:46:36,1,564,2,2,Animation,4,2.99,11.99,Rose Howard
3535,2005-07-06 01:32:46,4214,65,2005-07-11 03:15:46,1,916,1,2,Animation,3,2.99,10.99,Rose Howard
6527,2005-07-12 04:23:06,538,65,2005-07-17 00:20:06,1,118,1,2,Animation,7,0.99,26.99,Rose Howard
4635,2005-07-08 08:42:40,2434,65,2005-07-14 10:31:40,1,531,2,9,Foreign,3,0.99,18.99,Rose Howard
8404,2005-07-29 06:27:01,2086,65,2005-08-07 04:33:01,1,452,2,9,Foreign,4,0.99,15.99,Rose Howard
9293,2005-07-30 16:12:28,1676,65,2005-08-05 18:34:28,2,366,1,7,Drama,3,0.99,29.99,Rose Howard
657,2005-05-28 20:23:09,848,65,2005-06-01 02:11:09,1,186,1,7,Drama,6,0.99,17.99,Rose Howard
295,2005-05-26 20:33:20,4030,65,2005-05-27 18:23:20,2,878,2,16,Travel,3,4.99,25.99,Rose Howard
8392,2005-07-29 06:00:27,1323,65,2005-08-02 00:30:27,2,292,2,1,Action,3,0.99,20.99,Rose Howard
5735,2005-07-10 11:39:15,3259,65,2005-07-19 09:52:15,1,717,1,1,Action,6,0.99,23.99,Rose Howard
4240,2005-07-07 13:33:12,1024,65,2005-07-13 12:28:12,1,229,1,1,Action,6,4.99,12.99,Rose Howard
6727,2005-07-12 13:54:25,3793,407,2005-07-14 17:29:25,1,830,2,11,Horror,7,0.99,23.99,Dale Ratcliff
7643,2005-07-28 01:19:44,4369,407,2005-08-04 21:16:44,1,953,1,2,Animation,3,0.99,9.99,Dale Ratcliff
5590,2005-07-10 04:23:11,4442,407,2005-07-19 09:03:11,1,971,1,9,Foreign,4,4.99,11.99,Dale Ratcliff
2597,2005-06-19 05:53:46,2278,407,2005-06-20 05:14:46,1,493,2,9,Foreign,5,0.99,18.99,Dale Ratcliff
4296,2005-07-07 16:16:03,977,407,2005-07-08 20:16:03,2,218,1,7,Drama,7,0.99,22.99,Dale Ratcliff
8197,2005-07-28 23:04:10,4126,407,2005-08-05 00:06:10,2,897,1,7,Drama,3,4.99,27.99,Dale Ratcliff
619,2005-05-28 15:52:26,2482,407,2005-06-06 17:55:26,2,544,2,6,Documentary,4,2.99,11.99,Dale Ratcliff
5070,2005-07-09 04:58:26,2305,407,2005-07-09 23:00:26,2,501,1,1,Action,3,4.99,9.99,Dale Ratcliff
7363,2005-07-27 14:58:29,1649,407,2005-08-05 09:02:29,1,360,1,1,Action,4,0.99,24.99,Dale Ratcliff
8802,2005-07-29 21:25:51,296,407,2005-07-30 18:15:51,2,67,2,1,Action,5,2.99,24.99,Dale Ratcliff
8571,2005-07-29 11:48:39,1778,407,2005-08-03 06:35:39,2,387,1,10,Games,7,0.99,27.99,Dale Ratcliff
8109,2005-07-28 19:07:44,652,407,2005-07-31 14:59:44,1,141,2,10,Games,6,4.99,11.99,Dale Ratcliff
1698,2005-06-16 13:04:42,1474,407,2005-06-21 15:54:42,1,322,2,15,Sports,5,2.99,29.99,Dale Ratcliff
8078,2005-07-28 17:54:42,3839,407,2005-07-30 18:18:42,2,841,1,15,Sports,5,2.99,9.99,Dale Ratcliff
10774,2005-08-01 20:54:33,4231,407,2005-08-08 20:59:33,2,920,1,13,New,3,0.99,16.99,Dale Ratcliff
9434,2005-07-30 21:29:41,3792,13,2005-08-01 16:30:41,2,830,2,11,Horror,7,0.99,23.99,Karen Jackson
9260,2005-07-30 14:38:22,3969,13,2005-08-07 18:47:22,2,865,1,2,Animation,3,4.99,19.99,Karen Jackson
6118,2005-07-11 07:43:08,3013,13,2005-07-20 03:17:08,1,661,1,9,Foreign,5,4.99,17.99,Karen Jackson
9664,2005-07-31 06:12:08,360,13,2005-08-04 02:19:08,2,79,1,7,Drama,5,0.99,10.99,Karen Jackson
8831,2005-07-29 22:37:41,3520,13,2005-08-08 04:28:41,1,771,1,7,Drama,3,4.99,23.99,Karen Jackson
1933,2005-06-17 06:54:42,980,13,2005-06-26 02:00:42,1,218,2,7,Drama,7,0.99,22.99,Karen Jackson
6568,2005-07-12 05:45:47,4203,13,2005-07-15 05:18:47,2,914,2,16,Travel,6,2.99,13.99,Karen Jackson
8277,2005-07-29 01:38:53,1296,13,2005-08-04 07:09:53,2,286,1,16,Travel,7,2.99,16.99,Karen Jackson
9736,2005-07-31 08:58:40,2072,13,2005-08-09 08:34:40,2,449,2,14,Sci-Fi,4,2.99,12.99,Karen Jackson
10003,2005-07-31 17:48:51,1603,13,2005-08-02 14:23:51,1,350,2,14,Sci-Fi,3,4.99,21.99,Karen Jackson
2952,2005-06-20 06:26:57,3759,13,2005-06-22 11:51:57,1,823,1,1,Action,4,2.99,21.99,Karen Jackson
3946,2005-07-06 21:39:24,294,13,2005-07-11 16:10:24,1,67,1,1,Action,5,2.99,24.99,Karen Jackson
6870,2005-07-12 20:13:45,3102,13,2005-07-16 22:09:45,2,681,2,15,Sports,4,0.99,20.99,Karen Jackson
3047,2005-06-20 12:45:33,624,13,2005-06-29 13:09:33,2,135,2,15,Sports,3,2.99,22.99,Karen Jackson
2209,2005-06-18 02:24:01,2441,13,2005-06-22 04:13:01,2,532,2,15,Sports,5,4.99,28.99,Karen Jackson
7916,2005-07-28 11:49:53,3877,13,2005-07-29 15:01:53,1,847,2,13,New,7,2.99,10.99,Karen Jackson
6897,2005-07-12 21:30:41,170,13,2005-07-15 03:19:41,1,37,1,4,Classics,3,2.99,28.99,Karen Jackson
3635,2005-07-06 06:55:36,421,250,2005-07-09 07:57:36,2,92,2,11,Horror,7,4.99,19.99,Jo Fowler
8579,2005-07-29 11:59:22,4045,250,2005-07-30 11:41:22,2,880,2,2,Animation,6,2.99,9.99,Jo Fowler
1146,2005-05-31 20:34:45,3134,250,2005-06-03 18:12:45,2,689,1,9,Foreign,5,2.99,14.99,Jo Fowler
637,2005-05-28 18:14:29,1581,250,2005-05-29 23:48:29,2,347,1,16,Travel,7,4.99,17.99,Jo Fowler
3951,2005-07-06 21:50:41,2288,250,2005-07-12 02:09:41,2,496,1,16,Travel,3,0.99,10.99,Jo Fowler
10604,2005-08-01 14:35:08,2833,250,2005-08-08 10:19:08,2,621,2,8,Family,5,2.99,23.99,Jo Fowler
687,2005-05-29 00:32:09,1731,250,2005-05-31 23:53:09,1,377,1,8,Family,7,0.99,20.99,Jo Fowler
2432,2005-06-18 17:59:18,4420,250,2005-06-25 15:19:18,2,966,2,6,Documentary,3,0.99,14.99,Jo Fowler
5998,2005-07-11 01:20:46,1458,250,2005-07-15 21:41:46,1,319,2,14,Sci-Fi,4,2.99,22.99,Jo Fowler
5540,2005-07-10 02:44:21,132,250,2005-07-11 07:13:21,1,26,2,14,Sci-Fi,3,0.99,15.99,Jo Fowler
5479,2005-07-09 23:47:33,216,250,2005-07-13 01:09:33,1,49,1,14,Sci-Fi,6,2.99,22.99,Jo Fowler
61,2005-05-25 09:01:57,4210,250,2005-06-02 07:22:57,2,915,1,1,Action,7,4.99,9.99,Jo Fowler
9099,2005-07-30 08:45:48,594,250,2005-08-01 03:18:48,2,130,1,1,Action,7,0.99,24.99,Jo Fowler
176,2005-05-26 03:47:39,851,250,2005-06-01 02:36:39,2,187,2,15,Sports,5,2.99,12.99,Jo Fowler
2778,2005-06-19 18:18:12,3357,422,2005-06-28 21:43:12,1,737,2,11,Horror,4,0.99,28.99,Melvin Ellington
9541,2005-07-31 01:40:14,1774,422,2005-08-05 06:34:14,2,385,1,5,Comedy,6,4.99,26.99,Melvin Ellington
1897,2005-06-17 04:26:23,4142,422,2005-06-25 09:32:23,2,900,1,9,Foreign,6,2.99,17.99,Melvin Ellington
1846,2005-06-17 00:02:44,1725,422,2005-06-18 23:47:44,2,376,1,9,Foreign,4,0.99,20.99,Melvin Ellington
10833,2005-08-01 23:25:55,4380,422,2005-08-10 18:01:55,1,957,1,9,Foreign,7,4.99,26.99,Melvin Ellington
7827,2005-07-28 08:37:22,659,422,2005-07-31 04:27:22,1,143,1,7,Drama,6,0.99,17.99,Melvin Ellington
5784,2005-07-10 14:03:28,2323,422,2005-07-16 16:22:28,1,504,2,7,Drama,5,0.99,25.99,Melvin Ellington
4504,2005-07-08 02:19:27,361,422,2005-07-12 21:15:27,1,79,2,7,Drama,5,0.99,10.99,Melvin Ellington
398,2005-05-27 12:44:03,1686,422,2005-06-02 08:19:03,1,367,2,14,Sci-Fi,6,0.99,20.99,Melvin Ellington
3553,2005-07-06 02:35:41,4510,422,2005-07-08 06:38:41,2,985,1,14,Sci-Fi,4,4.99,19.99,Melvin Ellington
4463,2005-07-08 00:04:59,4356,422,2005-07-16 01:19:59,1,949,1,10,Games,6,0.99,27.99,Melvin Ellington
2747,2005-06-19 16:22:07,1374,422,2005-06-24 19:28:07,1,302,2,10,Games,5,2.99,29.99,Melvin Ellington
8206,2005-07-28 23:20:31,2979,422,2005-08-04 21:36:31,1,652,1,4,Classics,3,0.99,14.99,Melvin Ellington
10838,2005-08-01 23:36:10,69,387,2005-08-05 04:55:10,2,13,2,11,Horror,4,4.99,21.99,Jesse Schilling
3378,2005-06-21 13:51:28,35,387,2005-06-25 09:21:28,1,7,2,5,Comedy,6,4.99,28.99,Jesse Schilling
2100,2005-06-17 18:53:21,2267,387,2005-06-19 21:49:21,2,489,2,2,Animation,4,0.99,14.99,Jesse Schilling
302,2005-05-26 21:13:46,2921,387,2005-06-03 15:49:46,2,641,2,9,Foreign,4,0.99,21.99,Jesse Schilling
7497,2005-07-27 20:05:27,286,387,2005-07-30 22:47:27,1,64,2,7,Drama,6,0.99,26.99,Jesse Schilling
1127,2005-05-31 17:45:49,2412,387,2005-06-08 22:41:49,2,526,2,16,Travel,7,2.99,10.99,Jesse Schilling
6456,2005-07-12 01:05:11,259,387,2005-07-20 23:26:11,2,57,2,16,Travel,4,2.99,18.99,Jesse Schilling
1464,2005-06-15 20:38:14,4113,387,2005-06-17 14:52:14,2,894,2,16,Travel,6,0.99,23.99,Jesse Schilling
8090,2005-07-28 18:27:29,1336,387,2005-08-02 14:08:29,2,295,1,6,Documentary,3,0.99,14.99,Jesse Schilling
1465,2005-06-15 20:43:08,609,387,2005-06-18 23:00:08,1,132,1,14,Sci-Fi,6,0.99,25.99,Jesse Schilling
2068,2005-06-17 16:11:46,4252,387,2005-06-20 11:28:46,1,924,2,14,Sci-Fi,7,0.99,15.99,Jesse Schilling
2981,2005-06-20 08:35:17,522,387,2005-06-28 09:14:17,1,115,2,1,Action,5,2.99,27.99,Jesse Schilling
10564,2005-08-01 13:07:34,4469,387,2005-08-06 15:14:34,2,976,2,10,Games,6,0.99,12.99,Jesse Schilling
841,2005-05-30 00:31:17,4318,387,2005-06-02 19:14:17,1,941,1,10,Games,4,4.99,10.99,Jesse Schilling
697,2005-05-29 02:04:04,3949,387,2005-06-04 00:47:04,2,861,2,10,Games,3,4.99,12.99,Jesse Schilling
6216,2005-07-11 12:57:05,3571,387,2005-07-13 12:31:05,1,781,2,10,Games,4,4.99,15.99,Jesse Schilling
6517,2005-07-12 03:52:39,185,387,2005-07-20 08:00:39,1,42,2,15,Sports,5,2.99,10.99,Jesse Schilling
9188,2005-07-30 12:19:54,727,195,2005-08-06 09:12:54,2,159,1,5,Comedy,5,4.99,12.99,Vanessa Sims
9870,2005-07-31 13:22:51,442,195,2005-08-05 16:04:51,1,98,1,7,Drama,4,4.99,12.99,Vanessa Sims
6175,2005-07-11 10:44:37,3037,195,2005-07-15 08:13:37,1,666,1,7,Drama,4,4.99,27.99,Vanessa Sims
10911,2005-08-02 01:58:36,769,195,2005-08-08 07:37:36,2,167,2,16,Travel,6,4.99,10.99,Vanessa Sims
8479,2005-07-29 08:42:04,1990,195,2005-08-01 03:10:04,1,434,1,16,Travel,3,0.99,25.99,Vanessa Sims
8280,2005-07-29 01:45:51,1208,195,2005-08-05 22:51:51,2,269,1,8,Family,3,0.99,22.99,Vanessa Sims
5536,2005-07-10 02:29:42,1919,195,2005-07-13 04:06:42,2,417,1,1,Action,5,0.99,29.99,Vanessa Sims
7349,2005-07-27 14:33:00,861,195,2005-08-01 15:01:00,2,189,2,10,Games,3,0.99,23.99,Vanessa Sims
5228,2005-07-09 12:26:01,622,195,2005-07-14 13:31:01,2,135,2,15,Sports,3,2.99,22.99,Vanessa Sims
4315,2005-07-07 17:40:26,1472,195,2005-07-09 22:58:26,2,322,1,15,Sports,5,2.99,29.99,Vanessa Sims
4234,2005-07-07 13:01:35,1179,195,2005-07-15 13:05:35,1,263,1,15,Sports,6,4.99,14.99,Vanessa Sims
9994,2005-07-31 17:30:31,2155,195,2005-08-01 11:35:31,1,465,2,13,New,4,4.99,17.99,Vanessa Sims
6655,2005-07-12 11:08:32,3937,100,2005-07-15 15:17:32,1,858,2,5,Comedy,5,4.99,21.99,Robin Hayes
9048,2005-07-30 06:57:07,3929,100,2005-08-05 00:57:07,1,857,1,5,Comedy,3,2.99,24.99,Robin Hayes
9271,2005-07-30 15:04:31,2660,100,2005-07-31 20:33:31,1,583,2,2,Animation,3,4.99,26.99,Robin Hayes
1216,2005-06-15 03:23:48,3973,100,2005-06-18 03:35:48,1,865,2,2,Animation,3,4.99,19.99,Robin Hayes
7921,2005-07-28 12:02:46,116,100,2005-08-01 12:08:46,2,23,1,2,Animation,3,0.99,9.99,Robin Hayes
3800,2005-07-06 15:01:27,4004,100,2005-07-15 11:12:27,2,872,2,16,Travel,3,2.99,27.99,Robin Hayes
8203,2005-07-28 23:14:56,3878,100,2005-07-31 04:19:56,2,848,1,16,Travel,3,0.99,19.99,Robin Hayes
4209,2005-07-07 11:35:08,2010,100,2005-07-10 10:58:08,1,437,2,8,Family,7,2.99,13.99,Robin Hayes
7819,2005-07-28 08:27:14,3182,100,2005-08-02 12:34:14,2,698,1,6,Documentary,3,2.99,29.99,Robin Hayes
1427,2005-06-15 18:17:28,14,100,2005-06-16 15:47:28,1,3,2,6,Documentary,7,2.99,18.99,Robin Hayes
3468,2005-06-21 22:43:45,2899,100,2005-06-30 01:49:45,1,637,2,14,Sci-Fi,7,4.99,16.99,Robin Hayes
4980,2005-07-09 00:26:59,2638,100,2005-07-14 19:42:59,1,579,1,1,Action,3,4.99,22.99,Robin Hayes
1340,2005-06-15 12:24:15,251,100,2005-06-22 13:02:15,1,56,2,1,Action,6,2.99,15.99,Robin Hayes
4970,2005-07-08 23:54:29,2983,100,2005-07-16 22:47:29,1,654,1,10,Games,4,4.99,19.99,Robin Hayes
3602,2005-07-06 05:23:10,2192,100,2005-07-15 03:22:10,2,474,2,15,Sports,6,2.99,21.99,Robin Hayes
71,2005-05-25 10:26:39,2408,100,2005-05-28 04:59:39,1,525,2,4,Classics,4,0.99,29.99,Robin Hayes
5238,2005-07-09 13:11:14,3297,100,2005-07-10 07:27:14,2,725,2,4,Classics,6,4.99,25.99,Robin Hayes
5355,2005-07-09 18:07:17,2458,100,2005-07-16 20:33:17,2,536,2,4,Classics,3,2.99,18.99,Robin Hayes
5842,2005-07-10 17:11:37,139,247,2005-07-14 21:43:37,1,28,1,5,Comedy,5,4.99,16.99,Stella Moreno
2288,2005-06-18 07:23:17,877,247,2005-06-26 07:44:17,2,193,2,2,Animation,5,2.99,20.99,Stella Moreno
5328,2005-07-09 16:48:29,2444,247,2005-07-17 20:20:29,2,533,1,9,Foreign,4,2.99,21.99,Stella Moreno
7963,2005-07-28 13:48:38,921,247,2005-08-06 19:37:38,2,204,2,7,Drama,4,0.99,25.99,Stella Moreno
189,2005-05-26 06:01:41,984,247,2005-05-27 06:11:41,1,219,1,6,Documentary,6,4.99,20.99,Stella Moreno
4198,2005-07-07 11:08:11,333,247,2005-07-16 15:29:11,1,73,2,14,Sci-Fi,5,2.99,22.99,Stella Moreno
450,2005-05-27 19:18:54,1343,247,2005-06-05 23:52:54,1,296,1,14,Sci-Fi,5,2.99,23.99,Stella Moreno
10279,2005-08-01 03:26:44,3794,247,2005-08-07 22:35:44,2,831,1,14,Sci-Fi,5,0.99,20.99,Stella Moreno
448,2005-05-27 19:03:08,2671,247,2005-06-03 20:28:08,2,586,2,1,Action,4,0.99,27.99,Stella Moreno
4995,2005-07-09 00:57:46,2063,247,2005-07-13 03:32:46,1,447,2,10,Games,5,2.99,28.99,Stella Moreno
10410,2005-08-01 07:53:29,3901,247,2005-08-10 08:56:29,1,851,2,15,Sports,3,0.99,19.99,Stella Moreno
4492,2005-07-08 01:32:04,1152,247,2005-07-10 22:11:04,1,254,2,15,Sports,4,2.99,11.99,Stella Moreno
3955,2005-07-06 21:58:08,2523,247,2005-07-08 03:43:08,1,554,2,4,Classics,6,2.99,22.99,Stella Moreno
6963,2005-07-27 00:13:02,4284,489,2005-08-03 18:13:02,1,932,2,5,Comedy,3,0.99,21.99,Ricardo Meador
2802,2005-06-19 19:18:17,4067,489,2005-06-21 17:58:17,2,887,1,2,Animation,5,4.99,28.99,Ricardo Meador
2370,2005-06-18 14:29:54,2656,489,2005-06-24 10:23:54,1,583,1,2,Animation,3,4.99,26.99,Ricardo Meador
9231,2005-07-30 13:42:15,1587,489,2005-08-02 19:27:15,1,348,2,8,Family,7,0.99,9.99,Ricardo Meador
4774,2005-07-08 15:42:28,673,489,2005-07-16 18:29:28,2,147,1,8,Family,5,0.99,16.99,Ricardo Meador
513,2005-05-28 03:08:10,225,489,2005-05-29 07:22:10,1,50,2,8,Family,3,2.99,20.99,Ricardo Meador
1614,2005-06-16 06:58:02,23,489,2005-06-23 11:24:02,1,5,2,8,Family,6,2.99,22.99,Ricardo Meador
3816,2005-07-06 15:27:04,2941,489,2005-07-14 13:12:04,1,646,1,10,Games,6,0.99,12.99,Ricardo Meador
2201,2005-06-18 02:08:27,1864,489,2005-06-23 01:40:27,1,406,2,10,Games,5,0.99,22.99,Ricardo Meador
219,2005-05-26 09:41:45,3074,489,2005-05-28 04:40:45,1,676,2,15,Sports,7,4.99,16.99,Ricardo Meador
9459,2005-07-30 22:24:46,1132,489,2005-08-02 00:44:46,2,251,1,13,New,6,4.99,19.99,Ricardo Meador
5351,2005-07-09 17:40:52,3722,112,2005-07-14 16:55:52,2,814,1,5,Comedy,6,4.99,15.99,Rosa Reynolds
1835,2005-06-16 23:05:36,1482,112,2005-06-19 04:46:36,1,324,1,5,Comedy,3,4.99,11.99,Rosa Reynolds
3018,2005-06-20 11:10:35,4150,112,2005-06-25 07:17:35,2,901,2,2,Animation,3,0.99,29.99,Rosa Reynolds
1930,2005-06-17 06:50:46,79,112,2005-06-19 08:51:46,2,16,2,9,Foreign,6,2.99,23.99,Rosa Reynolds
11019,2005-08-02 05:29:31,3227,112,2005-08-04 00:42:31,1,709,1,7,Drama,7,2.99,19.99,Rosa Reynolds
9911,2005-07-31 14:48:01,3879,112,2005-08-06 11:55:01,1,848,1,16,Travel,3,0.99,19.99,Rosa Reynolds
9217,2005-07-30 13:13:55,1561,112,2005-08-05 17:27:55,1,342,1,16,Travel,7,4.99,28.99,Rosa Reynolds
701,2005-05-29 02:26:27,372,112,2005-06-03 04:59:27,1,82,1,8,Family,3,0.99,13.99,Rosa Reynolds
10596,2005-08-01 14:18:57,803,112,2005-08-07 14:59:57,2,175,1,8,Family,3,2.99,27.99,Rosa Reynolds
7761,2005-07-28 06:31:45,3568,112,2005-07-30 01:36:45,2,780,2,8,Family,7,4.99,15.99,Rosa Reynolds
9609,2005-07-31 03:53:24,693,112,2005-08-05 08:32:24,2,151,2,14,Sci-Fi,5,4.99,26.99,Rosa Reynolds
2193,2005-06-18 01:38:45,1013,112,2005-06-22 19:51:45,1,227,1,10,Games,4,4.99,17.99,Rosa Reynolds
9321,2005-07-30 17:19:44,3558,112,2005-08-06 22:42:44,2,777,2,15,Sports,5,4.99,10.99,Rosa Reynolds
5385,2005-07-09 19:18:11,4291,112,2005-07-16 18:50:11,2,935,2,13,New,5,0.99,17.99,Rosa Reynolds
6550,2005-07-12 05:03:14,2184,112,2005-07-19 04:06:14,1,471,2,4,Classics,7,2.99,23.99,Rosa Reynolds
396,2005-05-27 11:47:04,1020,112,2005-05-29 10:14:04,1,228,2,4,Classics,4,0.99,16.99,Rosa Reynolds
7691,2005-07-28 03:30:09,1579,112,2005-07-29 21:31:09,1,346,2,4,Classics,4,4.99,13.99,Rosa Reynolds
9830,2005-07-31 11:59:05,170,112,2005-08-06 10:38:05,1,37,1,4,Classics,3,2.99,28.99,Rosa Reynolds
10038,2005-07-31 18:49:12,3727,112,2005-08-01 18:02:12,1,815,1,4,Classics,4,2.99,14.99,Rosa Reynolds
3129,2005-06-20 18:57:48,1789,495,2005-06-28 13:45:48,1,388,2,5,Comedy,5,0.99,16.99,Charlie Bess
8151,2005-07-28 20:50:52,4370,495,2005-07-31 14:50:52,1,953,1,2,Animation,3,0.99,9.99,Charlie Bess
3966,2005-07-06 22:38:49,556,495,2005-07-07 23:33:49,1,121,1,2,Animation,4,2.99,15.99,Charlie Bess
2074,2005-06-17 16:40:03,71,495,2005-06-20 21:34:03,1,15,1,9,Foreign,5,2.99,10.99,Charlie Bess
8451,2005-07-29 07:44:56,3309,495,2005-08-06 02:29:56,1,728,2,7,Drama,3,0.99,26.99,Charlie Bess
5484,2005-07-09 23:54:37,3248,495,2005-07-15 02:05:37,1,715,1,8,Family,3,4.99,25.99,Charlie Bess
741,2005-05-29 08:35:49,3189,495,2005-06-04 11:55:49,1,700,2,8,Family,4,2.99,13.99,Charlie Bess
2349,2005-06-18 12:25:14,1536,495,2005-06-19 11:24:14,2,336,1,6,Documentary,5,4.99,22.99,Charlie Bess
8383,2005-07-29 05:36:47,3809,495,2005-08-03 05:53:47,2,834,2,6,Documentary,4,0.99,26.99,Charlie Bess
10065,2005-07-31 19:27:34,1426,495,2005-08-01 13:45:34,2,312,2,14,Sci-Fi,4,4.99,20.99,Charlie Bess
623,2005-05-28 16:01:28,1222,495,2005-05-30 11:19:28,1,271,1,1,Action,5,4.99,12.99,Charlie Bess
6426,2005-07-11 23:56:38,498,495,2005-07-21 05:22:38,1,111,2,1,Action,3,0.99,17.99,Charlie Bess
9387,2005-07-30 19:27:05,577,495,2005-08-07 21:19:05,2,126,2,1,Action,3,4.99,16.99,Charlie Bess
9741,2005-07-31 09:09:22,1971,495,2005-08-07 10:01:22,1,429,2,15,Sports,3,0.99,29.99,Charlie Bess
8672,2005-07-29 15:49:48,405,495,2005-08-06 17:59:48,2,90,1,13,New,3,0.99,11.99,Charlie Bess
7191,2005-07-27 08:36:15,4292,495,2005-08-03 08:54:15,1,935,2,13,New,5,0.99,17.99,Charlie Bess
10783,2005-08-01 21:23:37,1192,495,2005-08-09 20:18:37,1,266,1,4,Classics,4,0.99,27.99,Charlie Bess
10643,2005-08-01 15:48:33,3853,495,2005-08-06 20:24:33,2,843,2,4,Classics,4,4.99,15.99,Charlie Bess
2549,2005-06-19 02:46:39,3854,495,2005-06-26 22:30:39,2,843,2,4,Classics,4,4.99,15.99,Charlie Bess
4803,2005-07-08 16:56:34,1786,174,2005-07-14 20:16:34,1,388,1,5,Comedy,5,0.99,16.99,Yvonne Watkins
10398,2005-08-01 07:11:49,4306,174,2005-08-04 05:54:49,1,938,1,5,Comedy,3,4.99,14.99,Yvonne Watkins
9301,2005-07-30 16:34:29,1073,174,2005-07-31 18:41:29,2,239,2,2,Animation,5,4.99,16.99,Yvonne Watkins
1609,2005-06-16 06:34:59,2279,174,2005-06-17 09:41:59,2,493,2,9,Foreign,5,0.99,18.99,Yvonne Watkins
8754,2005-07-29 19:18:30,1678,174,2005-08-05 18:39:30,2,366,2,7,Drama,3,0.99,29.99,Yvonne Watkins
1566,2005-06-16 03:13:20,3215,174,2005-06-24 01:59:20,2,706,2,7,Drama,5,4.99,22.99,Yvonne Watkins
1071,2005-05-31 09:48:56,469,174,2005-06-02 03:52:56,2,103,2,16,Travel,7,4.99,27.99,Yvonne Watkins
6909,2005-07-12 22:09:30,769,174,2005-07-17 02:05:30,2,167,2,16,Travel,6,4.99,10.99,Yvonne Watkins
8348,2005-07-29 04:49:26,4533,174,2005-08-05 03:26:26,2,989,1,16,Travel,4,4.99,22.99,Yvonne Watkins
10559,2005-08-01 13:02:58,2861,174,2005-08-09 10:03:58,2,627,2,6,Documentary,4,4.99,9.99,Yvonne Watkins
10363,2005-08-01 06:01:52,320,174,2005-08-05 03:56:52,1,72,1,6,Documentary,6,2.99,12.99,Yvonne Watkins
9847,2005-07-31 12:33:43,1137,174,2005-08-04 14:15:43,2,252,1,1,Action,6,2.99,18.99,Yvonne Watkins
2326,2005-06-18 10:14:22,3829,174,2005-06-24 07:01:22,2,838,2,1,Action,5,4.99,25.99,Yvonne Watkins
3446,2005-06-21 20:45:51,1817,174,2005-06-26 17:02:51,1,395,1,1,Action,4,0.99,28.99,Yvonne Watkins
41,2005-05-25 05:12:29,1761,174,2005-06-02 00:28:29,1,382,2,10,Games,3,0.99,21.99,Yvonne Watkins
5414,2005-07-09 20:29:36,1201,174,2005-07-13 01:55:36,2,267,1,13,New,4,4.99,14.99,Yvonne Watkins
462,2005-05-27 20:10:36,2314,364,2005-06-03 21:12:36,2,502,2,5,Comedy,4,2.99,21.99,Benjamin Varney
10092,2005-07-31 20:28:09,4151,364,2005-08-01 21:37:09,1,901,2,2,Animation,3,0.99,29.99,Benjamin Varney
2442,2005-06-18 18:49:18,4045,364,2005-06-22 16:18:18,1,880,2,2,Animation,6,2.99,9.99,Benjamin Varney
3678,2005-07-06 09:15:15,3861,364,2005-07-10 05:01:15,1,845,1,9,Foreign,7,4.99,9.99,Benjamin Varney
7272,2005-07-27 11:30:20,250,364,2005-07-29 17:16:20,2,56,1,1,Action,6,2.99,15.99,Benjamin Varney
10290,2005-08-01 03:39:50,4542,364,2005-08-08 22:29:50,2,991,2,1,Action,4,2.99,26.99,Benjamin Varney
9266,2005-07-30 14:59:01,1705,364,2005-07-31 17:01:01,2,371,1,1,Action,5,4.99,17.99,Benjamin Varney
3961,2005-07-06 22:11:43,4320,364,2005-07-09 03:14:43,1,941,1,10,Games,4,4.99,10.99,Benjamin Varney
4047,2005-07-07 03:28:49,3475,364,2005-07-09 02:42:49,2,762,2,10,Games,6,0.99,29.99,Benjamin Varney
2606,2005-06-19 06:51:32,4133,364,2005-06-21 03:15:32,2,898,1,15,Sports,4,4.99,18.99,Benjamin Varney
1722,2005-06-16 15:12:52,2142,364,2005-06-19 13:01:52,2,463,2,15,Sports,4,2.99,21.99,Benjamin Varney
2857,2005-06-19 23:15:15,2886,364,2005-06-25 04:24:15,2,633,2,4,Classics,6,4.99,10.99,Benjamin Varney
4689,2005-07-08 11:03:47,2519,364,2005-07-16 06:07:47,2,554,1,4,Classics,6,2.99,22.99,Benjamin Varney
5872,2005-07-10 18:54:05,270,364,2005-07-19 15:41:05,1,60,1,4,Classics,3,4.99,22.99,Benjamin Varney
2962,2005-06-20 07:31:55,2978,364,2005-06-26 04:43:55,1,652,1,4,Classics,3,0.99,14.99,Benjamin Varney
654,2005-05-28 20:15:30,2312,23,2005-05-30 22:02:30,2,502,1,5,Comedy,4,2.99,21.99,Sarah Lewis
10132,2005-07-31 21:50:24,3934,23,2005-08-07 23:37:24,2,857,2,5,Comedy,3,2.99,24.99,Sarah Lewis
3055,2005-06-20 13:19:58,1510,23,2005-06-27 14:54:58,1,330,1,2,Animation,7,4.99,22.99,Sarah Lewis
9209,2005-07-30 12:55:36,3940,23,2005-08-03 11:31:36,2,859,1,2,Animation,3,4.99,20.99,Sarah Lewis
6238,2005-07-11 14:20:18,3749,23,2005-07-14 18:34:18,1,820,1,2,Animation,3,2.99,11.99,Sarah Lewis
3461,2005-06-21 21:49:18,1715,23,2005-06-26 19:51:18,1,374,1,14,Sci-Fi,3,0.99,29.99,Sarah Lewis
4853,2005-07-08 18:43:18,1454,23,2005-07-12 14:28:18,2,319,1,14,Sci-Fi,4,2.99,22.99,Sarah Lewis
2827,2005-06-19 20:50:01,2745,23,2005-06-20 18:54:01,2,602,2,14,Sci-Fi,5,0.99,14.99,Sarah Lewis
9718,2005-07-31 08:25:03,2747,23,2005-08-08 04:16:03,2,602,2,14,Sci-Fi,5,0.99,14.99,Sarah Lewis
8015,2005-07-28 15:33:03,1814,23,2005-07-30 15:32:03,2,394,1,14,Sci-Fi,7,2.99,21.99,Sarah Lewis
9255,2005-07-30 14:26:46,1596,23,2005-08-07 18:16:46,1,350,1,14,Sci-Fi,3,4.99,21.99,Sarah Lewis
3781,2005-07-06 13:53:41,3894,23,2005-07-15 10:03:41,1,850,2,1,Action,7,0.99,27.99,Sarah Lewis
1090,2005-05-31 12:03:44,3329,23,2005-06-02 15:54:44,2,732,1,1,Action,5,0.99,17.99,Sarah Lewis
3736,2005-07-06 11:43:44,1515,23,2005-07-13 07:55:44,2,331,1,10,Games,6,2.99,25.99,Sarah Lewis
10898,2005-08-02 01:29:57,3814,23,2005-08-06 00:07:57,2,835,1,10,Games,6,2.99,13.99,Sarah Lewis
129,2005-05-25 21:20:03,4154,23,2005-06-04 01:25:03,2,902,1,15,Sports,6,4.99,22.99,Sarah Lewis
6917,2005-07-12 22:30:15,3048,23,2005-07-20 03:20:15,1,668,2,15,Sports,7,4.99,25.99,Sarah Lewis
8718,2005-07-29 17:41:14,137,23,2005-08-01 18:22:14,2,27,1,15,Sports,7,0.99,12.99,Sarah Lewis
6213,2005-07-11 12:43:07,485,23,2005-07-16 07:23:07,2,109,1,13,New,3,0.99,17.99,Sarah Lewis
3015,2005-06-20 10:48:56,1311,23,2005-06-26 11:30:56,2,289,1,13,New,5,4.99,25.99,Sarah Lewis
2753,2005-06-19 16:44:35,2408,23,2005-06-24 13:45:35,1,525,2,4,Classics,4,0.99,29.99,Sarah Lewis
7155,2005-07-27 07:18:46,171,23,2005-08-04 10:28:46,1,37,2,4,Classics,3,2.99,28.99,Sarah Lewis
5737,2005-07-10 11:50:04,1118,218,2005-07-13 10:37:04,1,247,2,5,Comedy,3,0.99,19.99,Vera Mccoy
7090,2005-07-27 04:43:53,3495,218,2005-07-29 07:33:53,2,765,1,5,Comedy,7,4.99,18.99,Vera Mccoy
10114,2005-07-31 21:12:58,3881,218,2005-08-02 19:45:58,2,849,1,2,Animation,6,0.99,28.99,Vera Mccoy
2267,2005-06-18 06:10:23,2086,218,2005-06-20 00:39:23,2,452,2,9,Foreign,4,0.99,15.99,Vera Mccoy
4898,2005-07-08 20:31:43,3212,218,2005-07-15 15:58:43,2,706,1,7,Drama,5,4.99,22.99,Vera Mccoy
2262,2005-06-18 05:49:46,4172,218,2005-06-20 00:25:46,2,907,1,7,Drama,4,0.99,10.99,Vera Mccoy
5226,2005-07-09 12:10:44,3128,218,2005-07-11 17:32:44,2,687,2,6,Documentary,6,0.99,15.99,Vera Mccoy
7236,2005-07-27 10:09:39,3004,218,2005-08-03 16:05:39,1,659,2,1,Action,3,4.99,14.99,Vera Mccoy
1459,2005-06-15 20:25:53,1862,218,2005-06-22 23:34:53,2,406,2,10,Games,5,0.99,22.99,Vera Mccoy
9902,2005-07-31 14:24:33,486,218,2005-08-09 11:11:33,2,109,1,13,New,3,0.99,17.99,Vera Mccoy
9018,2005-07-30 05:28:40,1982,218,2005-08-07 01:34:40,1,432,2,4,Classics,4,2.99,22.99,Vera Mccoy
10076,2005-07-31 20:00:34,1117,555,2005-08-10 00:37:34,2,247,2,5,Comedy,3,0.99,19.99,Dwight Lombardi
3232,2005-06-21 02:30:37,1972,555,2005-06-29 03:10:37,1,430,2,2,Animation,7,0.99,23.99,Dwight Lombardi
9990,2005-07-31 17:24:21,4481,555,2005-08-09 17:14:21,2,979,1,7,Drama,6,4.99,10.99,Dwight Lombardi
8161,2005-07-28 21:11:00,848,555,2005-08-03 23:32:00,1,186,1,7,Drama,6,0.99,17.99,Dwight Lombardi
10921,2005-08-02 02:14:33,1820,555,2005-08-09 20:58:33,2,395,2,1,Action,4,0.99,28.99,Dwight Lombardi
9299,2005-07-30 16:32:51,1515,555,2005-08-08 15:28:51,2,331,1,10,Games,6,2.99,25.99,Dwight Lombardi
8245,2005-07-29 00:37:09,3330,555,2005-08-05 05:48:09,2,733,1,15,Sports,4,0.99,29.99,Dwight Lombardi
4875,2005-07-08 19:24:17,843,555,2005-07-11 19:15:17,2,184,2,4,Classics,3,2.99,24.99,Dwight Lombardi
4273,2005-07-07 14:40:22,4163,159,2005-07-13 09:58:22,2,905,1,5,Comedy,7,4.99,10.99,Jill Hawkins
9132,2005-07-30 09:56:00,402,159,2005-08-02 09:22:00,1,89,2,2,Animation,7,0.99,22.99,Jill Hawkins
6885,2005-07-12 20:56:04,3972,159,2005-07-15 19:21:04,2,865,1,2,Animation,3,4.99,19.99,Jill Hawkins
8212,2005-07-28 23:37:23,1305,159,2005-08-04 04:33:23,2,288,1,16,Travel,7,2.99,20.99,Jill Hawkins
9022,2005-07-30 05:34:45,4473,159,2005-08-03 23:57:45,2,977,2,16,Travel,3,2.99,25.99,Jill Hawkins
2572,2005-06-19 04:21:26,2449,159,2005-06-23 09:22:26,2,534,2,8,Family,5,0.99,18.99,Jill Hawkins
9917,2005-07-31 14:55:11,3829,159,2005-08-02 13:58:11,2,838,2,1,Action,5,4.99,25.99,Jill Hawkins
598,2005-05-28 14:04:50,599,159,2005-06-03 18:00:50,2,130,2,1,Action,7,0.99,24.99,Jill Hawkins
549,2005-05-28 07:35:37,1818,159,2005-06-02 09:08:37,1,395,1,1,Action,4,0.99,28.99,Jill Hawkins
832,2005-05-29 22:51:20,1381,159,2005-06-07 17:37:20,2,303,1,1,Action,6,0.99,27.99,Jill Hawkins
8470,2005-07-29 08:28:50,3717,159,2005-07-30 13:40:50,2,813,2,15,Sports,7,0.99,18.99,Jill Hawkins
9559,2005-07-31 02:15:53,2882,159,2005-08-08 02:38:53,1,632,1,13,New,5,4.99,10.99,Jill Hawkins
1695,2005-06-16 12:40:28,4436,159,2005-06-22 13:41:28,1,970,1,4,Classics,7,0.99,11.99,Jill Hawkins
475,2005-05-27 22:16:26,2520,159,2005-05-28 19:58:26,1,554,1,4,Classics,6,2.99,22.99,Jill Hawkins
3914,2005-07-06 20:11:10,4092,159,2005-07-14 14:42:10,2,891,2,4,Classics,3,0.99,13.99,Jill Hawkins
5656,2005-07-10 07:31:07,4138,159,2005-07-15 04:44:07,1,899,1,4,Classics,7,0.99,14.99,Jill Hawkins
2522,2005-06-19 00:43:42,550,579,2005-06-28 04:26:42,1,119,2,5,Comedy,6,0.99,22.99,Daryl Larue
8354,2005-07-29 04:56:26,4476,579,2005-08-01 08:04:26,2,978,1,5,Comedy,3,0.99,12.99,Daryl Larue
4619,2005-07-08 08:01:09,2127,579,2005-07-16 05:52:09,2,460,2,9,Foreign,3,4.99,26.99,Daryl Larue
9349,2005-07-30 18:20:08,3739,579,2005-08-08 22:06:08,1,818,1,7,Drama,4,4.99,17.99,Daryl Larue
3111,2005-06-20 17:46:47,4494,579,2005-06-29 19:45:47,1,981,2,16,Travel,7,0.99,13.99,Daryl Larue
9997,2005-07-31 17:37:30,640,579,2005-08-02 14:49:30,1,139,1,8,Family,7,4.99,21.99,Daryl Larue
4933,2005-07-08 22:18:29,322,579,2005-07-13 03:47:29,2,72,1,6,Documentary,6,2.99,12.99,Daryl Larue
6304,2005-07-11 18:02:16,4183,579,2005-07-14 14:01:16,1,911,1,1,Action,7,4.99,14.99,Daryl Larue
9553,2005-07-31 02:06:34,4187,579,2005-08-08 02:20:34,1,911,2,1,Action,7,4.99,14.99,Daryl Larue
6814,2005-07-12 18:11:58,1863,579,2005-07-18 20:37:58,2,406,2,10,Games,5,0.99,22.99,Daryl Larue
6824,2005-07-12 18:26:46,858,579,2005-07-21 15:23:46,1,189,1,10,Games,3,0.99,23.99,Daryl Larue
8996,2005-07-30 04:53:23,1970,579,2005-07-31 06:01:23,1,429,2,15,Sports,3,0.99,29.99,Daryl Larue
2425,2005-06-18 17:37:45,2630,579,2005-06-27 18:40:45,2,577,1,15,Sports,4,0.99,10.99,Daryl Larue
9976,2005-07-31 16:57:49,4219,579,2005-08-03 16:33:49,2,917,1,15,Sports,3,2.99,24.99,Daryl Larue
7221,2005-07-27 09:37:35,3820,579,2005-07-28 11:25:35,1,836,1,15,Sports,3,2.99,14.99,Daryl Larue
6969,2005-07-27 00:23:54,2650,579,2005-08-03 04:34:54,1,580,2,13,New,3,4.99,12.99,Daryl Larue
8876,2005-07-30 00:15:09,2394,579,2005-08-02 23:56:09,1,523,1,4,Classics,7,0.99,21.99,Daryl Larue
1766,2005-06-16 17:59:37,2041,118,2005-06-18 16:32:37,2,444,1,5,Comedy,3,4.99,22.99,Kim Cruz
7196,2005-07-27 08:49:08,2998,118,2005-07-29 03:54:08,1,657,2,5,Comedy,5,2.99,12.99,Kim Cruz
2217,2005-06-18 03:12:29,2260,118,2005-06-20 06:08:29,1,489,1,2,Animation,4,0.99,14.99,Kim Cruz
10045,2005-07-31 19:04:35,58,118,2005-08-07 16:53:35,1,11,2,9,Foreign,6,0.99,16.99,Kim Cruz
7850,2005-07-28 09:31:13,2913,118,2005-08-02 14:06:13,2,640,2,9,Foreign,5,4.99,21.99,Kim Cruz
351,2005-05-27 05:39:03,3371,118,2005-06-01 11:10:03,1,739,2,7,Drama,4,4.99,17.99,Kim Cruz
7956,2005-07-28 13:32:17,4335,118,2005-08-06 14:51:17,2,945,1,6,Documentary,5,0.99,22.99,Kim Cruz
5829,2005-07-10 16:29:41,3405,118,2005-07-14 22:03:41,1,746,2,10,Games,3,0.99,10.99,Kim Cruz
8881,2005-07-30 00:22:31,2012,118,2005-08-04 19:10:31,1,438,1,10,Games,3,2.99,22.99,Kim Cruz
6377,2005-07-11 21:41:16,4017,118,2005-07-15 20:05:16,1,875,1,15,Sports,6,0.99,9.99,Kim Cruz
3263,2005-06-21 04:15:52,3491,118,2005-06-24 02:19:52,2,764,2,15,Sports,3,4.99,28.99,Kim Cruz
8760,2005-07-29 19:22:40,3566,118,2005-08-05 01:09:40,2,779,2,15,Sports,4,4.99,23.99,Kim Cruz
6507,2005-07-12 03:33:12,2463,118,2005-07-20 03:56:12,1,538,2,13,New,7,0.99,19.99,Kim Cruz
8314,2005-07-29 03:35:04,2182,118,2005-08-06 08:43:04,2,471,2,4,Classics,7,2.99,23.99,Kim Cruz
4966,2005-07-08 23:47:25,4360,118,2005-07-14 03:35:25,1,951,1,4,Classics,6,0.99,28.99,Kim Cruz
3233,2005-06-21 02:39:31,3542,353,2005-06-28 05:23:31,2,774,1,5,Comedy,3,2.99,22.99,Jonathan Scarborough
1359,2005-06-15 13:30:30,3140,353,2005-06-17 14:55:30,1,690,1,2,Animation,7,2.99,25.99,Jonathan Scarborough
1103,2005-05-31 14:24:18,3154,353,2005-06-09 10:27:18,1,693,1,2,Animation,5,2.99,16.99,Jonathan Scarborough
10071,2005-07-31 19:49:35,2360,353,2005-08-03 00:00:35,2,514,1,7,Drama,6,2.99,17.99,Jonathan Scarborough
7993,2005-07-28 14:56:41,2926,353,2005-08-01 17:01:41,2,643,2,7,Drama,3,2.99,22.99,Jonathan Scarborough
1928,2005-06-17 06:48:31,3454,353,2005-06-26 08:17:31,1,757,2,6,Documentary,4,2.99,28.99,Jonathan Scarborough
6559,2005-07-12 05:20:35,458,353,2005-07-16 08:44:35,2,101,1,6,Documentary,3,0.99,26.99,Jonathan Scarborough
6610,2005-07-12 08:20:02,645,353,2005-07-21 09:16:02,2,140,1,14,Sci-Fi,6,0.99,23.99,Jonathan Scarborough
4380,2005-07-07 20:35:00,3164,353,2005-07-14 17:06:00,1,694,2,4,Classics,6,4.99,15.99,Jonathan Scarborough
6287,2005-07-11 17:00:04,35,93,2005-07-12 13:16:04,1,7,2,5,Comedy,6,4.99,28.99,Phyllis Foster
113,2005-05-25 19:07:40,2963,93,2005-05-27 22:16:40,2,649,2,2,Animation,4,2.99,14.99,Phyllis Foster
7301,2005-07-27 12:50:23,3367,93,2005-08-01 09:43:23,2,738,2,9,Foreign,3,0.99,27.99,Phyllis Foster
6586,2005-07-12 06:56:24,3860,93,2005-07-17 09:36:24,1,845,1,9,Foreign,7,4.99,9.99,Phyllis Foster
1025,2005-05-31 03:41:37,1618,93,2005-06-08 07:05:37,2,353,2,9,Foreign,6,2.99,22.99,Phyllis Foster
3109,2005-06-20 17:33:55,977,93,2005-06-22 23:09:55,1,218,1,7,Drama,7,0.99,22.99,Phyllis Foster
2256,2005-06-18 05:21:56,1863,93,2005-06-27 02:06:56,2,406,2,10,Games,5,0.99,22.99,Phyllis Foster
5130,2005-07-09 07:29:45,3264,93,2005-07-13 05:56:45,1,719,1,15,Sports,7,4.99,11.99,Phyllis Foster
420,2005-05-27 15:19:38,619,93,2005-06-03 15:07:38,2,135,1,15,Sports,3,2.99,22.99,Phyllis Foster
8233,2005-07-29 00:16:23,1640,93,2005-08-03 05:17:23,2,358,1,4,Classics,5,0.99,29.99,Phyllis Foster
4733,2005-07-08 13:12:07,2230,93,2005-07-13 07:34:07,1,482,1,4,Classics,3,0.99,12.99,Phyllis Foster
11084,2005-08-02 07:34:19,32,369,2005-08-07 09:30:19,1,7,1,5,Comedy,6,4.99,28.99,Fred Wheat
8236,2005-07-29 00:27:04,1901,369,2005-07-31 05:02:04,2,414,1,9,Foreign,3,2.99,23.99,Fred Wheat
3903,2005-07-06 19:27:32,3614,369,2005-07-08 23:27:32,1,789,2,9,Foreign,7,2.99,15.99,Fred Wheat
4859,2005-07-08 18:54:04,1939,369,2005-07-13 13:04:04,1,421,2,9,Foreign,7,4.99,10.99,Fred Wheat
31,2005-05-25 04:05:17,4482,369,2005-05-30 07:15:17,1,979,2,7,Drama,6,4.99,10.99,Fred Wheat
9973,2005-07-31 16:49:31,1850,369,2005-08-03 22:03:31,2,403,1,7,Drama,5,4.99,18.99,Fred Wheat
854,2005-05-30 01:56:11,921,369,2005-06-01 06:34:11,2,204,2,7,Drama,4,0.99,25.99,Fred Wheat
913,2005-05-30 11:04:58,3213,369,2005-06-07 13:22:58,2,706,2,7,Drama,5,4.99,22.99,Fred Wheat
10359,2005-08-01 05:52:21,259,369,2005-08-06 05:52:21,2,57,2,16,Travel,4,2.99,18.99,Fred Wheat
294,2005-05-26 20:29:57,2751,369,2005-05-28 17:20:57,1,603,1,8,Family,6,4.99,27.99,Fred Wheat
8826,2005-07-29 22:30:16,1800,369,2005-07-30 19:43:16,1,391,1,8,Family,6,2.99,25.99,Fred Wheat
9543,2005-07-31 01:43:34,956,369,2005-08-01 06:49:34,1,213,1,8,Family,4,0.99,19.99,Fred Wheat
10713,2005-08-01 18:50:05,2030,369,2005-08-05 00:43:05,2,442,1,8,Family,6,2.99,24.99,Fred Wheat
1224,2005-06-15 03:44:25,1572,369,2005-06-17 03:49:25,2,345,1,8,Family,3,0.99,17.99,Fred Wheat
5496,2005-07-10 00:20:23,3182,369,2005-07-18 21:10:23,2,698,1,6,Documentary,3,2.99,29.99,Fred Wheat
5561,2005-07-10 03:15:24,1048,369,2005-07-15 06:46:24,1,234,1,14,Sci-Fi,6,2.99,27.99,Fred Wheat
9032,2005-07-30 06:06:54,4448,369,2005-08-01 05:27:54,1,972,2,14,Sci-Fi,4,4.99,24.99,Fred Wheat
3490,2005-07-05 23:37:13,3041,369,2005-07-12 22:07:13,1,667,1,15,Sports,3,2.99,20.99,Fred Wheat
9089,2005-07-30 08:23:39,490,369,2005-07-31 06:00:39,1,109,2,13,New,3,0.99,17.99,Fred Wheat
10299,2005-08-01 04:08:04,1125,369,2005-08-04 08:11:04,1,249,2,4,Classics,7,0.99,26.99,Fred Wheat
5043,2005-07-09 03:25:18,2979,369,2005-07-13 00:57:18,2,652,1,4,Classics,3,0.99,14.99,Fred Wheat
8403,2005-07-29 06:26:39,1360,163,2005-08-02 05:37:39,1,300,2,2,Animation,5,4.99,21.99,Cathy Spencer
8063,2005-07-28 17:15:11,935,163,2005-08-04 16:45:11,1,207,1,9,Foreign,7,4.99,26.99,Cathy Spencer
2110,2005-06-17 19:45:49,3592,163,2005-06-26 18:59:49,2,785,2,16,Travel,6,4.99,20.99,Cathy Spencer
6109,2005-07-11 07:20:57,3603,163,2005-07-13 07:29:57,2,787,1,16,Travel,4,0.99,12.99,Cathy Spencer
3179,2005-06-20 22:37:59,2214,163,2005-06-26 22:26:59,2,479,1,8,Family,7,0.99,12.99,Cathy Spencer
1265,2005-06-15 07:00:50,982,163,2005-06-19 12:27:50,1,219,1,6,Documentary,6,4.99,20.99,Cathy Spencer
5549,2005-07-10 02:58:29,2685,163,2005-07-17 05:24:29,2,589,2,6,Documentary,3,0.99,20.99,Cathy Spencer
8040,2005-07-28 16:39:43,4543,163,2005-08-02 20:00:43,2,992,2,6,Documentary,5,0.99,17.99,Cathy Spencer
2000,2005-06-17 11:32:30,323,163,2005-06-22 13:37:30,1,72,1,6,Documentary,6,2.99,12.99,Cathy Spencer
2994,2005-06-20 09:17:05,1290,163,2005-06-29 04:41:05,1,285,1,14,Sci-Fi,3,0.99,18.99,Cathy Spencer
7403,2005-07-27 16:22:09,2551,163,2005-08-01 15:32:09,1,559,2,14,Sci-Fi,7,2.99,22.99,Cathy Spencer
5574,2005-07-10 03:54:38,2307,163,2005-07-19 07:20:38,2,501,2,1,Action,3,4.99,9.99,Cathy Spencer
6831,2005-07-12 18:44:04,924,163,2005-07-16 21:39:04,2,205,1,1,Action,3,0.99,22.99,Cathy Spencer
7303,2005-07-27 12:54:39,1398,163,2005-07-31 09:26:39,2,306,1,10,Games,3,0.99,12.99,Cathy Spencer
10245,2005-08-01 02:24:09,2880,163,2005-08-02 02:31:09,1,631,2,15,Sports,4,0.99,11.99,Cathy Spencer
3915,2005-07-06 20:16:46,125,163,2005-07-10 17:24:46,1,25,1,13,New,3,2.99,15.99,Cathy Spencer
2536,2005-06-19 01:41:34,4232,163,2005-06-27 03:11:34,1,920,1,13,New,3,0.99,16.99,Cathy Spencer
4126,2005-07-07 07:24:11,3018,163,2005-07-15 07:31:11,1,663,1,4,Classics,7,0.99,29.99,Cathy Spencer
9279,2005-07-30 15:15:21,1070,567,2005-08-07 18:46:21,1,239,1,2,Animation,5,4.99,16.99,Alfredo Mcadams
2689,2005-06-19 12:58:53,2478,567,2005-06-24 17:35:53,1,543,1,16,Travel,5,4.99,20.99,Alfredo Mcadams
3769,2005-07-06 13:11:33,467,567,2005-07-14 17:54:33,2,103,1,16,Travel,7,4.99,27.99,Alfredo Mcadams
3010,2005-06-20 10:29:59,1298,567,2005-06-27 06:52:59,1,286,2,16,Travel,7,2.99,16.99,Alfredo Mcadams
6358,2005-07-11 21:03:12,4527,567,2005-07-15 20:06:12,2,988,1,16,Travel,7,2.99,26.99,Alfredo Mcadams
9475,2005-07-30 23:06:33,2186,567,2005-08-04 23:23:33,1,472,2,16,Travel,3,4.99,24.99,Alfredo Mcadams
10708,2005-08-01 18:43:28,3978,567,2005-08-09 15:24:28,1,867,1,8,Family,5,4.99,10.99,Alfredo Mcadams
6551,2005-07-12 05:03:43,282,567,2005-07-13 10:44:43,1,63,2,8,Family,6,0.99,21.99,Alfredo Mcadams
7340,2005-07-27 14:18:10,1344,567,2005-07-30 09:57:10,1,296,1,14,Sci-Fi,5,2.99,23.99,Alfredo Mcadams
8201,2005-07-28 23:10:48,220,567,2005-08-01 00:50:48,2,49,2,14,Sci-Fi,6,2.99,22.99,Alfredo Mcadams
4576,2005-07-08 05:51:19,1920,567,2005-07-10 11:36:19,1,417,1,1,Action,5,0.99,29.99,Alfredo Mcadams
8629,2005-07-29 14:06:35,853,567,2005-08-03 16:59:35,2,187,2,15,Sports,5,2.99,12.99,Alfredo Mcadams
4949,2005-07-08 22:57:10,1184,567,2005-07-11 01:26:10,2,263,2,15,Sports,6,4.99,14.99,Alfredo Mcadams
4457,2005-07-07 23:45:38,407,567,2005-07-09 20:02:38,1,90,1,13,New,3,0.99,11.99,Alfredo Mcadams
1715,2005-06-16 14:37:12,1594,203,2005-06-20 19:36:12,1,349,2,2,Animation,4,2.99,27.99,Tara Ryan
10805,2005-08-01 22:23:37,557,203,2005-08-05 01:22:37,2,121,2,2,Animation,4,2.99,15.99,Tara Ryan
7787,2005-07-28 07:19:02,2191,203,2005-08-06 02:38:02,2,473,2,7,Drama,5,2.99,16.99,Tara Ryan
9015,2005-07-30 05:21:32,4128,203,2005-08-08 07:03:32,2,897,1,7,Drama,3,4.99,27.99,Tara Ryan
8463,2005-07-29 08:17:51,466,203,2005-08-03 13:41:51,1,103,1,16,Travel,7,4.99,27.99,Tara Ryan
8039,2005-07-28 16:35:16,1996,203,2005-07-30 14:49:16,1,434,2,16,Travel,3,0.99,25.99,Tara Ryan
10700,2005-08-01 18:26:31,4259,203,2005-08-07 19:51:31,2,926,2,6,Documentary,5,2.99,11.99,Tara Ryan
314,2005-05-26 23:09:41,2851,203,2005-05-28 22:49:41,2,625,1,14,Sci-Fi,3,0.99,18.99,Tara Ryan
2939,2005-06-20 05:18:16,2638,203,2005-06-26 06:56:16,1,579,1,1,Action,3,4.99,22.99,Tara Ryan
5579,2005-07-10 04:04:29,945,203,2005-07-14 04:31:29,1,210,2,1,Action,3,4.99,13.99,Tara Ryan
8792,2005-07-29 20:56:14,3764,203,2005-08-07 16:44:14,2,823,2,1,Action,4,2.99,21.99,Tara Ryan
4136,2005-07-07 08:15:52,3461,203,2005-07-10 04:22:52,2,759,2,13,New,4,2.99,29.99,Tara Ryan
3406,2005-06-21 16:00:18,2049,203,2005-06-23 18:25:18,1,445,1,4,Classics,5,2.99,11.99,Tara Ryan
1217,2005-06-15 03:24:14,600,203,2005-06-18 22:37:14,2,131,1,4,Classics,5,4.99,12.99,Tara Ryan
2393,2005-06-18 15:37:55,3143,21,2005-06-25 17:11:55,1,690,1,2,Animation,7,2.99,25.99,Michelle Clark
6943,2005-07-26 23:28:13,2436,21,2005-07-30 02:22:13,2,531,2,9,Foreign,3,0.99,18.99,Michelle Clark
7994,2005-07-28 14:56:54,2431,21,2005-07-30 09:56:54,2,531,1,9,Foreign,3,0.99,18.99,Michelle Clark
3212,2005-06-21 01:04:35,4178,21,2005-06-30 00:10:35,2,908,2,9,Foreign,3,4.99,11.99,Michelle Clark
2268,2005-06-18 06:13:41,4380,21,2005-06-22 08:53:41,2,957,1,9,Foreign,7,4.99,26.99,Michelle Clark
8862,2005-07-29 23:49:23,916,21,2005-08-04 20:11:23,1,204,1,7,Drama,4,0.99,25.99,Michelle Clark
463,2005-05-27 20:11:47,826,21,2005-06-04 21:18:47,1,181,1,16,Travel,7,2.99,10.99,Michelle Clark
2830,2005-06-19 21:14:33,2080,21,2005-06-21 17:46:33,1,451,1,16,Travel,7,4.99,12.99,Michelle Clark
8196,2005-07-28 22:56:11,3435,21,2005-08-06 04:53:11,1,753,2,8,Family,3,0.99,20.99,Michelle Clark
10570,2005-08-01 13:23:06,369,21,2005-08-05 15:30:06,2,81,1,14,Sci-Fi,6,4.99,29.99,Michelle Clark
5107,2005-07-09 06:42:32,1697,21,2005-07-10 08:21:32,2,369,2,14,Sci-Fi,4,4.99,22.99,Michelle Clark
9699,2005-07-31 07:29:25,199,21,2005-08-06 01:35:25,1,44,2,14,Sci-Fi,5,4.99,21.99,Michelle Clark
5772,2005-07-10 13:27:40,3635,21,2005-07-17 08:24:40,1,793,1,1,Action,6,2.99,14.99,Michelle Clark
10734,2005-08-01 19:28:47,1130,21,2005-08-03 00:41:47,2,250,2,1,Action,4,0.99,26.99,Michelle Clark
5961,2005-07-10 23:43:23,3537,21,2005-07-15 05:21:23,2,773,2,15,Sports,6,2.99,28.99,Michelle Clark
9149,2005-07-30 10:45:12,2632,21,2005-08-01 09:40:12,1,577,1,15,Sports,4,0.99,10.99,Michelle Clark
260,2005-05-26 15:42:20,435,21,2005-05-31 13:21:20,2,96,1,13,New,4,2.99,21.99,Michelle Clark
2235,2005-06-18 04:08:50,3463,21,2005-06-27 07:58:50,1,759,2,13,New,4,2.99,29.99,Michelle Clark
11072,2005-08-02 07:10:57,3078,21,2005-08-04 07:42:57,1,677,1,13,New,6,0.99,25.99,Michelle Clark
570,2005-05-28 10:15:04,1122,21,2005-05-30 08:32:04,1,249,1,4,Classics,7,0.99,26.99,Michelle Clark
8801,2005-07-29 21:25:22,1111,590,2005-08-01 00:02:22,1,246,2,9,Foreign,5,4.99,16.99,Seth Hannon
7010,2005-07-27 01:56:01,3016,590,2005-07-30 04:40:01,1,662,2,7,Drama,3,4.99,9.99,Seth Hannon
6492,2005-07-12 02:28:40,466,590,2005-07-17 05:58:40,2,103,1,16,Travel,7,4.99,27.99,Seth Hannon
9126,2005-07-30 09:44:15,4495,590,2005-08-02 11:02:15,2,981,2,16,Travel,7,0.99,13.99,Seth Hannon
2775,2005-06-19 18:14:20,672,590,2005-06-26 19:52:20,1,147,1,8,Family,5,0.99,16.99,Seth Hannon
5165,2005-07-09 09:08:53,280,590,2005-07-14 06:01:53,1,63,1,8,Family,6,0.99,21.99,Seth Hannon
5991,2005-07-11 01:03:38,3623,590,2005-07-12 22:32:38,2,791,1,6,Documentary,3,4.99,24.99,Seth Hannon
7665,2005-07-28 02:28:30,1455,590,2005-07-31 20:42:30,1,319,2,14,Sci-Fi,4,2.99,22.99,Seth Hannon
1456,2005-06-15 20:00:11,632,590,2005-06-23 18:03:11,2,137,2,14,Sci-Fi,3,2.99,21.99,Seth Hannon
4722,2005-07-08 12:42:27,3738,590,2005-07-09 09:14:27,2,817,1,14,Sci-Fi,7,4.99,27.99,Seth Hannon
602,2005-05-28 14:15:54,1300,590,2005-06-05 15:16:54,2,287,1,1,Action,5,0.99,19.99,Seth Hannon
8195,2005-07-28 22:52:58,3989,590,2005-08-04 02:12:58,1,869,2,1,Action,4,2.99,22.99,Seth Hannon
4710,2005-07-08 12:04:53,248,590,2005-07-13 11:28:53,2,56,1,1,Action,6,2.99,15.99,Seth Hannon
6232,2005-07-11 14:08:27,2492,590,2005-07-20 19:34:27,2,546,2,10,Games,7,2.99,27.99,Seth Hannon
10657,2005-08-01 16:38:44,3075,590,2005-08-06 16:05:44,2,676,2,15,Sports,7,4.99,16.99,Seth Hannon
9884,2005-07-31 13:56:24,511,590,2005-08-01 16:59:24,1,113,2,15,Sports,4,4.99,19.99,Seth Hannon
5529,2005-07-10 02:11:13,1652,590,2005-07-15 06:56:13,2,361,1,15,Sports,5,2.99,25.99,Seth Hannon
2916,2005-06-20 04:01:04,3086,590,2005-06-27 22:40:04,2,678,1,15,Sports,3,2.99,23.99,Seth Hannon
2352,2005-06-18 12:40:15,2141,590,2005-06-22 07:07:15,2,463,1,15,Sports,4,2.99,21.99,Seth Hannon
2964,2005-06-20 07:33:29,1201,590,2005-06-29 12:48:29,1,267,1,13,New,4,4.99,14.99,Seth Hannon
4685,2005-07-08 10:45:13,602,590,2005-07-12 08:29:13,1,131,1,4,Classics,5,4.99,12.99,Seth Hannon
3910,2005-07-06 20:05:18,2085,248,2005-07-10 18:51:18,1,452,2,9,Foreign,4,0.99,15.99,Caroline Bowman
4541,2005-07-08 04:04:19,1976,248,2005-07-13 07:27:19,2,431,2,9,Foreign,3,2.99,12.99,Caroline Bowman
7778,2005-07-28 07:10:11,1044,248,2005-08-05 05:09:11,1,233,1,16,Travel,3,0.99,17.99,Caroline Bowman
6617,2005-07-12 08:39:56,2292,248,2005-07-14 09:32:56,2,498,1,8,Family,7,2.99,11.99,Caroline Bowman
330,2005-05-27 02:15:30,1536,248,2005-06-04 05:09:30,2,336,1,6,Documentary,5,4.99,22.99,Caroline Bowman
4841,2005-07-08 18:18:23,518,248,2005-07-11 16:51:23,2,114,2,14,Sci-Fi,3,0.99,26.99,Caroline Bowman
2371,2005-06-18 14:35:29,178,248,2005-06-22 09:38:29,2,39,2,14,Sci-Fi,5,0.99,10.99,Caroline Bowman
10418,2005-08-01 08:11:07,1692,248,2005-08-04 11:12:07,2,369,1,14,Sci-Fi,4,4.99,22.99,Caroline Bowman
618,2005-05-28 15:50:07,4445,248,2005-06-01 19:45:07,1,972,1,14,Sci-Fi,4,4.99,24.99,Caroline Bowman
5370,2005-07-09 18:43:19,2193,248,2005-07-15 19:59:19,1,474,2,15,Sports,6,2.99,21.99,Caroline Bowman
2066,2005-06-17 16:07:08,2561,248,2005-06-24 15:20:08,2,561,1,13,New,6,2.99,26.99,Caroline Bowman
